DT    0.00005  0.04724  0.03150 0
EL    0.00005  0.00000  0.00000 0
DT    0.01905  0.04724  0.03150 0
DT    0.03879  0.04724  0.03150 0
DT    0.06069  0.05512  0.04724 0
DT    0.08031  0.09449  0.07087 0
DT    0.10102  0.18898  0.14961 0
DT    0.12042  0.26772  0.20472 0
DT    0.13993  0.40945  0.25197 0
DT    0.16027  0.47244  0.31496 0
DT    0.18016  0.57480  0.41732 0
DT    0.20102  0.62205  0.51181 0
DT    0.22031  0.63780  0.54331 0
DT    0.23886  0.63780  0.54331 0
DT    0.26083  0.64567  0.56693 0
DT    0.27965  0.64567  0.58268 0
DT    0.29966  0.64567  0.59055 0
DT    0.32053  0.64567  0.59843 0
DT    0.33964  0.64567  0.61417 0
DT    0.35975  0.64567  0.64567 0
DT    0.37956  0.64567  0.66929 0
DT    0.39949  0.64567  0.68504 0
DT    0.41931  0.64567  0.68504 0
DT    0.43965  0.64567  0.69291 0
DT    0.45922  0.64567  0.69291 0
DT    0.48032  0.64567  0.70079 0
DT    0.49952  0.64567  0.70079 0
DT    0.52014  0.64567  0.70079 0
DT    0.53923  0.64567  0.70079 0
DT    0.55946  0.64567  0.70079 0
DT    0.57914  0.64567  0.70079 0
DT    0.59899  0.64567  0.70079 0
DT    0.61890  0.64567  0.70079 0
DT    0.63908  0.64567  0.70079 0
DT    0.65912  0.64567  0.70079 0
DT    0.67897  0.64567  0.70079 0
DT    0.69912  0.64567  0.70079 0
DT    0.71885  0.64567  0.70079 0
DT    0.73942  0.64567  0.70079 0
DT    0.75985  0.64567  0.69291 0
DT    0.77931  0.64567  0.69291 0
DT    0.79992  0.65354  0.69291 0
DT    0.81962  0.66142  0.69291 0
DT    0.83891  0.66142  0.69291 0
DT    0.85955  0.66929  0.69291 0
DT    0.87903  0.66929  0.69291 0
DT    0.89910  0.66929  0.69291 0
DT    0.91875  0.66929  0.69291 0
DT    0.93877  0.66929  0.69291 0
DT    0.95919  0.66929  0.69291 0
DT    0.98008  0.67717  0.69291 0
DT    0.99942  0.67717  0.69291 0
DT    1.01988  0.68504  0.69291 0
DT    1.04179  0.68504  0.69291 0
DT    1.05961  0.68504  0.68504 0
DT    1.07963  0.69291  0.68504 0
DT    1.09878  0.69291  0.68504 0
DT    1.11963  0.69291  0.67717 0
DT    1.13999  0.70079  0.67717 0
DT    1.16064  0.70866  0.67717 0
DT    1.17919  0.70866  0.67717 0
DT    1.20032  0.71654  0.67717 0
DT    1.21977  0.71654  0.67717 0
DT    1.23966  0.71654  0.67717 0
DT    1.26000  0.00000  0.00000 0
DT    1.28000  0.00000  0.00000 0
EL    1.30000  0.00000  0.00000 1
XX 9999.00000 999.00000 999.00000 0
