0000    0.00006  0.00005  0.04724  0.03150 189.28140 -213.48154  0.00000  0.00000
0001    0.01983  0.01976  0.04724  0.03150 189.28140 -213.48154  0.00000  0.00000
0002    0.04092  0.02108  0.04724  0.03937 189.28140 -213.48154  0.00000  0.00000
0003    0.06013  0.01920  0.04724  0.03937 189.28140 -213.48154  0.00000  0.00000
0004    0.07996  0.01982  0.04724  0.03937 189.28140 -213.48154  0.00000  0.00000
0005    0.10007  0.02010  0.04724  0.03937 189.28140 -213.48154  0.00000  0.00000
0006    0.11987  0.01978  0.04724  0.03937 189.28140 -213.48154  0.00000  0.00000
0007    0.14019  0.02031  0.04724  0.03937 189.28140 -213.48154  0.00000  0.00000
0008    0.16042  0.02022  0.04724  0.03937 189.28140 -213.48154  0.00000  0.00000
0009    0.18045  0.02002  0.04724  0.03937 189.28140 -213.48154  0.00000  0.00000
0010    0.20267  0.02221  0.04724  0.03937 189.28140 -213.48154  0.00000  0.00000
0011    0.22000  0.01732  0.04724  0.03937 189.28140 -213.48154  0.00000  0.00000
0012    0.24023  0.02023  0.04724  0.03937 189.28140 -213.48154  0.00000  0.00000
0013    0.26202  0.02177  0.04724  0.03937 189.28140 -213.48154  0.00000  0.00000
0014    0.27987  0.01784  0.04724  0.03937 189.28140 -213.48154  0.00000  0.00000
0015    0.29999  0.02011  0.04724  0.03937 189.28140 -213.48154  0.00000  0.00000
0016    0.32191  0.02191  0.05512  0.05512 189.28140 -213.48154  0.00000  0.00000
0017    0.34190  0.01997  0.07874  0.07087 189.28140 -213.48154  0.00000  0.00000
0018    0.36266  0.02076  0.14961  0.11811 189.28140 -213.48154  0.00000  0.00000
0019    0.38242  0.01974  0.24409  0.18110 189.28140 -213.48154  0.00000  0.00000
0020    0.40222  0.01979  0.31496  0.22047 189.23231 -213.48154  0.00000  0.00000
0021    0.42273  0.02050  0.42520  0.29134 189.13414 -213.43245 -4.03189  0.00000
0022    0.44133  0.01858  0.48031  0.33858 189.03596 -213.38336 -4.73132  2.46191
0023    0.46137  0.02003  0.55906  0.41732 188.88870 -213.28519 -5.72588  3.72167
0024    0.48122  0.01984  0.56693  0.48031 188.69235 -213.08884 -7.31936  5.19911
0025    0.50077  0.01954  0.56693  0.50394 188.39782 -212.89249 -11.82027  7.67121
0026    0.52074  0.01996  0.56693  0.52756 188.05421 -212.59796 -15.88996 12.31173
0027    0.54129  0.02054  0.56693  0.53543 187.66151 -212.30344 -18.57581 14.96666
0028    0.56081  0.01950  0.56693  0.55118 187.26881 -211.91074 -20.68597 18.10675
0029    0.58223  0.02141  0.57480  0.56693 186.72885 -211.46895 -23.73200 21.36380
0030    0.60106  0.01883  0.57480  0.59843 186.28706 -210.97808 -25.59607 23.98086
0031    0.62098  0.01990  0.57480  0.61417 185.69801 -210.48720 -27.95631 26.76395
0032    0.64170  0.02071  0.58268  0.62992 185.10896 -209.84906 -29.85404 29.67985
0033    0.66116  0.01945  0.59055  0.63780 184.47083 -209.21093 -32.90786 32.66664
0034    0.68106  0.01988  0.59055  0.64567 183.78360 -208.52370 -34.66068 34.66742
0035    0.70093  0.01986  0.59055  0.65354 182.99820 -207.78739 -38.54959 38.21645
0036    0.72069  0.01975  0.59055  0.66142 182.26189 -207.00199 -39.55511 40.13499
0037    0.74017  0.01948  0.59055  0.66142 181.42740 -206.16750 -41.42842 43.58916
0038    0.76160  0.02142  0.59055  0.66142 180.49474 -205.13666 -43.03637 47.49430
0039    0.78099  0.01938  0.59055  0.67717 179.66025 -204.20400 -45.39423 48.42720
0040    0.80125  0.02024  0.59055  0.68504 178.67850 -203.22225 -48.07622 50.59758
0041    0.82057  0.01919  0.59055  0.68504 177.74584 -202.19141 -47.96558 53.03689
0042    0.84054  0.01996  0.59055  0.68504 176.76409 -201.11149 -50.87315 53.31425
0043    0.86031  0.01976  0.59055  0.68504 175.73325 -200.03156 -52.52500 56.02796
0044    0.88017  0.01985  0.59055  0.68504 174.65333 -198.90255 -53.86388 56.13208
0045    0.90073  0.02054  0.59055  0.68504 173.52431 -197.72445 -56.03788 58.05462
0046    0.92083  0.02009  0.59843  0.68504 172.34621 -196.54635 -57.45831 60.46264
0047    0.94041  0.01957  0.60630  0.68504 171.21720 -195.27008 -57.93744 63.86197
0048    0.95997  0.01954  0.60630  0.68504 170.08819 -194.04289 -59.81320 63.97182
0049    0.98095  0.02098  0.61417  0.68504 168.81191 -192.61935 -61.26900 67.46356
0050    1.00076  0.01980  0.61417  0.68504 167.58473 -191.29399 -60.68164 65.49934
0051    1.02153  0.02075  0.62205  0.68504 166.30845 -189.91954 -63.09488 66.46559
0052    1.04138  0.01984  0.62992  0.68504 165.03218 -188.54509 -64.84264 67.32985
0053    1.06145  0.02006  0.63780  0.68504 163.65773 -187.17064 -67.28417 69.40272
0054    1.08113  0.01966  0.64567  0.68504 162.33236 -185.79619 -68.47906 70.25346
0055    1.10011  0.01897  0.64567  0.68504 161.05609 -184.47083 -68.90344 71.58691
0056    1.12060  0.02048  0.65354  0.68504 159.58346 -182.94911 -71.08928 72.49507
0057    1.14059  0.01998  0.66929  0.68504 158.15993 -181.52558 -71.71922 74.15814
0058    1.16087  0.02028  0.68504  0.68504 156.68730 -179.95477 -73.03003 76.35918
0059    1.18003  0.01915  0.68504  0.68504 155.26376 -178.48215 -75.17631 76.80362
0060    1.20049  0.02045  0.69291  0.68504 153.69296 -176.91135 -78.25203 77.01510
0061    1.22066  0.02016  0.69291  0.68504 152.12216 -175.38964 -78.14614 76.50378
0062    1.24005  0.01938  0.69291  0.68504 150.55136 -173.81884 -80.66769 79.66099
0063    1.25991  0.01984  0.69291  0.68504 148.98056 -172.24804 -80.73071 80.16183
0064    1.28007  0.02015  0.69291  0.68504 147.31159 -170.62815 -82.63889 81.66822
0065    1.29999  0.01991  0.69291  0.68504 145.69170 -169.00826 -82.44527 80.02918
0066    1.32030  0.02031  0.69291  0.68504 144.02273 -167.33929 -83.30434 82.13282
0067    1.34032  0.02001  0.69291  0.68504 142.35375 -165.62123 -82.74755 84.79590
0068    1.36002  0.01969  0.69291  0.68504 140.68478 -164.00134 -85.02650 83.83860
0069    1.38022  0.02019  0.69291  0.68504 138.91763 -162.23419 -86.73086 86.51990
0070    1.40240  0.02217  0.69291  0.68504 137.00321 -160.31978 -87.00141 87.79892
0071    1.42052  0.01811  0.69291  0.68504 135.43241 -158.74898 -89.41583 87.68052
0072    1.44092  0.02038  0.70079  0.68504 133.61618 -156.93274 -88.43479 89.05893
0073    1.46092  0.01999  0.70866  0.68504 131.79994 -155.16559 -90.58824 88.36872
0074    1.48115  0.02022  0.71654  0.68504 129.98370 -153.39844 -90.28749 88.95725
0075    1.50057  0.01941  0.72441  0.68504 128.21655 -151.63129 -90.42636 88.90972
0076    1.52055  0.01997  0.73228  0.68504 126.40031 -149.86414 -92.19176 90.44469
0077    1.54055  0.01999  0.74016  0.68504 124.53499 -148.04790 -92.06121 89.85941
0078    1.55982  0.01926  0.74016  0.68504 122.76784 -146.32984 -94.81293 88.92985
0079    1.58019  0.02036  0.74016  0.68504 120.85343 -144.46451 -93.88448 91.16699
0080    1.59995  0.01975  0.74016  0.68504 118.93901 -142.64827 -94.96518 93.62394
0081    1.62173  0.02176  0.74803  0.67717 116.87734 -140.58660 -94.48989 95.13450
0082    1.64072  0.01898  0.74803  0.67717 115.06110 -138.81945 -97.88331 94.07701
0083    1.66109  0.02036  0.74803  0.68504 112.99943 -136.85595 -101.24578 95.39797
0084    1.68084  0.01973  0.74803  0.68504 111.03592 -134.99063 -99.00166 94.64293
0085    1.70152  0.02067  0.75591  0.67717 108.97425 -133.02712 -100.15098 94.97712
0086    1.71988  0.01835  0.75591  0.67717 107.10893 -131.25998 -100.57677 95.82256
0087    1.74083  0.02094  0.76378  0.67717 105.04725 -129.24739 -98.74178 95.77768
0088    1.75982  0.01897  0.76378  0.67717 103.13284 -127.43115 -99.03462 95.91711
0089    1.78112  0.02129  0.77165  0.66142 101.02208 -125.41856 -100.23278 94.41810
0090    1.80145  0.02031  0.77953  0.65354 98.96040 -123.45506 -100.88373 95.62190
0091    1.81990  0.01845  0.77953  0.65354 97.04599 -121.68791 -104.29725 95.62096
0092    1.84133  0.02141  0.78740  0.61417 94.83705 -119.62624 -105.31312 98.06713
0093    1.86133  0.01999  0.79528  0.59055 92.72629 -117.66274 -106.26495 100.48515
0094    1.88135  0.02001  0.80315  0.51969 90.56644 -115.69924 -105.69749 100.33214
0095    1.90194  0.02058  0.81890  0.46457 88.35750 -113.68665 -109.91379 95.80759
0096    1.92100  0.01905  0.85039  0.40945 86.29583 -111.82133 -108.02588 96.13031
0097    1.94094  0.01993  0.91339  0.35433 84.08689 -109.90691 -111.19354 96.74511
0098    1.96106  0.02011  0.93701  0.33071 81.82886 -108.04159 -112.86169 88.77867
0099    1.98107  0.02001  0.96063  0.29134 79.61993 -106.27444 -110.67209 85.36808
0100    2.00084  0.01975  0.96063  0.24409 77.41099 -104.55638 -113.35689 84.25809
0101    2.02103  0.02019  0.96850  0.16535 75.10388 -102.93649 -114.79502 79.68427
0102    2.04117  0.02013  0.96063  0.08661 72.79676 -101.36569 -115.40360 76.51272
0103    2.06143  0.02025  0.96063  0.01575 70.44056 -99.84398 -116.05707 75.15099
0104    2.08144  0.01999  0.96850  0.02362 68.08436 -98.32226 -116.83884 79.36861
0105    2.10185  0.02040  0.96063  0.00787 65.72816 -96.60420 -118.26176 85.15040
0106    2.12045  0.01859  0.96063 -0.04688 63.37196 -95.03340 -127.17134 82.67508
0107    2.14058  0.02012  0.96063 -0.10156 60.86850 -93.46260 -123.78485 79.35449
0108    2.16176  0.02117  0.93701 -0.13281 58.21777 -92.23541 -123.02323 60.98887
0109    2.18109  0.01932  0.86614 -0.19531 55.86158 -91.10640 -121.06918 55.07312
0110    2.20090  0.01980  0.79528 -0.24219 53.50538 -90.17374 -116.72631 44.11705
0111    2.22154  0.02063  0.76378 -0.25000 51.14918 -89.43743 -114.90789 34.07021
0112    2.24150  0.01995  0.70079 -0.28906 48.84206 -88.75020 -113.98600 37.49484
0113    2.26138  0.01978  0.62205 -0.30469 46.58404 -87.76845 -111.03132 47.24199
0114    2.28161  0.02022  0.58268 -0.31250 44.42419 -87.13031 -106.72588 32.66435
0115    2.30117  0.01955  0.46457 -0.32813 42.36251 -86.54126 -103.27688 29.82085
0116    2.32176  0.02058  0.37008 -0.35156 40.30084 -86.00130 -100.63141 26.09219
0117    2.34173  0.01996  0.32283 -0.36719 38.33734 -85.51043 -96.80139 25.56288
0118    2.36143  0.01968  0.22835 -0.37500 36.42293 -85.11773 -94.47353 22.17597
0119    2.38084  0.01940  0.16535 -0.37500 34.65578 -85.01955 -88.49697 17.84873
0120    2.40079  0.01994  0.06299 -0.37500 33.03589 -84.97046 -82.13282 10.17037
0121    2.42179  0.02099  0.05512 -0.36719 31.36691 -85.16681 -78.28760  2.69625
0122    2.44137  0.01957  0.05512 -0.35938 29.94338 -85.41225 -68.90102 -3.90349
0123    2.46158  0.02020  0.02362 -0.34375 28.61801 -85.51043 -63.14886 -8.38629
0124    2.48248  0.02089 -0.01563 -0.31250 27.34174 -85.55951 -62.91374 -7.47084
0125    2.50130  0.01880 -0.11719 -0.30469 26.11455 -85.75586 -66.08263 -6.73850
0126    2.52152  0.02021 -0.16406 -0.28906 24.78919 -86.00130 -64.57480 -7.04752
0127    2.54083  0.01931 -0.21094 -0.28906 23.90561 -86.34491 -40.17408 -15.42201
0128    2.56030  0.01945 -0.24219 -0.28906 23.07113 -86.68853 -44.36667 -18.58080
0129    2.58033  0.02003 -0.26563 -0.28906 22.23664 -87.13031 -39.45544 -19.73414
0130    2.60048  0.02013 -0.27344 -0.28906 21.64759 -87.52301 -28.69507 -20.94275
0131    2.62120  0.02071 -0.28906 -0.29688 21.15671 -88.01389 -24.28956 -22.20446
0132    2.64087  0.01963 -0.30469 -0.29688 20.76401 -88.40659 -20.22209 -21.90301
0133    2.66050  0.01962 -0.32031 -0.29688 20.46949 -88.84838 -16.37716 -21.64447
0134    2.68091  0.02040 -0.32813 -0.30469 20.27314 -89.29016 -12.27877 -21.26035
0135    2.70138  0.02046 -0.33594 -0.30469 20.17496 -89.73195 -8.87921 -21.30589
0136    2.72087  0.01948 -0.33594 -0.31250 20.17496 -90.12465 -8.87921 -20.96793
0137    2.74130  0.02041 -0.35156 -0.31250 20.17496 -90.51735 -8.87921 -19.81592
0138    2.76044  0.01913 -0.36719 -0.31250 20.32223 -90.86096 -2.73972 -18.91196
0139    2.78079  0.02034 -0.38281 -0.31250 20.46949 -91.25366  0.00000 -17.76582
0140    2.80167  0.02086 -0.40625 -0.29688 20.71493 -91.59728  4.98030 -17.42344
0141    2.82107  0.01940 -0.42969 -0.28125 21.00945 -91.94089 12.79862 -17.85653
0142    2.84119  0.02011 -0.46875 -0.25781 21.30398 -92.33359 15.31343 -18.30210
0143    2.86129  0.02009 -0.48438 -0.24219 21.69668 -92.72629 18.10031 -18.92359
0144    2.88051  0.01922 -0.51563 -0.24219 22.13846 -93.06990 21.36482 -19.60113
0145    2.89982  0.01930 -0.51563 -0.24219 22.62934 -93.51169 25.79094 -20.95182
0146    2.92007  0.02019 -0.51563 -0.24219 23.21839 -93.95348 29.50626 -22.63187
0147    2.94066  0.02058 -0.51563 -0.24219 23.90561 -94.49344 34.16625 -24.93732
0148    2.96090  0.02023 -0.50781 -0.24219 24.64193 -94.98431 36.14704 -25.37005
0149    2.98176  0.02085 -0.48438 -0.25000 25.37824 -95.52428 37.60068 -25.59066
0150    3.00125  0.01948 -0.42969 -0.26563 26.16364 -96.01515 37.96316 -25.92777
0151    3.02124  0.01998 -0.40625 -0.27344 26.89995 -96.55511 37.14993 -26.91496
0152    3.04099  0.01972 -0.35156 -0.29688 27.58718 -97.09508 35.68417 -27.63453
0153    3.06128  0.02028 -0.32813 -0.30469 28.27440 -97.68413 33.93442 -27.92053
0154    3.08143  0.02013 -0.28906 -0.34375 28.96162 -98.27318 33.23977 -29.19034
0155    3.10155  0.02012 -0.26563 -0.35938 29.64885 -98.86223 33.41377 -30.04379
0156    3.12184  0.02028 -0.24219 -0.38281 30.28699 -99.50036 33.36880 -31.89903
0157    3.14158  0.01974 -0.22656 -0.39844 30.97421 -100.13850 32.97517 -33.06279
0158    3.16201  0.02041 -0.20313 -0.40625 31.66144 -100.87481 33.59339 -35.00924
0159    3.18218  0.02016 -0.19531 -0.41406 32.34866 -101.61113 34.12326 -37.81182
0160    3.20212  0.01993 -0.14844 -0.42188 33.03589 -102.39653 34.70038 -39.94946
0161    3.22168  0.01955 -0.08594 -0.42969 33.72311 -103.23101 35.06513 -40.81815
0162    3.24096  0.01927 -0.04688 -0.43750 34.36125 -104.01641 34.25530 -41.60046
0163    3.26059  0.01963  0.02362 -0.43750 34.99939 -104.85090 32.62658 -42.71487
0164    3.28007  0.01946  0.02362 -0.43750 35.53935 -105.68539 28.59502 -43.26643
0165    3.30110  0.02102  0.03150 -0.44531 36.17749 -106.61805 29.78077 -44.23234
0166    3.32091  0.01980  0.03150 -0.44531 36.81563 -107.50163 31.63904 -44.07447
0167    3.34007  0.01915  0.03150 -0.44531 37.40468 -108.33611 30.33557 -43.58994
0168    3.36003  0.01995  0.03150 -0.44531 37.99373 -109.21969 29.48730 -44.62074
0169    3.38072  0.02068  0.03937 -0.44531 38.63186 -110.15235 30.06698 -45.07224
0170    3.40111  0.02038  0.03937 -0.43750 39.22091 -111.08501 30.05216 -45.21526
0171    3.42301  0.02189  0.03937 -0.43750 39.90814 -112.06676 30.10598 -46.10584
0172    3.44212  0.01909  0.02362 -0.41406 40.44810 -112.95034 30.69686 -45.86438
0173    3.46209  0.01996  0.01575 -0.39063 41.08624 -113.88300 30.86235 -46.44919
0174    3.48110  0.01900  0.00000 -0.38281 41.67529 -114.76658 30.80019 -45.35585
0175    3.50132  0.02020 -0.05469 -0.35938 42.31343 -115.65015 30.67844 -45.73235
0176    3.52102  0.01969 -0.08594 -0.34375 42.90248 -116.53373 30.41216 -44.97231
0177    3.54208  0.02105 -0.15625 -0.32031 43.54061 -117.46639 29.64678 -43.85710
0178    3.56123  0.01914 -0.19531 -0.31250 44.08057 -118.30088 29.52587 -42.38862
0179    3.58064  0.01940 -0.21875 -0.31250 44.62054 -119.08628 28.61919 -37.95186
0180    3.60069  0.02003 -0.22656 -0.31250 44.96415 -119.47897 21.30932 -21.66975
0181    3.62099  0.02029 -0.24219 -0.31250 45.06233 -119.47897 15.73254 -17.54381
0182    3.64145  0.02045 -0.25781 -0.32031 44.96415 -119.33171  6.89099 -3.72562
0183    3.66074  0.01928 -0.26563 -0.32031 44.86598 -119.18445  2.77452  1.46312
0184    3.68089  0.02013 -0.27344 -0.32031 44.76780 -119.13536  0.00000  2.62809
0185    3.70048  0.01958 -0.27344 -0.31250 44.76780 -119.13536  0.00000  2.62809
0186    3.72053  0.02004 -0.25781 -0.31250 44.86598 -119.18445  0.00000  2.62809
0187    3.74136  0.02083 -0.24219 -0.30469 45.06233 -119.33171  0.00000  1.50356
0188    3.76145  0.02008 -0.18750 -0.28125 45.11141 -119.42989  0.89081  0.00000
0189    3.78108  0.01962 -0.13281 -0.25781 45.11141 -119.47897  0.89081 -0.72294
0190    3.80129  0.02020 -0.00781 -0.19531 45.06233 -119.42989  0.89081 -0.72294
0191    3.82182  0.02052  0.05512 -0.10938 45.06233 -119.42989  0.89081 -0.72294
0192    3.84174  0.01990  0.03937  0.03937 44.96415 -119.38080  0.52488 -0.50760
0193    3.86232  0.02057  0.04724  0.05512 44.96415 -119.33171  0.52488 -0.48967
0194    3.88107  0.01875  0.04724  0.06299 44.91506 -119.28263  0.48017 -0.47179
0195    3.90137  0.02028  0.04724  0.07087 44.86598 -119.23354  0.45813 -0.44747
0196    3.92139  0.02001  0.04724  0.15748 44.81689 -119.18445  0.00000  0.00000
0197    3.94084  0.01944  0.04724  0.23622 44.76780 -119.08628 -0.47496  0.97814
0198    3.96187  0.02102  0.04724  0.23622 44.76780 -119.03719 -0.47496  1.38588
0199    3.98087  0.01899  0.04724  0.62992 44.71871 -118.88992 -0.80343  3.60146
0200    4.00120  0.02032  0.05512  0.73228 44.71871 -118.74266 -0.80343  4.50744
0201    4.02133  0.02012  0.04724  0.77953 44.66962 -118.44814 -1.07794  9.70113
0202    4.04035  0.01900  0.04724  0.79528 44.62054 -118.20270 -1.36150 13.36948
0203    4.06070  0.02034  0.04724  0.79528 44.52236 -117.85909 -2.18938 15.97937
0204    4.08049  0.01978  0.04724  0.79528 44.42419 -117.41730 -2.37626 20.44912
0205    4.10095  0.02045  0.05512  0.79528 44.27693 -116.92643 -2.92339 23.37817
0206    4.12140  0.02044  0.04724  0.80315 44.12966 -116.38646 -5.39811 26.24130
0207    4.14108  0.01967  0.05512  0.80315 43.93331 -115.84650 -7.66311 28.70857
0208    4.16101  0.01992  0.04724  0.81102 43.73696 -115.20836 -9.59540 31.74082
0209    4.18104  0.02002  0.05512  0.81890 43.44244 -114.57023 -12.06474 33.12549
0210    4.19992  0.01887  0.05512  0.81890 43.19700 -113.88300 -13.59736 35.06776
0211    4.22056  0.02063  0.03150  0.81890 42.85339 -113.14669 -15.41642 37.57377
0212    4.24078  0.02020  0.03937  0.81890 42.50978 -112.31220 -16.64669 40.42219
0213    4.26053  0.01974  0.02362  0.81890 42.16616 -111.52680 -17.99395 41.24376
0214    4.28048  0.01994  0.00000  0.81890 41.77346 -110.64323 -18.66679 42.91597
0215    4.30067  0.02019 -0.05469  0.81890 41.38076 -109.75965 -19.84311 44.17840
0216    4.32039  0.01971 -0.07031  0.81890 40.98806 -108.82699 -20.30952 47.06737
0217    4.34117  0.02076 -0.09375  0.81890 40.59536 -107.84524 -18.88311 48.01485
0218    4.36108  0.01990 -0.11719  0.81890 40.20266 -106.86349 -18.42140 49.71415
0219    4.38083  0.01973 -0.14063  0.81890 39.85905 -105.83265 -18.40800 51.93648
0220    4.40094  0.02010 -0.14844  0.81890 39.51544 -104.75273 -17.91874 57.80543
0221    4.42054  0.01960 -0.17969  0.81890 39.17183 -103.62371 -16.86236 57.76597
0222    4.44061  0.02005 -0.19531  0.81890 38.87730 -102.44561 -15.98736 56.80240
0223    4.46134  0.02072 -0.21875  0.81890 38.58278 -101.31660 -15.01431 56.48799
0224    4.48113  0.01978 -0.23438  0.81890 38.28825 -100.18759 -14.41111 56.49092
0225    4.50081  0.01967 -0.24219  0.81890 38.04281 -99.05858 -13.58611 56.76857
0226    4.52058  0.01976 -0.26563  0.81890 37.79738 -97.92956 -12.39693 57.13662
0227    4.54109  0.02049 -0.28125  0.81890 37.60103 -96.80055 -11.29649 55.51566
0228    4.56100  0.01990 -0.31250  0.81890 37.45376 -95.67154 -9.90137 57.29066
0229    4.58112  0.02011 -0.33594  0.81890 37.30650 -94.49344 -8.42108 57.06290
0230    4.60133  0.02019 -0.35156  0.81890 37.25741 -93.36443 -7.40905 57.62357
0231    4.62139  0.02006 -0.36719  0.82677 37.20833 -92.18633 -6.42850 58.01962
0232    4.64172  0.02031 -0.39063  0.83465 37.15924 -91.00823 -4.62347 59.03736
0233    4.66125  0.01953 -0.39844  0.84252 37.15924 -89.83013 -4.62347 60.40423
0234    4.68056  0.01929 -0.40625  0.84252 37.11015 -88.60294 -3.46559 62.62519
0235    4.70075  0.02018 -0.39844  0.84252 37.11015 -87.32666 -3.46559 66.05151
0236    4.72086  0.02010 -0.38281  0.84252 37.11015 -85.95221 -3.46559 66.65150
0237    4.74038  0.01951 -0.32031  0.84252 37.11015 -84.67594 -3.46559 66.43771
0238    4.76040  0.02001 -0.27344  0.84252 37.11015 -83.35057 -3.46559 65.43212
0239    4.78055  0.02013 -0.14063  0.84252 37.11015 -82.07430 -3.46559 62.84728
0240    4.80086  0.02030 -0.05469  0.84252 37.11015 -80.84711 -3.46559 61.45463
0241    4.82124  0.02037  0.06299  0.84252 37.11015 -79.57084 -3.46559 60.17985
0242    4.84075  0.01950  0.04724  0.84252 37.11015 -78.34365  0.00000 64.02272
0243    4.85992  0.01916  0.04724  0.84252 37.06106 -77.11646  0.00000 65.28114
0244    4.88233  0.02239  0.04724  0.84252 36.96289 -75.59475 -3.26101 67.57966
0245    4.90013  0.01779  0.04724  0.84252 36.81563 -74.41665 -4.50645 65.55314
0246    4.92061  0.02047  0.04724  0.85039 36.66836 -73.09129 -5.22100 63.73841
0247    4.94132  0.02070  0.07087  0.84252 36.47201 -71.76593 -7.36154 62.94076
0248    4.96105  0.01971  0.11811  0.85039 36.27566 -70.48965 -9.10412 66.25925
0249    4.98040  0.01934  0.20472  0.85039 36.07931 -69.26246 -10.01410 64.83750
0250    5.00077  0.02035  0.26772  0.85039 35.88296 -67.93710 -10.35539 63.83581
0251    5.02012  0.01934  0.26772  0.85039 35.68661 -66.61174 -10.69242 68.09953
0252    5.04153  0.02140  0.37795  0.85827 35.34300 -65.18820 -12.76686 68.04242
0253    5.06105  0.01950  0.40945  0.85827 35.04847 -63.81375 -15.46160 68.67738
0254    5.08056  0.01950  0.44094  0.85827 34.65578 -62.48839 -20.16949 70.35516
0255    5.10120  0.02063  0.46457  0.85827 34.16490 -60.96668 -23.67448 72.30553
0256    5.12126  0.02005  0.48031  0.85039 33.52676 -59.49405 -30.63670 75.12914
0257    5.14136  0.02008  0.51181  0.85039 32.83954 -57.92325 -35.73352 81.06133
0258    5.16123  0.01986  0.54331  0.84252 32.05414 -56.40154 -40.34777 75.69333
0259    5.18048  0.01924  0.55906  0.84252 31.26874 -54.92891 -41.85175 73.32840
0260    5.20130  0.02082  0.56693  0.84252 30.33608 -53.35811 -45.81430 79.75807
0261    5.22109  0.01978  0.57480  0.84252 29.35433 -51.83640 -48.07174 74.87930
0262    5.24087  0.01977  0.56693  0.84252 28.37258 -50.31469 -51.24304 76.64234
0263    5.26029  0.01941  0.56693  0.84252 27.34174 -48.79298 -52.65826 78.76306
0264    5.28015  0.01985  0.56693  0.84252 26.31090 -47.27126 -52.49832 77.15310
0265    5.30138  0.02121  0.56693  0.84252 25.18189 -45.60229 -53.22494 80.17493
0266    5.32224  0.02085  0.57480  0.85039 24.05288 -43.93331 -55.64593 78.17166
0267    5.34059  0.01834  0.56693  0.85039 22.97295 -42.50978 -60.14151 81.35286
0268    5.36063  0.02003  0.57480  0.85039 21.69668 -40.74263 -64.50903 90.46553
0269    5.37983  0.01913  0.57480  0.85039 20.46949 -39.07365 -65.22042 85.59807
0270    5.40027  0.02043  0.57480  0.85039 19.04595 -37.40468 -68.21972 80.93369
0271    5.42097  0.02069  0.58268  0.85039 17.62241 -35.68661 -69.89335 83.82500
0272    5.43997  0.01898  0.58268  0.85039 16.29705 -34.06673 -71.26317 83.81355
0273    5.45988  0.01990  0.58268  0.85039 14.87351 -32.39775 -72.43837 84.58768
0274    5.48001  0.02012  0.58268  0.85039 13.40089 -30.67969 -72.93292 84.71907
0275    5.50123  0.02121  0.58268  0.83465 11.83009 -28.91254 -73.00179 84.75125
0276    5.52183  0.02059  0.59055  0.82677 10.35746 -27.09630 -72.88906 88.88074
0277    5.54144  0.01960  0.61417  0.79528  8.88484 -25.37824 -75.82955 88.44674
0278    5.56130  0.01985  0.65354  0.78740  7.31404 -23.56200 -77.84809 91.45830
0279    5.58150  0.02019  0.69291  0.77953  5.74324 -21.69668 -79.68815 91.48643
0280    5.60081  0.01929  0.73228  0.77953  4.17244 -19.92952 -80.32975 93.31071
0281    5.62130  0.02048  0.77165  0.76378  2.55255 -18.01511 -83.15617 92.87904
0282    5.64092  0.01961  0.79528  0.74803  0.88358 -16.24796 -86.92977 91.02499
0283    5.66091  0.01999  0.81890  0.67717 -0.88358 -14.33355 -87.35285 95.53071
0284    5.68174  0.02082  0.83465  0.57480 -2.69981 -12.41914 -89.73621 91.10016
0285    5.70122  0.01946  0.87402  0.40157 -4.46696 -10.65199 -90.29330 90.65515
0286    5.72130  0.02007  0.91339  0.29134 -6.33229 -8.88484 -94.30836 86.07840
0287    5.74168  0.02037  0.93701  0.13386 -8.29579 -7.11769 -95.12621 85.12898
0288    5.76121  0.01952  0.94488  0.03150 -10.16111 -5.59598 -99.43383 69.20312
0289    5.78182  0.02060  0.93701  0.02362 -12.27188 -4.02518 -102.58513 82.96502
0290    5.80013  0.01830  0.93701  0.02362 -14.13720 -2.55255 -101.38694 80.25029
0291    5.82017  0.02003  0.93701  0.02362 -16.19888 -0.98175 -103.27470 80.16642
0292    5.84103  0.02085  0.90551 -0.05469 -18.30964  0.73631 -102.39896 80.02592
0293    5.86114  0.02011  0.87402 -0.12500 -20.42040  2.30711 -105.56792 77.21681
0294    5.88111  0.01996  0.81102 -0.21094 -22.53116  3.43613 -104.93939 52.99538
0295    5.90171  0.02059  0.74803 -0.25781 -24.69101  4.61423 -104.22306 58.65046
0296    5.92129  0.01957  0.63780 -0.31250 -26.70360  5.79233 -100.20209 61.62978
0297    5.94143  0.02014  0.48031 -0.33594 -28.71619  6.72499 -97.59334 42.43625
0298    5.96172  0.02028  0.27559 -0.38281 -30.63060  7.55948 -93.18848 41.35129
0299    5.98154  0.01981  0.13386 -0.39844 -32.44684  8.34488 -91.67266 38.98169
0300    6.00315  0.02160  0.13386 -0.39844 -34.26308  8.88484 -73.97431 24.54602
0301    6.02167  0.01851  0.05512 -0.43750 -35.39209  9.32663 -58.39683 22.90832
0302    6.04096  0.01928  0.05512 -0.44531 -36.71745  9.81750 -73.77363 25.91258
0303    6.06080  0.01983  0.04724 -0.44531 -38.14099 10.25929 -70.17563 23.06657
0304    6.08062  0.01981  0.01575 -0.44531 -39.36818 10.50473 -61.22964 17.17664
0305    6.10089  0.02026 -0.04688 -0.44531 -40.59536 10.70108 -61.29387 11.46484
0306    6.12047  0.01957 -0.11719 -0.44531 -41.92073 10.75016 -65.89324  9.99942
0307    6.14250  0.02201 -0.11719 -0.44531 -43.00065 10.79925 -42.67458  8.27873
0308    6.16060  0.01810 -0.22656 -0.44531 -43.78605 10.75016 -43.72817  8.27873
0309    6.18061  0.01999 -0.26563 -0.44531 -44.62054 10.70108 -43.16068  3.46236
0310    6.20087  0.02025 -0.28125 -0.44531 -45.40594 10.50473 -37.83150  0.00000
0311    6.22082  0.01994 -0.31250 -0.44531 -46.04408 10.21020 -30.71030 -11.57010
0312    6.24092  0.02009 -0.32031 -0.44531 -46.58404  9.86659 -28.20019 -15.75375
0313    6.26104  0.02012 -0.33594 -0.44531 -47.07491  9.42480 -22.86900 -22.99433
0314    6.28042  0.01936 -0.34375 -0.44531 -47.36944  8.98301 -19.10663 -23.22179
0315    6.30002  0.01959 -0.34375 -0.44531 -47.61488  8.49214 -14.98471 -24.33110
0316    6.32170  0.02167 -0.35938 -0.43750 -47.76214  7.95217 -10.73675 -25.14091
0317    6.34130  0.01958 -0.36719 -0.42969 -47.76214  7.41221 -10.73675 -25.98068
0318    6.36107  0.01976 -0.38281 -0.42188 -47.76214  6.87225 -10.73675 -27.57097
0319    6.38072  0.01964 -0.39063 -0.42188 -47.71305  6.33229 -10.73675 -28.32916
0320    6.40120  0.02047 -0.40625 -0.41406 -47.56579  5.74324 -1.64514 -29.05480
0321    6.42085  0.01964 -0.41406 -0.41406 -47.36944  5.15419  1.59555 -28.99584
0322    6.44113  0.02028 -0.42188 -0.40625 -47.07491  4.61423 12.42102 -27.80516
0323    6.46273  0.02159 -0.42188 -0.40625 -46.68221  3.97609 17.82213 -28.78112
0324    6.48180  0.01906 -0.44531 -0.39063 -46.24043  3.38704 22.23191 -30.05731
0325    6.50225  0.02044 -0.46875 -0.38281 -45.70046  2.74890 26.49619 -31.32788
0326    6.52224  0.01998 -0.46875 -0.38281 -45.11141  2.15985 28.56781 -30.76024
0327    6.54110  0.01883 -0.47656 -0.36719 -44.52236  1.52171 30.91269 -31.93784
0328    6.56053  0.01942 -0.46875 -0.36719 -43.88423  0.88358 32.89915 -33.06179
0329    6.57996  0.01942 -0.46875 -0.36719 -43.24609  0.24544 34.32992 -33.53177
0330    6.60051  0.02054 -0.46875 -0.36719 -42.50978 -0.44179 35.06313 -32.96255
0331    6.62126  0.02074 -0.46875 -0.36719 -41.77346 -1.12901 36.73815 -33.67809
0332    6.64202  0.02075 -0.43750 -0.35938 -40.98806 -1.86533 38.08451 -35.70221
0333    6.66074  0.01871 -0.43750 -0.35938 -40.25175 -2.55255 38.38094 -36.85690
0334    6.68103  0.02027 -0.40625 -0.35938 -39.41726 -3.28886 40.50491 -37.35134
0335    6.70191  0.02087 -0.39844 -0.35938 -38.58278 -4.07426 41.06452 -38.52432
0336    6.72065  0.01874 -0.39063 -0.35938 -37.79738 -4.81058 42.54402 -39.23171
0337    6.73979  0.01912 -0.39063 -0.35938 -36.96289 -5.59598 42.76529 -40.57120
0338    6.76044  0.02064 -0.39063 -0.35156 -36.07931 -6.43046 43.50263 -41.20602
0339    6.78067  0.02023 -0.38281 -0.35156 -35.19574 -7.26495 43.61492 -41.50092
0340    6.80027  0.01959 -0.38281 -0.35156 -34.36125 -8.09944 42.73737 -41.25035
0341    6.81998  0.01969 -0.38281 -0.35156 -33.47768 -8.93393 44.17581 -42.81752
0342    6.84061  0.02063 -0.38281 -0.34375 -32.59410 -9.81750 44.20406 -42.56394
0343    6.86029  0.01966 -0.38281 -0.34375 -31.71053 -10.65199 44.79359 -42.34327
0344    6.88105  0.02075 -0.38281 -0.32813 -30.77786 -11.53556 44.59176 -42.78393
0345    6.90148  0.02042 -0.38281 -0.31250 -29.89429 -12.41914 43.86357 -42.26926
0346    6.92075  0.01926 -0.38281 -0.30469 -29.01071 -13.20454 45.41628 -41.72298
0347    6.94145  0.02069 -0.39063 -0.28125 -28.07805 -14.08811 45.55473 -42.81864
0348    6.96103  0.01957 -0.39063 -0.25781 -27.19448 -14.97169 46.14072 -43.43604
0349    6.98130  0.02026 -0.39844 -0.18750 -26.21273 -15.80618 47.58454 -43.04562
0350    7.00041  0.01910 -0.39844 -0.10938 -25.32915 -16.64066 48.43723 -41.09322
0351    7.02102  0.02060 -0.39844  0.00787 -24.29831 -17.47515 49.02377 -41.39157
0352    7.04113  0.02009 -0.39063  0.04724 -23.31656 -18.30964 49.07474 -39.72188
0353    7.06152  0.02039 -0.37500  0.03150 -22.33481 -19.04595 48.38543 -36.84404
0354    7.08052  0.01899 -0.34375  0.03150 -21.45124 -19.73318 46.06776 -36.20062
0355    7.10118  0.02065 -0.26563  0.03937 -20.46949 -20.46949 47.88627 -35.48939
0356    7.12162  0.02043 -0.11719  0.03150 -19.48774 -21.20580 45.38982 -35.66667
0357    7.14169  0.02006  0.01575  0.03937 -18.60416 -21.89302 43.84848 -35.36207
0358    7.16134  0.01964  0.04724  0.03150 -17.76968 -22.58025 43.00187 -34.81889
0359    7.18039  0.01903  0.04724  0.03150 -16.98428 -23.21839 39.99373 -33.65835
0360    7.20093  0.02053  0.03150  0.03150 -16.29705 -23.90561 33.38411 -33.08028
0361    7.22145  0.02050  0.03937  0.03937 -15.56074 -24.59284 37.83354 -32.32407
0362    7.24035  0.01889  0.03937  0.03937 -14.82443 -25.18189 37.50716 -31.78954
0363    7.26072  0.02035  0.04724  0.03937 -14.08811 -25.82003 35.97116 -32.07600
0364    7.28025  0.01952  0.04724  0.03937 -13.40089 -26.50725 34.68922 -33.67809
0365    7.30177  0.02151  0.05512  0.03150 -12.76275 -27.19448 29.70499 -32.74956
0366    7.32018  0.01839  0.05512  0.03150 -12.22279 -27.73444 28.09093 -30.80203
0367    7.34142  0.02123  0.04724  0.03150 -11.73191 -28.32349 25.23993 -27.45463
0368    7.36119  0.01977  0.05512  0.03150 -11.29013 -28.81436 22.64366 -24.08298
0369    7.38188  0.02068  0.06299  0.03937 -10.84834 -29.30524 20.07024 -23.47915
0370    7.40195  0.02006  0.04724  0.05512 -10.55381 -29.64885 16.15932 -18.37723
0371    7.42212  0.02016  0.04724  0.05512 -10.35746 -29.94338 13.62083 -15.29001
0372    7.44396  0.02183  0.06299  0.08661 -10.21020 -30.13973 10.76438 -12.76172
0373    7.46131  0.01734  0.13386  0.22047 -10.11203 -30.28699  8.92292 -10.57335
0374    7.48099  0.01967  0.17323  0.27559 -10.06294 -30.38516  7.16881 -8.58520
0375    7.50135  0.02035  0.27559  0.31496 -10.11203 -30.38516  7.16881 -8.58520
0376    7.52142  0.02006  0.33858  0.36220 -10.21020 -30.33608  2.72557 -8.58520
0377    7.54183  0.02039  0.42520  0.40157 -10.35746 -30.23790  0.00000 -2.54172
0378    7.56162  0.01978  0.42520  0.40157 -10.50473 -30.09064 -2.57788  0.00000
0379    7.58232  0.02069  0.48819  0.45669 -10.75016 -29.84520 -9.06374  4.60645
0380    7.60253  0.02020  0.51181  0.47244 -11.04469 -29.59976 -12.99799 11.51254
0381    7.62338  0.02084  0.51181  0.47244 -11.38830 -29.30524 -16.09740 14.02422
0382    7.64076  0.01737  0.51181  0.48819 -11.73191 -28.96162 -18.04117 17.82686
0383    7.66034  0.01957  0.51181  0.48819 -12.12461 -28.51984 -20.05126 20.78306
0384    7.68088  0.02053  0.51181  0.50394 -12.56640 -28.07805 -22.04263 22.72538
0385    7.70016  0.01927  0.51181  0.50394 -13.05728 -27.58718 -24.05666 24.40307
0386    7.72053  0.02035  0.48819  0.50394 -13.59724 -27.04721 -26.43825 27.35388
0387    7.74062  0.02008  0.46457  0.50394 -14.13720 -26.45816 -27.70159 28.77851
0388    7.76182  0.02119  0.40157  0.48819 -14.72625 -25.82003 -28.68593 30.31880
0389    7.78250  0.02067  0.30709  0.48031 -15.36439 -25.18189 -29.91389 31.53153
0390    7.80215  0.01963  0.23622  0.46457 -15.95344 -24.49466 -29.60976 35.43955
0391    7.82183  0.01962  0.14961  0.40157 -16.49340 -23.75835 -27.40833 37.41796
0392    7.84153  0.01969  0.07087  0.34646 -17.03336 -23.02204 -26.96552 39.28178
0393    7.86156  0.02002  0.06299  0.26772 -17.57333 -22.23664 -28.22443 37.42452
0394    7.88074  0.01917  0.06299  0.21260 -18.11329 -21.59850 -28.55601 34.78854
0395    7.90132  0.02056  0.05512  0.12598 -18.65325 -20.91128 -25.73280 32.26321
0396    7.92150  0.02017  0.04724  0.04724 -19.14413 -20.27314 -23.62321 31.90224
0397    7.94196  0.02045  0.05512  0.01575 -19.58591 -19.63500 -22.37398 31.81715
0398    7.96113  0.01916  0.04724  0.03150 -19.97861 -19.04595 -21.51338 28.06331
0399    7.98113  0.01999  0.02362  0.03150 -20.46949 -18.50599 -24.09179 28.16079
0400    8.00034  0.01920  0.02362  0.03150 -20.96036 -17.96603 -24.32965 28.08908
0401    8.02198  0.02163  0.01575  0.03150 -21.50033 -17.37697 -25.57147 27.28061
0402    8.04231  0.02032  0.00000  0.03150 -21.99120 -16.83701 -25.00624 26.64729
0403    8.06242  0.02010 -0.02344  0.02362 -22.48208 -16.29705 -22.69601 25.56654
0404    8.08266  0.02023 -0.04688  0.03150 -22.87478 -15.80618 -21.24407 25.00057
0405    8.10087  0.01819 -0.07813  0.03150 -23.26748 -15.41348 -21.03447 23.32646
0406    8.12119  0.02032 -0.08594  0.03150 -23.66018 -14.92260 -18.95106 22.28217
0407    8.14271  0.02150 -0.10156  0.02362 -24.05288 -14.48081 -18.26287 20.56503
0408    8.16140  0.01868 -0.10938  0.01575 -24.34740 -14.13720 -16.18234 19.41576
0409    8.18079  0.01938 -0.10938  0.00000 -24.59284 -13.74450 -14.69129 19.58264
0410    8.20079  0.01998 -0.10938 -0.05469 -24.88736 -13.40089 -14.58180 19.00028
0411    8.22070  0.01990 -0.10938 -0.08594 -25.18189 -13.05728 -14.55987 17.35568
0412    8.24087  0.02016 -0.10938 -0.09375 -25.42733 -12.81184 -12.76939 14.91606
0413    8.26038  0.01949 -0.10938 -0.09375 -25.57459 -12.61549 -10.85897 11.89748
0414    8.27998  0.01959 -0.10938 -0.09375 -25.67276 -12.46823 -9.05919  9.45241
0415    8.30076  0.02077 -0.10938 -0.08594 -25.77094 -12.37005 -7.36977  7.46745
0416    8.32012  0.01935 -0.10938 -0.08594 -25.82003 -12.32096 -6.50198  6.19715
0417    8.33993  0.01980 -0.10938 -0.08594 -25.82003 -12.32096 -6.50198  6.19715
0418    8.36044  0.02050 -0.10938 -0.08594 -25.86911 -12.32096 -4.61649  6.19715
0419    8.38023  0.01977 -0.10938 -0.08594 -25.86911 -12.32096 -4.61649  6.19715
0420    8.40089  0.02065 -0.10938 -0.09375 -25.91820 -12.32096 -3.20894  6.19715
0421    8.42003  0.01913 -0.10938 -0.09375 -25.91820 -12.32096 -3.20894  6.19715
0422    8.44050  0.02046 -0.12500 -0.09375 -25.91820 -12.32096 -3.20894  6.19715
0423    8.46277  0.02226 -0.14063 -0.10156 -25.86911 -12.37005 -3.20894  6.19715
0424    8.48178  0.01900 -0.16406 -0.10938 -25.82003 -12.41914 -1.73083  0.00000
0425    8.50381  0.02202 -0.17969 -0.11719 -25.72185 -12.46823 -0.80662 -2.55989
0426    8.52144  0.01762 -0.21094 -0.14844 -25.62368 -12.51731  0.00000 -2.93398
0427    8.54135  0.01990 -0.23438 -0.16406 -25.52550 -12.61549  0.79338 -3.55568
0428    8.56121  0.01985 -0.25781 -0.17969 -25.42733 -12.71366  1.80780 -4.07854
0429    8.58169  0.02047 -0.28125 -0.19531 -25.28006 -12.86093  5.30291 -4.68205
0430    8.60109  0.01940 -0.30469 -0.20313 -25.13280 -13.05728  6.49492 -6.82554
0431    8.62202  0.02092 -0.32031 -0.22656 -24.88736 -13.25363  9.57072 -8.66916
0432    8.64097  0.01894 -0.32031 -0.23438 -24.59284 -13.49906 12.53281 -10.73034
0433    8.66045  0.01947 -0.32031 -0.23438 -24.34740 -13.79359 14.04603 -12.99250
0434    8.68150  0.02104 -0.32031 -0.24219 -24.00379 -14.08811 15.66467 -14.20796
0435    8.70076  0.01925 -0.32031 -0.24219 -23.66018 -14.38264 16.28296 -14.94010
0436    8.71992  0.01915 -0.32031 -0.24219 -23.31656 -14.67716 17.09678 -15.96502
0437    8.74185  0.02192 -0.32813 -0.25000 -22.97295 -15.02078 17.52383 -16.55403
0438    8.76130  0.01944 -0.33594 -0.25000 -22.58025 -15.36439 18.26097 -15.92460
0439    8.78150  0.02019 -0.33594 -0.25781 -22.18755 -15.65891 19.29210 -16.09772
0440    8.80077  0.01926 -0.35156 -0.25781 -21.84394 -16.00253 18.94502 -16.28166
0441    8.82106  0.02027 -0.36719 -0.26563 -21.45124 -16.34614 18.81674 -16.80883
0442    8.84068  0.01961 -0.37500 -0.26563 -21.05854 -16.68975 19.45415 -16.97648
0443    8.86042  0.01973 -0.37500 -0.26563 -20.66584 -17.03336 19.94701 -17.60680
0444    8.88007  0.01964 -0.37500 -0.26563 -20.27314 -17.37697 20.81968 -18.12688
0445    8.90056  0.02048 -0.37500 -0.26563 -19.78226 -17.76968 22.46701 -18.93001
0446    8.92017  0.01959 -0.37500 -0.26563 -19.34048 -18.16238 23.45800 -20.23889
0447    8.94194  0.02176 -0.36719 -0.25781 -18.80051 -18.65325 24.99924 -21.53943
0448    8.96123  0.01928 -0.35156 -0.25781 -18.30964 -19.09504 26.13380 -22.41285
0449    8.98049  0.01924 -0.34375 -0.25781 -17.76968 -19.53683 27.55704 -23.23064
0450    9.00083  0.02033 -0.32813 -0.25781 -17.18063 -20.02770 28.87551 -24.46546
0451    9.02120  0.02036 -0.32031 -0.25000 -16.54249 -20.56766 30.05299 -25.48464
0452    9.04054  0.01932 -0.31250 -0.25000 -15.95344 -21.05854 30.42526 -25.58686
0453    9.06199  0.02144 -0.30469 -0.25000 -15.31530 -21.59850 29.96795 -25.17979
0454    9.08132  0.01932 -0.30469 -0.25000 -14.77534 -22.08938 29.80419 -26.28394
0455    9.10158  0.02025 -0.30469 -0.24219 -14.08811 -22.67843 32.41982 -28.60802
0456    9.12039  0.01880 -0.30469 -0.24219 -13.49906 -23.21839 33.01432 -28.80308
0457    9.14104  0.02064 -0.30469 -0.23438 -12.81184 -23.80744 33.07627 -28.42028
0458    9.16006  0.01901 -0.30469 -0.23438 -12.12461 -24.39649 34.00942 -30.30775
0459    9.18073  0.02066 -0.30469 -0.24219 -11.43739 -25.03463 34.63708 -31.04849
0460    9.20079  0.02005 -0.30469 -0.24219 -10.75016 -25.67276 34.40403 -31.60594
0461    9.22134  0.02052 -0.29688 -0.24219 -10.06294 -26.31090 33.45681 -31.47371
0462    9.24077  0.01942 -0.29688 -0.23438 -9.42480 -26.89995 31.81818 -31.18429
0463    9.26059  0.01981 -0.29688 -0.23438 -8.78666 -27.53809 31.48845 -31.50613
0464    9.28146  0.02086 -0.28906 -0.23438 -8.14853 -28.17623 32.05861 -30.74560
0465    9.30000  0.01853 -0.28906 -0.23438 -7.55948 -28.71619 32.47559 -30.28242
0466    9.32106  0.02105 -0.28125 -0.23438 -6.87225 -29.35433 31.97029 -29.45359
0467    9.34164  0.02057 -0.27344 -0.23438 -6.18502 -29.94338 31.89882 -28.93423
0468    9.36066  0.01901 -0.27344 -0.23438 -5.59598 -30.48334 31.81127 -28.72386
0469    9.38253  0.02186 -0.26563 -0.22656 -4.90875 -31.17056 31.76434 -29.51611
0470    9.40129  0.01875 -0.25781 -0.22656 -4.31970 -31.71053 32.07222 -29.88457
0471    9.42123  0.01993 -0.25781 -0.21875 -3.68156 -32.29958 32.07547 -30.22694
0472    9.44125  0.02001 -0.25000 -0.21094 -2.99434 -32.93771 32.50225 -30.76111
0473    9.46163  0.02037 -0.24219 -0.20313 -2.35620 -33.57585 32.50064 -31.16597
0474    9.48140  0.01976 -0.23438 -0.19531 -1.71806 -34.16490 32.59105 -31.23926
0475    9.50104  0.01963 -0.22656 -0.17969 -1.07993 -34.80304 32.50300 -31.05546
0476    9.52107  0.02002 -0.21094 -0.17969 -0.44179 -35.39209 32.42882 -31.02013
0477    9.54143  0.02035 -0.19531 -0.16406  0.24544 -36.03023 31.96217 -30.46680
0478    9.56167  0.02023 -0.16406 -0.15625  0.88358 -36.61928 31.56204 -29.49110
0479    9.58170  0.02002 -0.14063 -0.13281  1.47263 -37.20833 29.87839 -28.53991
0480    9.60116  0.01945 -0.10938 -0.10156  2.01259 -37.74829 28.08981 -27.41346
0481    9.62179  0.02062 -0.08594 -0.08594  2.60164 -38.28825 27.33286 -26.39986
0482    9.64139  0.01959 -0.01563 -0.02344  3.09251 -38.77913 26.81461 -25.32614
0483    9.66157  0.02016  0.02362  0.02362  3.63248 -39.22091 25.16372 -22.02408
0484    9.68166  0.02008  0.05512  0.04724  4.07426 -39.56452 22.92935 -19.27862
0485    9.70048  0.01881  0.05512  0.03937  4.41787 -39.90814 20.29906 -17.84461
0486    9.72232  0.02182  0.05512  0.03937  4.71240 -40.15358 15.32127 -14.70623
0487    9.74108  0.01875  0.05512  0.03150  4.85966 -40.25175 10.78465 -11.72718
0488    9.76023  0.01914  0.05512  0.03150  4.85966 -40.25175 10.78465 -11.72718
0489    9.77999  0.01975  0.05512  0.03150  4.85966 -40.15358 10.78465 -4.65657
0490    9.80026  0.02026  0.05512  0.03150  4.76149 -40.05540  3.91270 -2.01741
0491    9.82040  0.02012  0.05512  0.03150  4.71240 -39.90814  2.64152  0.88586
0492    9.83984  0.01944  0.05512  0.03150  4.66331 -39.80996  1.61798  2.46015
0493    9.85996  0.02010  0.05512  0.03150  4.56514 -39.76088  0.00000  3.15471
0494    9.87995  0.01998  0.05512  0.03150  4.51605 -39.66270 -0.61239  4.85849
0495    9.90198  0.02202  0.06299  0.03937  4.46696 -39.61361 -1.15763  4.33194
0496    9.92063  0.01864  0.06299  0.03150  4.36879 -39.61361 -2.14576  4.33194
0497    9.93994  0.01931  0.06299  0.03150  4.27061 -39.56452 -3.55195  3.69270
0498    9.96005  0.02010  0.06299  0.03150  4.22153 -39.56452 -3.61550  3.69270
0499    9.98045  0.02039  0.06299  0.03937  4.12335 -39.56452 -3.65336  3.69270
0500    9.99987  0.01941  0.06299  0.03937  4.07426 -39.46635 -3.61320  2.71695
0501   10.02022  0.02034  0.06299  0.03937  3.97609 -39.31909 -3.74982  2.71593
0502   10.04023  0.02000  0.06299  0.03937  3.87791 -39.27000 -4.08935  2.71473
0503   10.06236  0.02212  0.05512  0.03150  3.63248 -39.12274 -5.72418  3.06198
0504   10.08081  0.01844  0.04724  0.03150  3.43613 -39.07365 -9.55535  3.44721
0505   10.10075  0.01993  0.05512  0.03150  3.28886 -38.97547 -10.05049  4.92303
0506   10.12177  0.02101  0.06299  0.03937  3.14160 -38.82821 -8.55242  4.94563
0507   10.14129  0.01951  0.07874  0.06299  3.04343 -38.68095 -7.63488  5.53314
0508   10.16195  0.02065  0.14961  0.14961  2.89616 -38.58278 -6.39211  5.48674
0509   10.18101  0.01905  0.19685  0.22047  2.84708 -38.53369 -6.01761  5.37926
0510   10.20113  0.02011  0.29134  0.29921  2.74890 -38.43551 -5.35782  4.99361
0511   10.22160  0.02045  0.33858  0.34646  2.65073 -38.19008 -5.02208  6.16740
0512   10.24100  0.01939  0.37008  0.40945  2.50346 -37.94464 -5.15623 12.09991
0513   10.26093  0.01992  0.37008  0.47244  2.30711 -37.74829 -6.25825 11.47718
0514   10.28082  0.01988  0.37008  0.48819  2.11076 -37.50285 -9.37112 11.27906
0515   10.30088  0.02005  0.37008  0.48819  1.81624 -37.15924 -12.36589 14.66476
0516   10.31988  0.01898  0.37008  0.48819  1.52171 -36.81563 -14.48462 17.50097
0517   10.33993  0.02005  0.37008  0.48819  1.17810 -36.42293 -16.63126 18.91633
0518   10.36207  0.02213  0.37008  0.48819  0.78540 -35.93205 -18.42033 21.10923
0519   10.38086  0.01877  0.37008  0.48031  0.39270 -35.53935 -19.50223 22.21692
0520   10.40003  0.01916  0.37008  0.48031  0.00000 -35.04847 -20.25099 24.07111
0521   10.41999  0.01994  0.37008  0.48031 -0.44179 -34.55760 -21.39644 24.92934
0522   10.44009  0.02009  0.37008  0.48031 -0.88358 -34.01764 -22.62952 26.71872
0523   10.46054  0.02044  0.37008  0.47244 -1.37445 -33.42859 -24.27737 28.98429
0524   10.48156  0.02101  0.36220  0.46457 -1.91441 -32.79045 -26.07590 31.47563
0525   10.50125  0.01969  0.34646  0.46457 -2.50346 -32.15231 -28.50246 31.45596
0526   10.52140  0.02013  0.32283  0.45669 -3.09251 -31.46509 -30.31655 33.27526
0527   10.54174  0.02034  0.31496  0.44882 -3.73065 -30.72878 -31.18984 36.61115
0528   10.55980  0.01804  0.31496  0.44882 -4.31970 -30.04155 -32.49504 38.03861
0529   10.58057  0.02076  0.31496  0.44094 -5.00693 -29.25615 -34.14201 40.47302
0530   10.60067  0.02009  0.31496  0.44882 -5.69415 -28.42166 -34.81445 40.55545
0531   10.62026  0.01958  0.31496  0.44882 -6.43046 -27.63626 -35.89619 39.90870
0532   10.64261  0.02233  0.31496  0.44882 -7.21586 -26.70360 -36.33151 40.66699
0533   10.66009  0.01748  0.31496  0.44882 -7.85400 -26.01638 -35.65320 40.45401
0534   10.68013  0.02002  0.31496  0.44882 -8.54123 -25.18189 -35.90525 41.76949
0535   10.70026  0.02012  0.31496  0.44882 -9.27754 -24.29831 -35.96931 42.35387
0536   10.72132  0.02105  0.31496  0.43307 -10.01385 -23.41474 -35.24641 42.20529
0537   10.74069  0.01936  0.31496  0.40945 -10.75016 -22.62934 -36.13600 42.31189
0538   10.76169  0.02099  0.29921  0.35433 -11.53556 -21.74576 -37.22600 42.06983
0539   10.78160  0.01990  0.28346  0.30709 -12.27188 -20.91128 -37.72189 41.83089
0540   10.80180  0.02019  0.24409  0.21260 -13.05728 -20.02770 -38.11304 41.83231
0541   10.82235  0.02054  0.24409  0.21260 -13.84268 -19.19321 -38.26889 41.21779
0542   10.84166  0.01930  0.11811  0.02362 -14.57899 -18.40781 -38.52871 41.26959
0543   10.86230  0.02062  0.11811  0.02362 -15.36439 -17.57333 -39.84650 40.92671
0544   10.88509  0.02277  0.06299  0.03937 -16.29705 -16.64066 -38.76038 38.14325
0545   10.90136  0.01627  0.05512  0.03150 -16.83701 -16.05161 -35.49144 38.15867
0546   10.92093  0.01955  0.05512  0.02362 -17.47515 -15.26621 -31.94335 38.34422
0547   10.94139  0.02045  0.05512  0.03150 -18.11329 -14.52990 -30.06505 37.95919
0548   10.96145  0.02005  0.05512  0.02362 -18.70234 -13.74450 -29.30912 36.63738
0549   10.98159  0.02012  0.04724  0.03150 -19.29139 -13.05728 -31.05408 34.14296
0550   11.00018  0.01858  0.04724  0.03150 -19.88044 -12.46823 -30.35555 32.76093
0551   11.02017  0.01998  0.04724  0.03150 -20.42040 -11.83009 -28.18756 31.29742
0552   11.04027  0.02009  0.04724  0.03150 -20.96036 -11.24104 -25.66888 28.86023
0553   11.05992  0.01964  0.04724  0.03150 -21.40215 -10.75016 -23.47336 26.88474
0554   11.07990  0.01996  0.04724  0.03150 -21.84394 -10.25929 -21.60313 24.38355
0555   11.10004  0.02014  0.04724  0.03150 -22.23664 -9.81750 -20.23985 22.24838
0556   11.12049  0.02044  0.04724  0.03150 -22.62934 -9.42480 -18.42371 19.88129
0557   11.13996  0.01946  0.04724  0.03150 -22.92386 -9.08119 -16.94276 17.71735
0558   11.15982  0.01985  0.04724  0.03150 -23.26748 -8.73758 -16.20071 16.56537
0559   11.18044  0.02061  0.04724  0.03150 -23.61109 -8.44305 -16.57147 14.89479
0560   11.20129  0.02084  0.03937  0.03150 -23.95470 -8.19761 -17.47676 12.69929
0561   11.22184  0.02054  0.03937  0.02362 -24.34740 -7.95217 -17.92574 11.80265
0562   11.24092  0.01907  0.04724  0.02362 -24.69101 -7.65765 -18.11554 14.68624
0563   11.26068  0.01975  0.08661  0.02362 -25.03463 -7.21586 -18.28393 20.93967
0564   11.28171  0.02102  0.05512  0.03150 -25.42733 -6.82316 -18.65303 19.88560
0565   11.30157  0.01986  0.05512  0.03150 -25.82003 -6.38138 -19.43074 20.87906
0566   11.32140  0.01981  0.04724  0.03937 -26.21273 -5.93959 -19.53743 22.28793
0567   11.34064  0.01923  0.04724  0.03937 -26.60543 -5.54689 -19.11488 21.42076
0568   11.36017  0.01952  0.04724  0.03937 -26.99812 -5.15419 -20.12529 20.71880
0569   11.38034  0.02016  0.04724  0.03937 -27.39083 -4.66331 -21.16224 22.10372
0570   11.40048  0.02013  0.04724  0.03937 -27.83261 -4.27061 -21.69604 22.34795
0571   11.42061  0.02012  0.04724  0.03937 -28.17623 -3.87791 -18.80038 19.54151
0572   11.44105  0.02043  0.04724  0.03937 -28.51984 -3.53430 -15.57424 17.38361
0573   11.46084  0.01978  0.04724  0.03937 -28.76528 -3.23978 -13.76925 14.81185
0574   11.48051  0.01966  0.04724  0.03937 -28.96162 -3.04343 -12.01126 12.40714
0575   11.50068  0.02016  0.04724  0.03937 -29.20706 -2.79799 -11.15851 10.99336
0576   11.52027  0.01957  0.04724  0.03937 -29.45250 -2.60164 -11.90257 10.47349
0577   11.54611  0.02584  0.04724  0.03937 -29.69794 -2.40529 -11.81628  9.81079
0578   11.55996  0.01383  0.04724  0.03937 -29.84520 -2.25803 -10.44444  9.23652
0579   11.58093  0.02096  0.03937  0.03150 -29.99246 -2.11076 -8.95426  8.54081
0580   11.60007  0.01909  0.03937  0.03150 -30.13973 -1.96350 -7.73390  7.98293
0581   11.62078  0.02070  0.03937  0.02362 -30.23790 -1.81624 -7.01371  7.68873
0582   11.64136  0.02057  0.02362  0.01575 -30.38516 -1.66897 -6.55534  7.45508
0583   11.66170  0.02033  0.01575  0.00787 -30.48334 -1.57080 -6.39832  6.87366
0584   11.67996  0.01825  0.01575  0.00787 -30.58151 -1.52171 -6.15830  6.33181
0585   11.70052  0.02054  0.01575  0.00000 -30.67969 -1.42354 -5.85034  5.14776
0586   11.72051  0.01998  0.01575  0.00787 -30.72878 -1.37445 -5.56280  4.56499
0587   11.73984  0.01932  0.01575  0.00787 -30.77786 -1.32536 -5.06745  4.05202
0588   11.76138  0.02152  0.02362  0.01575 -30.87604 -1.32536 -4.20902  4.05202
0589   11.78008  0.01869  0.02362  0.01575 -30.92512 -1.22719 -4.00124  3.33238
0590   11.80062  0.02053  0.02362  0.02362 -31.02330 -1.12901 -3.76217  3.17566
0591   11.82047  0.01983  0.02362  0.02362 -31.07239 -1.07993 -3.62040  3.13514
0592   11.84040  0.01992  0.03150  0.02362 -31.12148 -1.03084 -3.26908  3.01628
0593   11.86063  0.02022  0.03937  0.02362 -31.12148 -1.03084 -3.26908  3.01628
0594   11.88007  0.01943  0.03937  0.02362 -31.12148 -1.07993 -3.26908  3.01628
0595   11.90105  0.02096  0.03937  0.03150 -31.07239 -1.07993 -3.26908  3.01628
0596   11.91970  0.01865  0.03937  0.03150 -31.07239 -1.07993 -3.26908  3.01628
0597   11.93990  0.02018  0.03937  0.03150 -31.07239 -1.12901 -3.26908  1.62189
9999 9999.00000 9999.00000 999.00000 999.00000 9999.00000 9999.00000 999.00000 999.00000
