DT    0.00007  0.04724  0.03937 0
DT    0.01967  0.04724  0.03937 0
DT    0.04023  0.05512  0.03937 0
DT    0.05971  0.05512  0.03937 0
DT    0.08047  0.04724  0.03937 0
DT    0.09960  0.04724  0.03937 0
DT    0.11977  0.04724  0.03937 0
DT    0.13993  0.04724  0.03937 0
DT    0.15966  0.04724  0.03937 0
DT    0.17968  0.04724  0.03937 0
DT    0.19955  0.04724  0.03937 0
DT    0.21993  0.04724  0.03937 0
DT    0.24124  0.04724  0.04724 0
DT    0.26120  0.03937  0.05512 0
DT    0.28151  0.03150  0.06299 0
DT    0.30008  0.03150  0.06299 0
DT    0.32009  0.03150  0.06299 0
DT    0.33990  0.03150  0.06299 0
DT    0.36127  0.03937  0.04724 0
DT    0.38046  0.03937  0.03937 0
DT    0.40057  0.03937  0.03150 0
DT    0.41968  0.03937  0.03150 0
DT    0.43973  0.03937  0.03150 0
DT    0.46024  0.03937  0.03150 0
DT    0.47990  0.03937  0.03150 0
DT    0.49953  0.03937  0.03150 0
DT    0.51989  0.03937  0.03150 0
DT    0.53972  0.03937  0.03150 0
DT    0.56013  0.03937  0.03150 0
DT    0.58010  0.03937  0.03937 0
DT    0.60075  0.04724  0.07087 0
DT    0.62115  0.05512  0.11811 0
DT    0.64083  0.10236  0.20472 0
DT    0.66133  0.14173  0.22047 0
DT    0.68066  0.18110  0.29134 0
DT    0.70136  0.25197  0.36220 0
DT    0.72135  0.34646  0.46457 0
DT    0.74121  0.39370  0.48819 0
DT    0.76069  0.42520  0.53543 0
DT    0.78048  0.42520  0.55906 0
DT    0.79980  0.42520  0.55906 0
DT    0.82050  0.43307  0.55906 0
DT    0.84010  0.44882  0.55906 0
DT    0.86016  0.50394  0.55906 0
DT    0.88074  0.55906  0.55906 0
DT    0.90035  0.59843  0.55906 0
DT    0.92046  0.61417  0.55906 0
DT    0.94034  0.62205  0.55906 0
DT    0.96023  0.63780  0.55906 0
DT    0.97954  0.63780  0.55906 0
DT    1.00059  0.55906  0.55906 0
DT    1.01987  0.55906  0.55906 0
DT    1.04076  0.55906  0.55906 0
DT    1.06055  0.55906  0.55906 0
DT    1.08050  0.55906  0.55906 0
DT    1.10034  0.55906  0.55906 0
DT    1.12018  0.55906  0.55906 0
DT    1.14036  0.55906  0.55906 0
DT    1.16085  0.55906  0.55906 0
DT    1.18048  0.55906  0.55906 0
DT    1.20036  0.55906  0.55906 0
DT    1.22072  0.56693  0.56693 0
DT    1.24079  0.58268  0.58268 0
DT    1.26046  0.59843  0.59843 0
DT    1.28035  0.60630  0.60630 0
DT    1.30039  0.62205  0.62205 0
DT    1.32011  0.62992  0.62992 0
DT    1.34039  0.63780  0.63780 0
DT    1.36031  0.63780  0.63780 0
DT    1.38059  0.64567  0.64567 0
DT    1.40060  0.64567  0.64567 0
DT    1.42061  0.65354  0.65354 0
DT    1.43980  0.65354  0.65354 0
DT    1.45999  0.65354  0.65354 0
DT    1.47961  0.65354  0.65354 0
DT    1.49973  0.65354  0.65354 0
DT    1.51978  0.65354  0.65354 0
DT    1.53957  0.65354  0.65354 0
DT    1.55949  0.65354  0.65354 0
DT    1.58000  0.65354  0.65354 0
DT    1.60036  0.64567  0.64567 0
DT    1.62116  0.65354  0.65354 0
DT    1.64017  0.65354  0.65354 0
DT    1.66012  0.65354  0.65354 0
DT    1.68062  0.64567  0.64567 0
DT    1.70041  0.65354  0.65354 0
DT    1.72002  0.66929  0.65354 0
DT    1.74023  0.66929  0.65354 0
DT    1.76022  0.66929  0.65354 0
DT    1.78032  0.66929  0.65354 0
DT    1.80058  0.66929  0.64567 0
DT    1.81999  0.66929  0.64567 0
DT    1.84175  0.66142  0.65354 0
DT    1.85996  0.66142  0.65354 0
DT    1.88063  0.66142  0.64567 0
DT    1.90045  0.66142  0.65354 0
DT    1.92026  0.66142  0.64567 0
DT    1.94056  0.66142  0.65354 0
DT    1.96052  0.66142  0.64567 0
DT    1.97963  0.66142  0.64567 0
DT    2.00048  0.66142  0.64567 0
DT    2.01955  0.66142  0.64567 0
DT    2.03987  0.66142  0.64567 0
DT    2.06007  0.66142  0.64567 0
DT    2.07993  0.66142  0.64567 0
DT    2.10026  0.66142  0.64567 0
DT    2.11980  0.66142  0.64567 0
DT    2.14002  0.66142  0.64567 0
DT    2.16002  0.66142  0.64567 0
DT    2.17997  0.66142  0.64567 0
DT    2.19977  0.66142  0.64567 0
DT    2.21979  0.66142  0.64567 0
DT    2.23989  0.66142  0.64567 0
DT    2.26058  0.66142  0.64567 0
DT    2.27975  0.66142  0.64567 0
DT    2.29986  0.66142  0.64567 0
DT    2.32029  0.66142  0.64567 0
DT    2.34061  0.66142  0.65354 0
DT    2.36084  0.66142  0.64567 0
DT    2.38069  0.66142  0.65354 0
DT    2.40007  0.66142  0.65354 0
DT    2.42062  0.66142  0.64567 0
DT    2.44102  0.66142  0.65354 0
DT    2.46078  0.66142  0.64567 0
DT    2.48053  0.66142  0.65354 0
DT    2.50104  0.66142  0.65354 0
DT    2.52006  0.66142  0.65354 0
DT    2.54148  0.66142  0.64567 0
DT    2.56081  0.66142  0.65354 0
DT    2.58092  0.66142  0.64567 0
DT    2.60084  0.66142  0.65354 0
DT    2.61992  0.66142  0.65354 0
DT    2.64070  0.66142  0.64567 0
DT    2.66111  0.66142  0.65354 0
DT    2.68060  0.66142  0.64567 0
DT    2.70090  0.66142  0.65354 0
DT    2.71998  0.66142  0.65354 0
DT    2.74044  0.66142  0.64567 0
DT    2.76135  0.66929  0.65354 0
DT    2.78057  0.66929  0.64567 0
DT    2.80091  0.67717  0.64567 0
DT    2.82106  0.68504  0.65354 0
DT    2.84016  0.68504  0.65354 0
DT    2.86081  0.69291  0.65354 0
DT    2.87976  0.69291  0.65354 0
DT    2.89990  0.69291  0.65354 0
DT    2.92004  0.69291  0.65354 0
DT    2.94218  0.69291  0.65354 0
DT    2.95979  0.69291  0.65354 0
DT    2.98097  0.68504  0.65354 0
DT    3.00120  0.69291  0.65354 0
DT    3.02118  0.68504  0.65354 0
DT    3.04009  0.68504  0.65354 0
DT    3.06041  0.68504  0.65354 0
DT    3.08187  0.69291  0.66142 0
DT    3.10137  0.68504  0.65354 0
DT    3.12110  0.69291  0.65354 0
DT    3.14045  0.69291  0.66142 0
DT    3.16029  0.69291  0.66142 0
DT    3.18081  0.68504  0.66142 0
DT    3.20138  0.69291  0.66929 0
DT    3.22133  0.68504  0.67717 0
DT    3.24104  0.68504  0.68504 0
DT    3.26151  0.66929  0.69291 0
DT    3.28152  0.64567  0.70079 0
DT    3.30116  0.61417  0.70866 0
DT    3.32040  0.60630  0.70866 0
DT    3.34139  0.58268  0.71654 0
DT    3.36096  0.55906  0.70866 0
DT    3.38098  0.54331  0.71654 0
DT    3.40098  0.54331  0.70866 0
DT    3.42051  0.54331  0.71654 0
DT    3.43989  0.54331  0.71654 0
DT    3.46129  0.53543  0.71654 0
DT    3.48121  0.51969  0.72441 0
DT    3.50035  0.51969  0.72441 0
DT    3.52040  0.47244  0.72441 0
DT    3.54104  0.43307  0.74016 0
DT    3.56172  0.36220  0.74803 0
DT    3.58131  0.29134  0.75591 0
DT    3.60111  0.13386  0.77953 0
DT    3.62128  0.03937  0.78740 0
DT    3.64044  0.00787  0.78740 0
DT    3.66120 -0.05469  0.78740 0
DT    3.68108 -0.07813  0.78740 0
DT    3.70117 -0.09375  0.78740 0
DT    3.72220 -0.13281  0.77953 0
DT    3.74077 -0.18750  0.77953 0
DT    3.76127 -0.21094  0.77165 0
DT    3.78201 -0.26563  0.75591 0
DT    3.80133 -0.31250  0.74016 0
DT    3.82089 -0.33594  0.70866 0
DT    3.84129 -0.35156  0.66929 0
DT    3.86050 -0.35156  0.62205 0
DT    3.88204 -0.35938  0.47244 0
DT    3.90075 -0.35938  0.44094 0
DT    3.92082 -0.35938  0.37795 0
DT    3.94067 -0.35938  0.32283 0
DT    3.96036 -0.35938  0.27559 0
DT    3.98103 -0.35156  0.21260 0
DT    4.00067 -0.35156  0.14173 0
DT    4.02129 -0.35938  0.06299 0
DT    4.04134 -0.35156  0.01575 0
DT    4.06128 -0.34375  0.03150 0
DT    4.08052 -0.32813  0.03150 0
DT    4.10108 -0.32813  0.02362 0
DT    4.12129 -0.31250  0.01575 0
DT    4.14120 -0.30469  0.03150 0
DT    4.16089 -0.28906  0.03150 0
DT    4.18104 -0.25781  0.02362 0
DT    4.20064 -0.22656  0.02362 0
DT    4.22183 -0.17969  0.01575 0
DT    4.24127 -0.14844 -0.01563 0
DT    4.26119 -0.14063 -0.07813 0
DT    4.28046 -0.14063 -0.09375 0
DT    4.30088 -0.14844 -0.10156 0
DT    4.32075 -0.16406 -0.10156 0
DT    4.34013 -0.19531 -0.10156 0
DT    4.36007 -0.19531 -0.10156 0
DT    4.38107 -0.20313 -0.10156 0
DT    4.40036 -0.20313 -0.10156 0
DT    4.42038 -0.20313 -0.10156 0
DT    4.44029 -0.19531 -0.10156 0
DT    4.46073 -0.17969 -0.10156 0
DT    4.48113 -0.12500 -0.10156 0
DT    4.50131 -0.07031 -0.10938 0
DT    4.52000  0.20000  0.20000 0
DT    4.54000  0.20000  0.20000 0
DT    4.56000  0.20000  0.20000 0
DT    4.58000  0.20000  0.20000 0
DT    4.60000  0.20000  0.20000 0
DT    4.62000  0.20000  0.20000 0
DT    4.64000  0.20000  0.20000 0
DT    4.66000  0.20000  0.20000 0
DT    4.68000  0.20000  0.20000 0
DT    4.70000  0.20000  0.20000 0
DT    4.72000  0.20000  0.20000 0
DT    4.74000  0.20000  0.20000 0
DT    4.76000  0.20000  0.20000 0
DT    4.78000  0.20000  0.20000 0
DT    4.80000  0.20000  0.20000 0
DT    4.82000  0.20000  0.20000 0
DT    4.84000  0.20000  0.20000 0
DT    4.86000  0.20000  0.20000 0
DT    4.88000  0.20000  0.20000 0
DT    4.90000  0.20000  0.20000 0
DT    4.92000  0.20000  0.20000 0
DT    4.94000  0.20000  0.20000 0
DT    4.96000  0.20000  0.20000 0
DT    4.98000  0.20000  0.20000 0
DT    5.52157 -0.00781 -0.13281 0
DT    5.54074  0.05512 -0.14844 0
DT    5.56079  0.03937 -0.20313 0
DT    5.58121  0.04724 -0.24219 0
DT    5.60140  0.03937 -0.25781 0
DT    5.62098  0.04724 -0.26563 0
DT    5.64160  0.04724 -0.27344 0
DT    5.66156  0.03937 -0.28125 0
DT    5.68071  0.03937 -0.28906 0
DT    5.70083  0.03937 -0.29688 0
EL    5.70083  0.07938  0.00000 0
DT    5.72051  0.03937 -0.30469 0
EL    5.72052  0.09500  0.00000 0
DT    5.74079  0.03937 -0.31250 0
EL    5.74080  0.10281  0.00000 0
DT    5.75963  0.03937 -0.31250 0
EL    5.75963  0.10281  0.00000 0
DT    5.78029  0.03937 -0.32031 0
EL    5.78030  0.10281  0.00000 0
DT    5.80134  0.03150 -0.32813 0
EL    5.80134  0.10281  0.00000 0
DT    5.82035  0.03150 -0.33594 0
EL    5.82037  0.10281  0.00000 0
DT    5.84101  0.01575 -0.34375 0
EL    5.84102  0.10281  0.00000 0
DT    5.85984  0.01575 -0.34375 0
EL    5.85985  0.10281  0.00000 0
DT    5.88069  0.00787 -0.34375 0
EL    5.88070  0.12625  0.00000 0
DT    5.90008  0.00787 -0.34375 0
EL    5.90008  0.12625  0.00000 0
DT    5.92066  0.00000 -0.34375 0
EL    5.92067  0.18094  0.00000 0
DT    5.94009  0.00000 -0.34375 0
EL    5.94009  0.27469  0.00000 0
DT    5.96121 -0.03906 -0.34375 0
EL    5.96122  0.50906  0.00000 0
DT    5.98066 -0.04688 -0.34375 0
EL    5.98067  0.77469  0.00000 0
DT    6.00094 -0.05469 -0.33594 0
EL    6.00095  0.89969  0.00000 0
DT    6.02126 -0.06250 -0.32813 0
EL    6.02127  0.97000  0.00000 0
DT    6.04027 -0.06250 -0.30469 0
EL    6.04027  0.97000  0.00000 0
DT    6.06205 -0.07813 -0.28906 0
EL    6.06206  0.97000  0.00000 0
DT    6.08121 -0.08594 -0.26563 0
EL    6.08122  0.97000  0.00000 0
DT    6.10073 -0.08594 -0.24219 0
EL    6.10073  0.97000  0.00000 0
DT    6.12093 -0.08594 -0.20313 0
EL    6.12094  0.97000  0.00000 0
DT    6.14025 -0.08594 -0.13281 0
EL    6.14026  0.97000  0.00000 0
DT    6.16066 -0.08594 -0.10938 0
EL    6.16066  0.97000  0.00000 0
DT    6.18071 -0.08594 -0.08594 0
EL    6.18072  0.97000  0.00000 0
DT    6.20069 -0.08594 -0.04688 0
EL    6.20070  0.97000  0.00000 0
DT    6.22076 -0.07813 -0.04688 0
EL    6.22076  0.97000  0.00000 0
DT    6.24133 -0.08594 -0.02344 0
EL    6.24134  0.97000  0.00000 0
DT    6.26032 -0.08594  0.00787 0
EL    6.26033  0.97000  0.00000 0
DT    6.28039 -0.08594  0.00787 0
EL    6.28039  0.97000  0.00000 0
DT    6.30008 -0.08594  0.00787 0
EL    6.30009  0.97000  0.00000 0
DT    6.32052 -0.09375  0.00787 0
EL    6.32053  0.97000  0.00000 0
DT    6.34064 -0.10156  0.00787 0
EL    6.34064  0.97000  0.00000 0
DT    6.36034 -0.12500  0.00787 0
EL    6.36035  0.97000  0.00000 0
DT    6.38117 -0.13281  0.00000 0
EL    6.38118  0.97000  0.00000 0
DT    6.40073 -0.13281 -0.06250 0
EL    6.40073  0.89969  0.00000 0
DT    6.42132 -0.14063 -0.10156 0
EL    6.42133  0.86063  0.00000 0
DT    6.44108 -0.14063 -0.11719 0
EL    6.44109  0.85281  0.00000 0
DT    6.46076 -0.14844 -0.13281 0
EL    6.46077  0.85281  0.00000 0
DT    6.48094 -0.17188 -0.13281 0
EL    6.48095  0.84500  0.00000 0
DT    6.50063 -0.19531 -0.13281 0
EL    6.50063  0.84500  0.00000 0
DT    6.52079 -0.20313 -0.13281 0
EL    6.52079  0.84500  0.00000 0
DT    6.54075 -0.21094 -0.13281 0
EL    6.54076  0.84500  0.00000 0
DT    6.56095 -0.21875 -0.13281 0
EL    6.56095  0.83719  0.00000 0
DT    6.58057 -0.21875 -0.13281 0
EL    6.58058  0.81375  0.00000 0
DT    6.60116 -0.22656 -0.13281 0
EL    6.60117  0.79031  0.00000 0
DT    6.62013 -0.22656 -0.13281 0
EL    6.62014  0.76688  0.00000 0
DT    6.64051 -0.22656 -0.14063 0
EL    6.64052  0.74344  0.00000 0
DT    6.66082 -0.21875 -0.14063 0
EL    6.66083  0.68875  0.00000 0
DT    6.68012 -0.21875 -0.14063 0
EL    6.68013  0.57938  0.00000 0
DT    6.70119 -0.21875 -0.14844 0
EL    6.70120  0.37625  0.00000 0
DT    6.72056 -0.21875 -0.15625 0
EL    6.72056  0.22781  0.00000 0
FB    6.73940  0.00000  0.00000 1
DT    6.74136 -0.21875 -0.18750 0
EL    6.74137  0.00000  0.00000 0
DT    6.76149 -0.21875 -0.19531 0
DT    6.78072 -0.21875 -0.20313 0
DT    6.80005 -0.21875 -0.21875 0
DT    6.82038 -0.21875 -0.22656 0
DT    6.84039 -0.21875 -0.24219 0
DT    6.86048 -0.22656 -0.24219 0
DT    6.88045 -0.21875 -0.24219 0
DT    6.90052 -0.22656 -0.24219 0
DT    6.92058 -0.22656 -0.24219 0
DT    6.94016 -0.22656 -0.24219 0
DT    6.95996 -0.22656 -0.24219 0
DT    6.98020 -0.22656 -0.24219 0
DT    7.00053 -0.21875 -0.24219 0
DT    7.02045 -0.21875 -0.24219 0
DT    7.04108 -0.22656 -0.23438 0
DT    7.05968 -0.22656 -0.23438 0
DT    7.08062 -0.22656 -0.21875 0
DT    7.10002 -0.22656 -0.21875 0
DT    7.12091 -0.23438 -0.21094 0
DT    7.14091 -0.23438 -0.21094 0
DT    7.16022 -0.23438 -0.20313 0
DT    7.18104 -0.24219 -0.19531 0
DT    7.19980 -0.24219 -0.19531 0
DT    7.22043 -0.25000 -0.19531 0
DT    7.24100 -0.25000 -0.18750 0
DT    7.26034 -0.24219 -0.18750 0
DT    7.27971 -0.24219 -0.18750 0
DT    7.29995 -0.24219 -0.18750 0
DT    7.31963 -0.24219 -0.18750 0
DT    7.34044 -0.24219 -0.17969 0
DT    7.36031 -0.24219 -0.17188 0
DT    7.37953 -0.24219 -0.17188 0
DT    7.40082 -0.24219 -0.15625 0
DT    7.41976 -0.24219 -0.15625 0
DT    7.44098 -0.24219 -0.14844 0
DT    7.46109 -0.23438 -0.14063 0
DT    7.48127 -0.22656 -0.13281 0
DT    7.50099 -0.21875 -0.11719 0
DT    7.52086 -0.19531 -0.10156 0
DT    7.54090 -0.16406 -0.08594 0
DT    7.56112 -0.09375 -0.07031 0
DT    7.58124 -0.05469 -0.04688 0
DT    7.60156 -0.01563  0.00787 0
DT    7.62115  0.01575  0.02362 0
DT    7.64067  0.01575  0.03150 0
DT    7.66058  0.01575  0.03150 0
DT    7.67979  0.01575  0.03150 0
CA    7.69836  0.00000  0.00000 1
DT    7.70101  0.02362  0.03150 0
DT    7.71981  0.02362  0.03150 0
DT    7.73948  0.02362  0.03150 0
DT    7.75958  0.02362  0.03150 0
DT    7.78035  0.02362  0.03937 0
DT    7.79968  0.02362  0.03937 0
DT    7.81957  0.02362  0.03937 0
DT    7.83978  0.02362  0.03937 0
DT    7.85972  0.02362  0.03937 0
DT    7.88021  0.02362  0.03937 0
DT    7.89995  0.02362  0.03937 0
DT    7.91976  0.02362  0.03937 0
DT    7.93980  0.02362  0.03937 0
DT    7.95965  0.02362  0.03937 0
DT    7.97987  0.02362  0.03937 0
DT    7.99950  0.02362  0.03937 0
DT    8.01994  0.02362  0.03937 0
DT    8.04012  0.02362  0.03937 0
DT    8.05958  0.02362  0.03937 0
DT    8.08024  0.03150  0.03937 0
DT    8.09970  0.03150  0.03937 0
CA    8.11895  0.00000  0.00000 0
DT    8.12125  0.06299  0.03937 0
DT    8.14070  0.04724  0.03937 0
DT    8.15963  0.04724  0.03937 0
DT    8.18078  0.06299  0.06299 0
DT    8.20115  0.11811  0.09449 0
DT    8.22069  0.16535  0.14961 0
DT    8.24096  0.20472  0.19685 0
DT    8.26097  0.24409  0.24409 0
DT    8.28065  0.25984  0.29921 0
DT    8.30133  0.27559  0.31496 0
DT    8.32059  0.26772  0.31496 0
DT    8.34090  0.27559  0.32283 0
DT    8.36071  0.27559  0.32283 0
DT    8.37993  0.27559  0.32283 0
DT    8.40166  0.28346  0.32283 0
DT    8.42052  0.29134  0.32283 0
DT    8.44046  0.30709  0.32283 0
DT    8.46043  0.31496  0.32283 0
DT    8.47987  0.31496  0.32283 0
FB    8.49807  0.00000  0.00000 0
DT    8.50025  0.31496  0.32283 0
DT    8.52003  0.31496  0.32283 0
DT    8.54017  0.31496  0.33071 0
DT    8.56043  0.32283  0.33071 0
DT    8.57989  0.32283  0.33071 0
DT    8.60037  0.31496  0.33071 0
DT    8.61991  0.31496  0.33071 0
DT    8.64011  0.32283  0.33071 0
DT    8.65971  0.32283  0.33071 0
DT    8.68052  0.32283  0.32283 0
DT    8.70023  0.32283  0.31496 0
DT    8.71953  0.32283  0.31496 0
DT    8.73998  0.32283  0.31496 0
DT    8.76069  0.33071  0.29921 0
DT    8.78165  0.34646  0.28346 0
DT    8.80152  0.35433  0.26772 0
DT    8.81987  0.35433  0.26772 0
DT    8.84144  0.38583  0.24409 0
EL    8.84145 -0.07724  0.00000 0
DT    8.86147  0.39370  0.23622 0
EL    8.86147 -0.12449  0.00000 0
DT    8.88140  0.40945  0.22835 0
EL    8.88141 -0.20323  0.00000 0
DT    8.90120  0.42520  0.22047 0
EL    8.90120 -0.28197  0.00000 0
DT    8.92097  0.43307  0.20472 0
EL    8.92098 -0.33709  0.00000 0
DT    8.94100  0.43307  0.18898 0
EL    8.94101 -0.42370  0.00000 0
DT    8.96075  0.43307  0.18110 0
EL    8.96076 -0.51819  0.00000 0
DT    8.98038  0.43307  0.18110 0
EL    8.98038 -0.58906  0.00000 0
DT    9.00029  0.43307  0.18110 0
EL    9.00029 -0.70717  0.00000 0
DT    9.02023  0.43307  0.18110 0
EL    9.02023 -0.80953  0.00000 0
DT    9.04132  0.42520  0.18110 0
EL    9.04133 -0.94339  0.00000 0
DT    9.06144  0.42520  0.18898 0
EL    9.06145 -1.02213  0.00000 0
DT    9.08041  0.42520  0.20472 0
EL    9.08042 -1.03000  0.00000 0
DT    9.10089  0.42520  0.21260 0
EL    9.10090 -1.03000  0.00000 0
DT    9.12016  0.42520  0.22835 0
EL    9.12017 -1.03000  0.00000 0
DT    9.13964  0.42520  0.22835 0
EL    9.13964 -1.03000  0.00000 0
DT    9.16063  0.42520  0.23622 0
EL    9.16064 -1.03000  0.00000 0
DT    9.18046  0.42520  0.24409 0
EL    9.18046 -1.03000  0.00000 0
DT    9.20039  0.42520  0.25984 0
EL    9.20040 -1.03000  0.00000 0
DT    9.22041  0.42520  0.27559 0
EL    9.22042 -1.03000  0.00000 0
DT    9.23961  0.42520  0.27559 0
EL    9.23962 -1.03000  0.00000 0
DT    9.26071  0.42520  0.27559 0
EL    9.26072 -1.03000  0.00000 0
DT    9.28092  0.42520  0.28346 0
EL    9.28092 -1.03000  0.00000 0
DT    9.30069  0.42520  0.27559 0
EL    9.30070 -1.03000  0.00000 0
DT    9.31998  0.42520  0.27559 0
EL    9.31999 -1.03000  0.00000 0
DT    9.33955  0.42520  0.27559 0
EL    9.33956 -1.03000  0.00000 0
DT    9.36056  0.42520  0.26772 0
EL    9.36056 -1.03000  0.00000 0
DT    9.38043  0.43307  0.26772 0
EL    9.38043 -1.03000  0.00000 0
DT    9.40027  0.43307  0.25984 0
EL    9.40028 -1.03000  0.00000 0
DT    9.42056  0.43307  0.25197 0
EL    9.42056 -1.03000  0.00000 0
DT    9.44036  0.43307  0.24409 0
EL    9.44037 -1.03000  0.00000 0
DT    9.46008  0.43307  0.23622 0
EL    9.46009 -1.03000  0.00000 0
DT    9.48022  0.43307  0.22835 0
EL    9.48022 -1.03000  0.00000 0
DT    9.49989  0.43307  0.22835 0
EL    9.49989 -1.03000  0.00000 0
DT    9.52011  0.43307  0.22835 0
EL    9.52012 -1.03000  0.00000 0
DT    9.54014  0.42520  0.22835 0
EL    9.54014 -1.03000  0.00000 0
DT    9.55950  0.42520  0.22835 0
EL    9.55951 -1.03000  0.00000 0
DT    9.58089  0.42520  0.23622 0
EL    9.58089 -1.03000  0.00000 0
DT    9.60031  0.41732  0.23622 0
EL    9.60031 -1.03000  0.00000 0
DT    9.62075  0.40945  0.24409 0
EL    9.62076 -1.03000  0.00000 0
DT    9.64157  0.39370  0.26772 0
EL    9.64158 -0.95126  0.00000 0
DT    9.66102  0.37795  0.27559 0
EL    9.66102 -0.69142  0.00000 0
DT    9.68159  0.33071  0.29134 0
EL    9.68159 -0.32134  0.00000 0
DT    9.70395  0.33071  0.29134 0
EL    9.70396 -0.32134  0.00000 0
DT    9.72160  0.22835  0.30709 0
EL    9.72161  0.00000  0.00000 0
DT    9.74179  0.17323  0.30709 0
DT    9.76153  0.14961  0.31496 0
DT    9.78105  0.13386  0.31496 0
DT    9.79975  0.13386  0.31496 0
DT    9.82006  0.12598  0.31496 0
DT    9.84027  0.11811  0.31496 0
DT    9.86030  0.11024  0.31496 0
DT    9.88082  0.09449  0.32283 0
DT    9.90078  0.08661  0.32283 0
DT    9.92020  0.07874  0.32283 0
DT    9.94016  0.07874  0.33071 0
DT    9.96010  0.07874  0.33071 0
DT    9.98051  0.07874  0.33858 0
DT   10.00053  0.08661  0.33858 0
DT   10.01958  0.08661  0.33858 0
DT   10.03965  0.08661  0.33858 0
DT   10.06077  0.10236  0.33858 0
DT   10.08025  0.11811  0.33858 0
DT   10.10023  0.14961  0.33858 0
DT   10.12028  0.15748  0.33858 0
DT   10.14025  0.17323  0.33858 0
DT   10.15997  0.17323  0.33858 0
DT   10.18088  0.21260  0.33858 0
DT   10.20067  0.23622  0.33858 0
DT   10.22091  0.25984  0.33858 0
DT   10.24070  0.28346  0.33858 0
DT   10.26039  0.30709  0.33858 0
DT   10.28038  0.32283  0.33858 0
DT   10.29967  0.32283  0.33858 0
DT   10.31972  0.32283  0.33858 0
DT   10.33972  0.32283  0.33858 0
DT   10.35968  0.32283  0.33858 0
DT   10.37981  0.32283  0.33858 0
DT   10.40024  0.31496  0.33858 0
DT   10.41984  0.31496  0.33858 0
DT   10.44034  0.31496  0.33858 0
DT   10.45962  0.31496  0.33858 0
DT   10.47983  0.31496  0.33858 0
DT   10.49995  0.31496  0.33858 0
DT   10.52035  0.31496  0.33071 0
DT   10.54011  0.31496  0.33071 0
DT   10.55959  0.31496  0.33071 0
DT   10.57960  0.31496  0.33071 0
DT   10.60005  0.31496  0.33071 0
DT   10.62015  0.32283  0.33071 0
DT   10.64064  0.31496  0.33071 0
DT   10.66034  0.31496  0.33071 0
DT   10.68045  0.31496  0.32283 0
DT   10.70106  0.31496  0.31496 0
DT   10.71965  0.31496  0.31496 0
DT   10.73994  0.31496  0.30709 0
DT   10.75986  0.31496  0.30709 0
DT   10.78066  0.30709  0.29134 0
DT   10.80048  0.30709  0.28346 0
DT   10.82071  0.28346  0.26772 0
DT   10.84077  0.25984  0.24409 0
DT   10.86102  0.23622  0.22835 0
DT   10.88062  0.21260  0.22047 0
DT   10.90072  0.18110  0.20472 0
DT   10.92135  0.17323  0.19685 0
DT   10.94026  0.17323  0.18110 0
DT   10.95987  0.17323  0.18110 0
DT   10.97965  0.17323  0.18110 0
DT   10.99963  0.17323  0.18110 0
DT   11.02042  0.17323  0.18110 0
DT   11.04024  0.17323  0.17323 0
DT   11.06042  0.17323  0.16535 0
DT   11.08073  0.17323  0.14961 0
DT   11.10027  0.17323  0.13386 0
DT   11.12101  0.17323  0.11811 0
DT   11.14092  0.17323  0.09449 0
DT   11.16145  0.17323  0.03937 0
DT   11.18084  0.17323  0.03150 0
DT   11.19989  0.17323  0.03150 0
DT   11.22073  0.16535  0.03150 0
DT   11.24079  0.16535  0.03150 0
DT   11.26074  0.14961  0.03150 0
DT   11.28039  0.12598  0.03150 0
DT   11.30047  0.09449  0.03150 0
DT   11.32043  0.07087  0.03150 0
DT   11.34160  0.05512  0.03150 0
DT   11.36000  0.05512  0.03150 0
DT   11.37970  0.05512  0.03150 0
DT   11.40016  0.05512  0.03150 0
DT   11.41980  0.05512  0.03150 0
EL   11.70438  0.00000  0.00000 1
XX 9999.00000 999.00000 999.00000 0
