DT    0.00026  0.05512  0.03937 0
DT    0.02042  0.05512  0.03937 0
DT    0.04058  0.05512  0.04724 0
DT    0.06046  0.05512  0.03937 0
DT    0.08060  0.05512  0.04724 0
DT    0.10052  0.04724  0.04724 0
DT    0.12116  0.03937  0.04724 0
DT    0.13960  0.03937  0.04724 0
DT    0.16031  0.03937  0.05512 0
DT    0.18330  0.04724  0.08661 0
DT    0.20022  0.04724  0.14961 0
DT    0.22123  0.09449  0.22835 0
DT    0.23955  0.09449  0.22835 0
DT    0.26060  0.13386  0.25197 0
DT    0.28110  0.22047  0.31496 0
DT    0.30047  0.25984  0.37795 0
DT    0.32044  0.36220  0.48031 0
DT    0.34139  0.40945  0.52756 0
DT    0.36093  0.44882  0.59843 0
DT    0.38287  0.46457  0.64567 0
DT    0.40021  0.46457  0.67717 0
DT    0.42127  0.47244  0.69291 0
DT    0.44128  0.47244  0.70866 0
DT    0.46001  0.48819  0.70866 0
DT    0.47992  0.51181  0.70866 0
DT    0.50029  0.54331  0.70866 0
DT    0.52023  0.57480  0.70866 0
DT    0.54023  0.59055  0.70866 0
DT    0.56019  0.60630  0.70866 0
DT    0.57991  0.60630  0.70866 0
DT    0.60323  0.61417  0.71654 0
DT    0.62172  0.62205  0.70866 0
DT    0.63960  0.62205  0.70866 0
DT    0.66023  0.63780  0.70866 0
DT    0.68034  0.65354  0.70866 0
DT    0.70045  0.67717  0.70866 0
DT    0.72080  0.70079  0.70866 0
DT    0.74111  0.70866  0.70866 0
DT    0.76123  0.72441  0.70866 0
DT    0.78089  0.73228  0.70866 0
DT    0.80122  0.74803  0.70866 0
DT    0.82045  0.75591  0.70866 0
DT    0.84413  0.76378  0.70079 0
DT    0.86054  0.77165  0.70079 0
DT    0.88101  0.77953  0.69291 0
DT    0.90067  0.78740  0.68504 0
DT    0.92064  0.79528  0.67717 0
DT    0.94322  0.83465  0.65354 0
DT    0.96263  0.85827  0.63780 0
DT    0.98241  0.89764  0.60630 0
DT    1.00201  0.92126  0.59055 0
DT    1.02143  0.92913  0.56693 0
DT    1.04039  0.92913  0.55906 0
DT    1.06035  0.92913  0.55118 0
DT    1.08056  0.92913  0.53543 0
DT    1.10015  0.92126  0.53543 0
DT    1.12024  0.92126  0.53543 0
DT    1.14001  0.92126  0.53543 0
DT    1.15934  0.92126  0.53543 0
DT    1.18284  0.92126  0.54331 0
DT    1.19986  0.91339  0.54331 0
DT    1.22101  0.90551  0.55118 0
DT    1.24093  0.87402  0.57480 0
DT    1.26000  0.00000  0.00000 0
DT    1.28000  0.00000  0.00000 0
EL    1.30000  0.00000  0.00000 1
XX 9999.00000 999.00000 999.00000 0
