0000    0.00006  0.00006  0.04724  0.03937 521.11290 458.82086  0.00000  0.00000
0001    0.02037  0.02030  0.04724  0.03937 521.11290 458.82086  0.00000  0.00000
0002    0.03969  0.01930  0.04724  0.03937 521.11290 458.82086  0.00000  0.00000
0003    0.06017  0.02047  0.04724  0.03937 521.11290 458.82086  0.00000  0.00000
0004    0.08065  0.02047  0.04724  0.03937 521.11290 458.82086  0.00000  0.00000
0005    0.10123  0.02057  0.04724  0.03150 521.11290 458.82086  0.00000  0.00000
0006    0.12086  0.01961  0.04724  0.03150 521.11290 458.82086  0.00000  0.00000
0007    0.14044  0.01957  0.04724  0.03150 521.11290 458.82086  0.00000  0.00000
0008    0.16077  0.02032  0.04724  0.03937 521.11290 458.82086  0.00000  0.00000
0009    0.18019  0.01941  0.04724  0.03937 521.11290 458.82086  0.00000  0.00000
0010    0.20057  0.02037  0.04724  0.04724 521.11290 458.82086  0.00000  0.00000
0011    0.21984  0.01926  0.04724  0.04724 521.11290 458.82086  0.00000  0.00000
0012    0.24040  0.02055  0.03937  0.04724 521.11290 458.82086  0.00000  0.00000
0013    0.25982  0.01940  0.03937  0.04724 521.11290 458.82086  0.00000  0.00000
0014    0.27986  0.02003  0.03937  0.04724 521.11290 458.82086  0.00000  0.00000
0015    0.30004  0.02017  0.03937  0.04724 521.11290 458.82086  0.00000  0.00000
0016    0.32031  0.02026  0.03937  0.04724 521.11290 458.82086  0.00000  0.00000
0017    0.34033  0.02001  0.03937  0.04724 521.11290 458.82086  0.00000  0.00000
0018    0.35994  0.01960  0.03937  0.04724 521.11290 458.82086  0.00000  0.00000
0019    0.38052  0.02057  0.04724  0.04724 521.11290 458.82086  0.00000  0.00000
0020    0.40023  0.01970  0.04724  0.04724 521.11290 458.82086  0.00000  0.00000
0021    0.41976  0.01952  0.04724  0.04724 521.11290 458.82086  0.00000  0.00000
0022    0.44018  0.02041  0.03937  0.04724 521.11290 458.82086  0.00000  0.00000
0023    0.45991  0.01972  0.03937  0.04724 521.11290 458.82086  0.00000  0.00000
0024    0.48053  0.02061  0.03937  0.05512 521.11290 458.82086  0.00000  0.00000
0025    0.50148  0.02093  0.04724  0.07874 521.11290 458.82086  0.00000  0.00000
0026    0.52099  0.01950  0.06299  0.11811 521.11290 458.82086  0.00000  0.00000
0027    0.54092  0.01992  0.09449  0.14173 521.11290 458.82086  0.00000  0.00000
0028    0.56163  0.02070  0.14961  0.18898 521.11290 458.82086  0.00000  0.00000
0029    0.58170  0.02006  0.18898  0.22047 521.11290 458.77178  0.00000  0.00000
0030    0.60214  0.02043  0.28346  0.28346 521.06381 458.72269  0.00000 -2.40445
0031    0.62171  0.01956  0.33858  0.34646 521.01473 458.67360 -3.03748 -2.79330
0032    0.64096  0.01924  0.41732  0.43307 520.91655 458.57543 -3.91222 -3.47540
0033    0.66150  0.02053  0.43307  0.48819 520.76929 458.37908 -5.04933 -4.68660
0034    0.68093  0.01941  0.47244  0.55118 520.57294 458.18273 -6.24020 -7.46256
0035    0.70097  0.02003  0.50394  0.56693 520.27841 457.88820 -11.08528 -13.06396
0036    0.72137  0.02039  0.51969  0.59843 519.98389 457.49550 -14.12005 -17.55150
0037    0.74132  0.01994  0.54331  0.61417 519.59119 457.05371 -18.69986 -21.27058
0038    0.76235  0.02102  0.55906  0.62205 519.14940 456.56284 -21.58655 -24.81724
0039    0.78112  0.01876  0.58268  0.62205 518.65852 456.02288 -24.85047 -28.00088
0040    0.80097  0.01985  0.59055  0.62205 518.11856 455.43383 -28.02550 -30.25153
0041    0.82226  0.02128  0.60630  0.62992 517.48043 454.69751 -31.09116 -34.29467
0042    0.84076  0.01849  0.61417  0.62992 516.84229 454.05938 -32.98115 -36.81144
0043    0.86016  0.01939  0.61417  0.62992 516.15506 453.27398 -35.98487 -39.03563
0044    0.88125  0.02108  0.62205  0.62992 515.32058 452.43949 -39.61992 -41.13265
0045    0.89979  0.01853  0.62205  0.62992 514.58426 451.60500 -42.00485 -43.48144
0046    0.92151  0.02171  0.63780  0.63780 513.60251 450.62325 -45.55389 -48.21647
0047    0.94361  0.02209  0.63780  0.63780 512.52259 449.49424 -48.23518 -51.83693
0048    0.96132  0.01770  0.65354  0.64567 511.63901 448.56158 -50.48882 -52.67690
0049    0.98190  0.02056  0.66142  0.65354 510.55909 447.48165 -53.29400 -54.40113
0050    1.00086  0.01896  0.66142  0.66929 509.52825 446.45081 -54.32467 -53.82018
0051    1.01985  0.01898  0.66142  0.66929 508.49741 445.37089 -57.76495 -57.49769
0052    1.04018  0.02032  0.66142  0.66929 507.27023 444.14370 -58.01174 -60.46040
0053    1.05983  0.01965  0.66142  0.66929 506.14121 442.96560 -60.14372 -60.50325
0054    1.08011  0.02026  0.66142  0.66929 504.86494 441.68933 -62.41219 -63.61822
0055    1.09984  0.01972  0.66142  0.66929 503.63775 440.41305 -62.17149 -62.92503
0056    1.11994  0.02009  0.66142  0.66929 502.31239 439.08769 -66.17439 -66.85302
0057    1.14033  0.02039  0.66142  0.66929 500.98703 437.71324 -66.86759 -69.67015
0058    1.15994  0.01960  0.66142  0.66929 499.61258 436.33879 -69.41547 -68.74759
0059    1.17989  0.01994  0.66142  0.66929 498.23812 434.91525 -70.36474 -70.02546
0060    1.20017  0.02027  0.66142  0.66929 496.76550 433.49171 -72.33856 -71.88042
0061    1.22029  0.02011  0.66142  0.66929 495.34196 432.01909 -72.39724 -74.76981
0062    1.24064  0.02033  0.66142  0.66929 493.82025 430.44829 -73.98434 -75.08087
0063    1.25973  0.01908  0.66142  0.66929 492.39671 429.02475 -74.57613 -75.21778
0064    1.27986  0.02012  0.66142  0.66929 490.92409 427.50304 -73.71104 -76.96921
0065    1.30041  0.02054  0.66142  0.66929 489.35329 425.88315 -76.69562 -78.20964
0066    1.31993  0.01950  0.66142  0.66929 487.83158 424.36144 -78.62995 -79.41098
0067    1.34000  0.02007  0.66142  0.66929 486.21169 422.74155 -80.82975 -81.14508
0068    1.35981  0.01980  0.66142  0.66929 484.59180 421.17075 -80.84971 -79.39814
0069    1.37988  0.02006  0.66142  0.66929 482.97191 419.50178 -82.94259 -84.50468
0070    1.40008  0.02019  0.66142  0.66929 481.30294 417.78371 -83.63505 -84.77613
0071    1.42046  0.02036  0.66142  0.66929 479.58488 416.06565 -83.55319 -84.33916
0072    1.44026  0.01979  0.66142  0.66929 477.91590 414.34759 -83.45021 -86.84134
0073    1.46094  0.02067  0.66142  0.66929 476.19784 412.62953 -84.44653 -84.39063
0074    1.48010  0.01915  0.66142  0.66929 474.52886 411.00964 -85.79706 -84.90444
0075    1.50024  0.02014  0.66142  0.66929 472.85989 409.24249 -84.72419 -86.08746
0076    1.52050  0.02025  0.66142  0.66929 471.09274 407.52443 -86.87976 -88.94113
0077    1.54037  0.01986  0.66142  0.66929 469.37467 405.75728 -86.75769 -88.15369
0078    1.56051  0.02013  0.66142  0.66929 467.60753 403.99013 -87.58899 -85.47362
0079    1.58400  0.02348  0.66142  0.66929 465.59494 401.87936 -85.70942 -88.46587
0080    1.60157  0.01756  0.66142  0.67717 464.02414 400.30856 -89.01290 -91.15176
0081    1.62071  0.01913  0.66142  0.67717 462.30607 398.54141 -91.80553 -93.53563
0082    1.64017  0.01945  0.66142  0.67717 460.48984 396.72518 -91.37913 -93.53029
0083    1.65983  0.01965  0.66142  0.67717 458.67360 394.90894 -93.66414 -94.53448
0084    1.68016  0.02033  0.66142  0.67717 456.80828 392.99453 -92.28188 -93.28589
0085    1.69985  0.01968  0.66142  0.67717 454.99204 391.12920 -93.59181 -93.13809
0086    1.72008  0.02022  0.66142  0.67717 453.12671 389.26388 -91.13653 -94.13383
0087    1.73994  0.01985  0.66142  0.67717 451.26139 387.34946 -93.37106 -94.77998
0088    1.75976  0.01981  0.66142  0.67717 449.39606 385.48414 -95.90774 -96.04849
0089    1.78031  0.02054  0.66142  0.67717 447.43256 383.52064 -94.77724 -95.88151
0090    1.80006  0.01973  0.66142  0.67717 445.51815 381.60623 -95.80105 -96.65462
0091    1.82015  0.02008  0.66142  0.67717 443.60374 379.64273 -94.98723 -97.37168
0092    1.84064  0.02047  0.66142  0.67717 441.68933 377.63014 -94.48444 -97.93994
0093    1.86007  0.01942  0.66142  0.67717 439.87309 375.76481 -94.43990 -97.43740
0094    1.87986  0.01978  0.66142  0.67717 437.95867 373.85040 -97.19142 -97.50611
0095    1.89991  0.02004  0.66142  0.67717 435.99518 371.83781 -98.21625 -98.61978
0096    1.91992  0.02000  0.66142  0.67717 434.03168 369.87431 -98.45955 -99.61443
0097    1.94042  0.02049  0.66142  0.67717 432.01909 367.81264 -98.12986 -100.78120
0098    1.95968  0.01926  0.66142  0.67717 430.10468 365.84914 -99.80075 -101.38694
0099    1.98028  0.02058  0.66142  0.66929 428.09209 363.78746 -98.28606 -98.22608
0100    1.99986  0.01957  0.66142  0.66929 426.12859 361.87305 -99.01165 -98.85015
0101    2.02041  0.02054  0.66929  0.66929 424.06691 359.81138 -101.05611 -99.78757
0102    2.04026  0.01984  0.66929  0.66929 422.10341 357.84788 -98.71001 -100.06829
0103    2.06033  0.02006  0.66929  0.66929 420.13991 355.83529 -98.64752 -100.97400
0104    2.08026  0.01992  0.66929  0.66929 418.12733 353.82270 -99.86166 -101.65464
0105    2.10014  0.01987  0.66929  0.66929 416.16383 351.81011 -98.70902 -101.52114
0106    2.11963  0.01948  0.66929  0.66929 414.24941 349.84661 -98.24377 -99.93587
0107    2.14033  0.02068  0.67717  0.66929 412.18774 347.83403 -100.54999 -97.85892
0108    2.16000  0.01966  0.67717  0.66929 410.22424 345.87053 -100.50676 -97.84331
0109    2.17958  0.01957  0.67717  0.66929 408.21165 343.90703 -102.10821 -100.67166
0110    2.19984  0.02026  0.67717  0.66929 406.14998 341.84535 -101.85397 -101.71889
0111    2.22012  0.02026  0.67717  0.66929 404.08830 339.78368 -100.45636 -102.61194
0112    2.24068  0.02055  0.67717  0.66142 402.07571 337.67291 -99.96945 -101.93222
0113    2.26090  0.02021  0.67717  0.66142 399.96495 335.56215 -104.45260 -105.01123
0114    2.28171  0.02079  0.68504  0.65354 397.80510 333.40230 -103.94499 -103.72753
0115    2.30094  0.01923  0.67717  0.65354 395.79251 331.38971 -106.58220 -104.17772
0116    2.32193  0.02098  0.68504  0.64567 393.58358 329.22986 -103.18787 -103.32470
0117    2.34029  0.01835  0.68504  0.62992 391.71825 327.36454 -103.60384 -102.16771
0118    2.36058  0.02028  0.68504  0.61417 389.60749 325.30286 -102.81181 -100.42759
0119    2.38071  0.02012  0.69291  0.59843 387.54581 323.24119 -102.50587 -101.23639
0120    2.40028  0.01956  0.69291  0.59843 385.48414 321.27769 -104.67645 -100.25427
0121    2.42107  0.02078  0.69291  0.59055 383.32429 319.16693 -105.11467 -100.94389
0122    2.44014  0.01905  0.69291  0.57480 381.31170 317.25251 -104.42594 -99.93689
0123    2.46018  0.02003  0.69291  0.56693 379.20094 315.23992 -103.99784 -103.47390
0124    2.48123  0.02104  0.70079  0.55906 377.04109 313.08008 -103.48153 -102.07105
0125    2.50017  0.01891  0.70079  0.55906 375.02850 311.16566 -107.05056 -101.81699
0126    2.52050  0.02032  0.70079  0.55118 372.81956 309.10399 -106.72820 -99.40061
0127    2.54111  0.02060  0.70866  0.54331 370.61062 307.04231 -107.24000 -99.37546
0128    2.56022  0.01910  0.70866  0.53543 368.59804 305.17699 -105.49759 -97.88233
0129    2.58087  0.02064  0.70866  0.52756 366.43819 303.21349 -103.82736 -94.69039
0130    2.60059  0.01971  0.70866  0.51969 364.42560 301.29908 -102.09971 -95.47311
0131    2.62046  0.01986  0.70866  0.50394 362.36393 299.43375 -104.21532 -94.41175
0132    2.64041  0.01994  0.70866  0.46457 360.25316 297.51934 -106.15809 -94.58913
0133    2.65959  0.01916  0.70866  0.46457 358.24058 295.75219 -106.71544 -92.20301
0134    2.68077  0.02117  0.70866  0.42520 355.98255 293.78869 -109.48356 -92.21600
0135    2.70074  0.01996  0.70866  0.38583 353.77361 291.92336 -109.33359 -98.13182
0136    2.72133  0.02058  0.71654  0.31496 351.51559 289.95986 -108.14368 -94.94773
0137    2.74090  0.01956  0.71654  0.29921 349.40483 288.14363 -109.44328 -93.86024
0138    2.76046  0.01955  0.71654  0.22835 347.29406 286.37647 -109.16339 -86.90437
0139    2.78040  0.01992  0.71654  0.19685 345.08513 284.70750 -109.33237 -79.94837
0140    2.80096  0.02054  0.72441  0.10236 342.92528 283.08761 -106.85016 -78.62491
0141    2.82041  0.01945  0.72441  0.05512 340.81451 281.61499 -105.82852 -72.64473
0142    2.84069  0.02027  0.72441  0.02362 338.70375 280.28963 -105.25893 -63.84369
0143    2.86108  0.02038  0.72441  0.03150 336.54390 278.86609 -105.33572 -75.28815
0144    2.88040  0.01931  0.72441  0.03937 334.53131 277.29529 -104.10812 -81.25590
0145    2.90119  0.02078  0.72441  0.03150 332.37146 275.62631 -105.07642 -78.80984
0146    2.92139  0.02019  0.73228  0.02362 330.21161 274.15369 -105.84906 -72.73354
0147    2.94135  0.01995  0.73228  0.00000 328.10085 272.73015 -106.09384 -71.39740
0148    2.96119  0.01983  0.73228 -0.03906 325.99009 271.20844 -107.01789 -76.56642
0149    2.98122  0.02001  0.73228 -0.07031 323.78115 269.58855 -110.45916 -81.60102
0150    3.00154  0.02032  0.73228 -0.09375 321.57221 268.01775 -106.63314 -71.42961
0151    3.02048  0.01893  0.73228 -0.10938 319.55963 266.93783 -105.75670 -53.16269
0152    3.04048  0.01998  0.73228 -0.12500 317.49795 266.05425 -103.55030 -40.88700
0153    3.06032  0.01983  0.73228 -0.12500 315.43627 265.31794 -100.56647 -37.72798
0154    3.08239  0.02206  0.73228 -0.12500 313.27643 264.28710 -100.90135 -49.22731
0155    3.10167  0.01927  0.72441 -0.10156 311.26384 263.40353 -102.73328 -44.56848
0156    3.12153  0.01984  0.72441 -0.06250 309.25125 262.56904 -102.32851 -41.95387
0157    3.14080  0.01926  0.72441 -0.00781 307.28775 261.78364 -100.65824 -39.47845
0158    3.16133  0.02052  0.72441  0.03937 305.22608 260.85098 -100.42040 -48.41645
0159    3.18085  0.01951  0.72441  0.04724 303.26257 259.82014 -99.20074 -52.46689
0160    3.20089  0.02002  0.73228  0.04724 301.34816 258.88748 -97.52451 -45.44192
0161    3.22125  0.02035  0.73228  0.03937 299.28649 257.95481 -98.79544 -44.77295
0162    3.24055  0.01929  0.73228  0.03150 297.47025 257.12033 -93.92939 -42.09563
0163    3.26106  0.02050  0.74016 -0.03125 295.60493 256.18766 -91.55724 -46.40615
0164    3.28149  0.02042  0.74803 -0.07031 293.73960 255.25500 -89.63216 -45.50195
0165    3.30101  0.01950  0.77953 -0.09375 292.02154 254.51869 -88.52011 -39.84100
0166    3.32146  0.02045  0.79528 -0.13281 290.20530 253.97873 -86.47266 -24.99504
0167    3.34082  0.01935  0.79528 -0.14063 288.48724 253.68420 -89.62234 -19.63276
0168    3.36105  0.02022  0.79528 -0.16406 286.72009 253.38967 -87.76831 -14.31694
0169    3.38137  0.02031  0.79528 -0.18750 284.95294 252.84971 -86.75615 -24.93846
0170    3.39978  0.01840  0.79528 -0.18750 283.38214 252.35884 -86.69640 -28.14521
0171    3.42128  0.02148  0.78740 -0.17969 281.46773 251.81888 -87.40185 -26.10329
0172    3.44164  0.02034  0.77953 -0.15625 279.70058 251.32800 -88.09515 -22.91308
0173    3.46168  0.02003  0.77165 -0.11719 277.88434 250.93530 -90.83045 -19.89515
0174    3.48161  0.01992  0.72441 -0.05469 276.11719 250.54260 -90.41304 -21.04447
0175    3.50107  0.01945  0.72441  0.00787 274.35004 250.10081 -89.32146 -21.91886
0176    3.52100  0.01992  0.70866  0.04724 272.58289 249.51176 -88.28211 -29.77870
0177    3.54113  0.02012  0.70079  0.04724 270.91391 248.92271 -81.30233 -28.92315
0178    3.56149  0.02035  0.67717  0.04724 269.29403 248.38275 -78.83199 -26.27037
0179    3.58139  0.01988  0.66142  0.04724 267.87049 247.89188 -71.25024 -24.93416
0180    3.60187  0.02048  0.62992  0.04724 266.39786 247.45009 -69.17776 -22.17246
0181    3.62149  0.01961  0.61417  0.03937 265.12159 247.15556 -65.90032 -16.25075
0182    3.64185  0.02034  0.60630  0.05512 263.74714 246.95921 -66.47910 -12.30427
0183    3.66097  0.01911  0.59843  0.10236 262.47086 246.81195 -66.77436 -10.08460
0184    3.68059  0.01961  0.59843  0.18898 261.14550 246.56651 -68.44277 -9.88954
0185    3.70008  0.01948  0.59843  0.18898 259.82014 245.92838 -67.38161 -36.23964
0186    3.72059  0.02050  0.59843  0.25197 258.44569 245.19206 -66.21411 -33.36018
0187    3.74055  0.01995  0.59843  0.29921 257.16941 244.50484 -65.85081 -34.47592
0188    3.76139  0.02082  0.59843  0.31496 255.79496 243.76852 -63.54410 -37.33671
0189    3.78085  0.01945  0.59843  0.34646 254.61686 243.03221 -59.87595 -38.24578
0190    3.80187  0.02101  0.60630  0.36220 253.38967 242.14864 -59.02671 -40.74497
0191    3.82072  0.01884  0.60630  0.37008 252.30975 241.31415 -57.14161 -45.83954
0192    3.84035  0.01962  0.60630  0.37008 251.13165 240.38149 -59.71062 -48.59258
0193    3.86116  0.02080  0.61417  0.36220 249.85538 239.35065 -64.16247 -50.26161
0194    3.88102  0.01985  0.62205  0.37008 248.53001 238.36890 -67.25098 -49.09928
0195    3.90083  0.01980  0.62992  0.36220 247.15556 237.38715 -68.64425 -48.26056
0196    3.92093  0.02009  0.63780  0.36220 245.78111 236.45449 -69.89684 -47.58846
0197    3.94103  0.02009  0.64567  0.34646 244.40666 235.47274 -68.46521 -49.65079
0198    3.96008  0.01904  0.64567  0.34646 243.13039 234.49099 -66.70947 -49.93845
0199    3.98130  0.02121  0.64567  0.35433 241.70685 233.41106 -66.46469 -50.61376
0200    4.00014  0.01882  0.64567  0.35433 240.47966 232.47840 -65.12049 -52.53146
0201    4.02198  0.02184  0.64567  0.36220 239.05613 231.34939 -65.61842 -51.60994
0202    4.04044  0.01845  0.64567  0.37008 237.82894 230.36764 -65.52776 -51.26043
0203    4.06067  0.02022  0.64567  0.40157 236.45449 229.33680 -69.22605 -51.87583
0204    4.08116  0.02048  0.64567  0.42520 235.03095 228.25688 -70.35869 -53.62381
0205    4.10112  0.01995  0.63780  0.48031 233.60741 227.12786 -71.28853 -56.53223
0206    4.12156  0.02043  0.62992  0.48819 232.13479 225.94976 -71.94205 -57.89576
0207    4.14398  0.02241  0.62992  0.48819 230.51490 224.62440 -71.95049 -59.75859
0208    4.16153  0.01753  0.61417  0.51969 229.23862 223.54448 -74.56480 -61.32296
0209    4.18206  0.02052  0.61417  0.52756 227.76600 222.21911 -72.01488 -64.27716
0210    4.20094  0.01887  0.61417  0.51969 226.39155 221.04101 -72.00167 -63.63966
0211    4.22068  0.01973  0.61417  0.51969 224.96801 219.76474 -72.28477 -66.14764
0212    4.24140  0.02071  0.61417  0.52756 223.44630 218.39029 -72.47794 -65.57328
0213    4.26098  0.01957  0.60630  0.52756 222.02276 217.11401 -72.65441 -64.11931
0214    4.28184  0.02085  0.59843  0.54331 220.50105 215.73956 -73.15247 -65.94148
0215    4.30116  0.01931  0.59055  0.55118 219.12660 214.46329 -72.68507 -68.14301
0216    4.32101  0.01984  0.57480  0.57480 217.65398 213.08884 -72.98009 -68.01366
0217    4.34158  0.02057  0.56693  0.59055 216.18135 211.66530 -73.17210 -70.42228
0218    4.36115  0.01956  0.55118  0.60630 214.70873 210.24176 -72.63936 -71.47694
0219    4.38042  0.01927  0.55118  0.60630 213.28519 208.86731 -74.87473 -72.58297
0220    4.40168  0.02125  0.55118  0.59843 211.66530 207.29651 -76.72799 -73.63861
0221    4.41973  0.01804  0.55118  0.59843 210.29085 205.92206 -77.78887 -75.90401
0222    4.44052  0.02078  0.55906  0.59843 208.72005 204.35126 -75.80905 -76.11114
0223    4.45988  0.01935  0.55906  0.59843 207.24743 202.87864 -75.57446 -76.37225
0224    4.47997  0.02008  0.55906  0.59843 205.72571 201.35693 -74.94961 -75.94922
0225    4.49995  0.01997  0.55906  0.59843 204.20400 199.83521 -76.45611 -76.52584
0226    4.51982  0.01986  0.55906  0.59843 202.68229 198.31350 -77.06588 -76.39483
0227    4.53974  0.01991  0.55906  0.59843 201.16058 196.74270 -77.41409 -79.05099
0228    4.56016  0.02041  0.55906  0.59843 199.58978 195.17190 -77.06467 -76.14243
0229    4.58008  0.01991  0.55906  0.59843 198.01897 193.60110 -79.01218 -78.91691
0230    4.60004  0.01995  0.55906  0.59843 196.44818 191.98121 -79.45533 -80.10297
0231    4.62085  0.02080  0.55906  0.59055 194.77920 190.31224 -80.74930 -80.69090
0232    4.64031  0.01946  0.55906  0.59055 193.25749 188.69235 -79.55964 -82.92788
0233    4.66018  0.01986  0.55906  0.59055 191.68669 187.07246 -79.87552 -83.73134
0234    4.68006  0.01987  0.55906  0.59055 190.06680 185.40349 -79.94316 -82.79710
0235    4.70008  0.02001  0.55906  0.59055 188.49600 183.78360 -80.40738 -81.13234
0236    4.72028  0.02020  0.55906  0.59055 186.82703 182.16371 -82.25600 -79.51517
0237    4.73969  0.01939  0.55906  0.59055 185.25623 180.59291 -82.03536 -81.85616
0238    4.75990  0.02020  0.55906  0.59055 183.63634 178.92394 -80.22537 -81.70356
0239    4.78305  0.02314  0.55906  0.59055 181.77101 177.00953 -80.22210 -83.63006
0240    4.80191  0.01885  0.55118  0.59843 180.24930 175.43873 -81.06869 -82.80967
0241    4.82043  0.01850  0.55118  0.59843 178.77667 173.91701 -79.64548 -83.05065
0242    4.84031  0.01988  0.55118  0.59843 177.20588 172.24804 -78.53120 -83.45589
0243    4.86081  0.02049  0.52756  0.59843 175.58599 170.48089 -80.36262 -85.03755
0244    4.88128  0.02045  0.51969  0.59843 173.86792 168.76283 -84.13678 -85.86835
0245    4.89985  0.01856  0.51969  0.59843 172.29713 167.14294 -83.41759 -85.38219
0246    4.92117  0.02131  0.51969  0.59843 170.52998 165.32670 -83.37226 -85.66380
0247    4.94029  0.01911  0.51969  0.59843 168.95918 163.65773 -80.70881 -86.35932
0248    4.96003  0.01973  0.51969  0.59843 167.38838 161.98875 -79.60092 -85.61450
0249    4.98027  0.02023  0.51969  0.59843 165.76849 160.22160 -78.56954 -87.81149
0250    4.99994  0.01967  0.51969  0.59843 164.19769 158.55263 -80.42648 -85.74685
0251    5.02018  0.02023  0.51969  0.59843 162.62689 156.83456 -79.11915 -83.30151
0252    5.04127  0.02108  0.51181  0.59843 160.95791 155.01833 -79.37567 -82.08338
0253    5.06067  0.01939  0.50394  0.59843 159.38711 153.39844 -78.11568 -82.03879
0254    5.08052  0.01984  0.48031  0.59843 157.86540 151.82764 -75.92220 -80.52015
0255    5.10046  0.01993  0.47244  0.59843 156.39278 150.15866 -70.81852 -85.14227
0256    5.12036  0.01988  0.46457  0.59843 154.96924 148.34243 -76.64652 -92.21773
0257    5.14079  0.02042  0.45669  0.59843 153.34935 146.37893 -79.28784 -92.49663
0258    5.15972  0.01891  0.45669  0.59843 151.92581 144.80813 -73.02243 -84.46324
0259    5.17978  0.02006  0.45669  0.59843 150.55136 143.23733 -66.58686 -78.45778
0260    5.20008  0.02028  0.45669  0.59843 149.22600 141.71561 -60.91923 -75.42466
0261    5.21984  0.01975  0.45669  0.59843 148.04790 140.09573 -61.12405 -83.95977
0262    5.24030  0.02045  0.45669  0.59843 146.62436 138.27949 -71.53370 -89.89068
0263    5.26023  0.01992  0.45669  0.59843 145.20083 136.36508 -70.33853 -97.76536
0264    5.28035  0.02011  0.45669  0.59843 143.77729 134.59793 -72.71468 -79.98680
0265    5.30110  0.02074  0.46457  0.59843 142.20649 133.22348 -77.08222 -68.66057
0266    5.32047  0.01935  0.46457  0.60630 140.83204 131.75085 -68.68122 -80.13632
0267    5.33974  0.01926  0.46457  0.60630 139.65394 130.27823 -62.73885 -77.52718
0268    5.36072  0.02095  0.47244  0.60630 138.18131 128.41290 -72.08414 -91.61962
0269    5.37992  0.01919  0.47244  0.60630 136.80686 126.59666 -68.04949 -91.04694
0270    5.39983  0.01990  0.47244  0.60630 135.48150 124.68225 -69.44985 -96.38513
0271    5.42065  0.02081  0.47244  0.61417 133.91070 122.71875 -77.21438 -91.78837
0272    5.44005  0.01938  0.47244  0.62205 132.53625 121.29521 -65.61272 -69.35810
0273    5.46034  0.02028  0.47244  0.62205 131.30906 119.72441 -56.24334 -76.08460
0274    5.48062  0.02027  0.47244  0.62205 129.93461 118.00635 -69.54283 -95.26282
0275    5.50037  0.01974  0.47244  0.62205 128.56016 116.19011 -72.86147 -91.46171
0276    5.52086  0.02048  0.47244  0.62205 126.98936 114.61931 -72.00167 -61.26174
0277    5.54013  0.01926  0.47244  0.62205 125.76218 113.24486 -66.24226 -70.78431
0278    5.56012  0.01999  0.47244  0.62205 124.43681 111.77224 -66.22528 -77.11795
0279    5.58109  0.02096  0.47244  0.61417 123.01328 110.20144 -65.35937 -73.19719
0280    5.60005  0.01895  0.47244  0.61417 121.68791 108.77790 -65.27072 -75.17574
0281    5.62130  0.02096  0.48031  0.61417 120.31346 107.20710 -67.65744 -75.48323
0282    5.64042  0.01911  0.51181  0.61417 119.03719 105.73448 -67.73633 -74.63679
0283    5.66041  0.01998  0.53543  0.61417 117.66274 104.26185 -68.30896 -74.76070
0284    5.68067  0.02025  0.55906  0.61417 116.23920 102.69105 -68.75481 -75.96803
0285    5.70145  0.02076  0.56693  0.61417 114.81566 101.12025 -70.73840 -77.30071
0286    5.71990  0.01844  0.56693  0.61417 113.49030 99.69671 -72.53578 -77.01812
0287    5.74090  0.02098  0.57480  0.61417 111.91950 98.07683 -72.78207 -78.28823
0288    5.75982  0.01891  0.57480  0.61417 110.54505 96.60420 -75.43799 -78.56137
0289    5.78079  0.02096  0.57480  0.62205 108.92516 94.93523 -75.62977 -79.66099
0290    5.80013  0.01933  0.56693  0.62205 107.50163 93.41351 -76.71540 -79.63127
0291    5.82072  0.02058  0.57480  0.62992 105.88174 91.74454 -76.05748 -81.52648
0292    5.84110  0.02036  0.56693  0.64567 104.36003 90.07556 -76.10229 -80.97375
0293    5.86023  0.01912  0.56693  0.65354 102.88740 88.50476 -76.67765 -82.46604
0294    5.88064  0.02041  0.56693  0.66142 101.31660 86.83579 -76.33959 -82.06965
0295    5.89963  0.01898  0.56693  0.66142 99.84398 85.26499 -76.85834 -81.51903
0296    5.91960  0.01995  0.56693  0.66142 98.32226 83.64510 -78.57709 -82.61664
0297    5.94054  0.02093  0.56693  0.66142 96.65329 81.92704 -78.57520 -81.40885
0298    5.96071  0.02016  0.57480  0.66142 95.08249 80.20898 -78.94483 -84.00216
0299    5.97977  0.01905  0.57480  0.66142 93.51169 78.63818 -81.54070 -83.96408
0300    6.00044  0.02066  0.57480  0.65354 91.79362 76.87103 -82.95591 -86.76152
0301    6.02017  0.01972  0.58268  0.65354 90.17374 75.10388 -83.10056 -85.52798
0302    6.04049  0.02031  0.59843  0.65354 88.50476 73.38581 -82.99658 -86.41557
0303    6.06030  0.01980  0.61417  0.65354 86.83579 71.61866 -85.07734 -88.94113
0304    6.08018  0.01987  0.62205  0.65354 85.11773 69.85151 -87.53979 -88.86867
0305    6.10122  0.02102  0.63780  0.64567 83.25240 68.03528 -89.10581 -89.00645
0306    6.12074  0.01952  0.64567  0.62992 81.48525 66.26813 -88.41966 -88.00434
0307    6.14099  0.02024  0.65354  0.61417 79.71810 64.50098 -87.00064 -86.34868
0308    6.16175  0.02075  0.66142  0.59055 77.90186 62.73382 -87.32333 -85.08324
0309    6.18122  0.01945  0.66929  0.55906 76.23289 61.06485 -86.67037 -84.44290
0310    6.20141  0.02018  0.67717  0.51969 74.46574 59.34679 -86.52067 -85.02208
0311    6.22058  0.01916  0.67717  0.50394 72.79676 57.72690 -88.50335 -84.49450
0312    6.24146  0.02087  0.68504  0.45669 70.98053 55.95975 -86.99987 -84.29499
0313    6.26179  0.02032  0.70079  0.44094 69.16429 54.29078 -90.20867 -83.36518
0314    6.28131  0.01951  0.70866  0.38583 67.34805 52.67089 -92.92475 -82.41343
0315    6.30086  0.01954  0.70866  0.33071 65.48273 51.00191 -95.62469 -84.56364
0316    6.32146  0.02059  0.71654  0.25197 63.51923 49.28385 -96.02030 -83.21326
0317    6.34030  0.01883  0.71654  0.21260 61.70299 47.76214 -96.74034 -80.38631
0318    6.36040  0.02009  0.71654  0.16535 59.73949 46.14225 -96.11525 -80.63059
0319    6.38049  0.02008  0.71654  0.13386 57.77599 44.57145 -96.63274 -75.49600
0320    6.40051  0.02000  0.71654  0.04724 55.86158 43.19700 -96.87685 -69.70132
0321    6.42107  0.02055  0.71654  0.02362 53.89808 41.82255 -95.69180 -65.07344
0322    6.44128  0.02020  0.70866  0.03937 51.93458 40.49719 -96.65748 -69.66126
0323    6.46016  0.01887  0.70866  0.04724 50.16743 39.12274 -95.72912 -74.83991
0324    6.47996  0.01979  0.70866  0.04724 48.20393 37.74829 -99.53666 -64.11638
0325    6.50015  0.02018  0.70866  0.03937 46.19134 36.52110 -98.82129 -59.75241
0326    6.52068  0.02053  0.69291  0.03937 44.12966 35.29391 -99.82003 -55.81645
0327    6.54097  0.02027  0.65354  0.03150 42.11708 34.16490 -98.72390 -54.31505
0328    6.56068  0.01970  0.61417  0.02362 40.20266 33.13406 -98.23689 -52.32679
0329    6.58149  0.02080  0.60630 -0.03125 38.19008 31.95596 -93.50980 -56.50685
0330    6.60160  0.02010  0.58268 -0.06250 36.37384 30.77786 -91.38594 -60.27592
0331    6.62114  0.01954  0.52756 -0.10156 34.50851 29.64885 -94.78456 -55.79964
0332    6.64205  0.02089  0.46457 -0.11719 32.54501 28.81436 -92.63628 -37.96257
0333    6.66143  0.01938  0.38583 -0.14844 30.77786 28.12714 -91.55468 -36.78633
0334    6.68166  0.02021  0.30709 -0.16406 28.96162 27.39083 -89.83639 -34.03654
0335    6.70158  0.01991  0.18898 -0.17188 27.24356 26.75269 -84.67012 -32.22931
0336    6.72075  0.01916  0.10236 -0.17188 25.82003 26.21273 -63.94599 -27.80610
0337    6.74086  0.02009  0.04724 -0.17188 24.64193 25.72185 -58.47823 -25.33522
0338    6.75979  0.01892  0.04724 -0.17188 23.51291 25.23098 -60.87466 -25.19957
0339    6.78054  0.02074  0.05512 -0.17188 22.18755 24.74010 -64.25444 -23.44270
0340    6.80030  0.01976  0.05512 -0.17188 21.00945 24.34740 -60.17210 -20.95214
0341    6.81983  0.01951  0.05512 -0.17188 19.88044 24.00379 -57.73506 -17.93924
0342    6.84037  0.02053  0.01575 -0.17188 18.70234 23.75835 -54.63394 -15.27179
0343    6.86098  0.02059 -0.03906 -0.17188 17.62241 23.51291 -54.38425 -12.72119
0344    6.88061  0.01962 -0.16406 -0.17188 16.49340 23.31656 -58.78778 -10.83295
0345    6.90188  0.02126 -0.23438 -0.17969 15.26621 23.16930 -53.34090 -9.25120
0346    6.92173  0.01983 -0.25000 -0.18750 14.48081 23.12021 -37.70581 -8.45787
0347    6.94083  0.01910 -0.25781 -0.18750 13.89176 23.07113 -30.92652 -7.05407
0348    6.96049  0.01965 -0.25781 -0.18750 13.44998 23.02204 -22.52361 -5.47681
0349    6.98166  0.02116 -0.26563 -0.19531 13.10636 23.02204 -17.95174 -5.47681
0350    7.00068  0.01901 -0.28125 -0.19531 12.86093 23.02204 -15.36878 -5.47681
0351    7.02078  0.02008 -0.29688 -0.19531 12.61549 23.02204 -12.53106 -5.47681
0352    7.04053  0.01974 -0.31250 -0.19531 12.46823 23.02204 -10.30885 -5.47681
0353    7.06150  0.02096 -0.32813 -0.20313 12.37005 23.07113 -8.22798 -5.47681
0354    7.08049  0.01899 -0.34375 -0.20313 12.37005 23.07113 -8.22798 -5.47681
0355    7.10116  0.02066 -0.35156 -0.20313 12.46823 23.07113 -3.94154 -5.47681
0356    7.12165  0.02047 -0.35156 -0.21094 12.56640 23.07113 -1.83557  0.00000
0357    7.14150  0.01984 -0.35156 -0.22656 12.76275 23.07113  1.76267  0.00000
0358    7.15953  0.01802 -0.35156 -0.22656 12.91001 23.12021  4.90220  0.00000
0359    7.18092  0.02138 -0.35156 -0.23438 13.10636 23.21839  9.12567  3.57586
0360    7.20065  0.01971 -0.35156 -0.24219 13.30271 23.36565  9.89945  4.79516
0361    7.22094  0.02028 -0.35156 -0.25781 13.54815 23.56200 10.79798  6.08990
0362    7.24045  0.01950 -0.35156 -0.25781 13.79359 23.75835 11.88348  9.16418
0363    7.26087  0.02040 -0.35156 -0.26563 14.08811 24.05288 13.04911 11.81894
0364    7.28115  0.02027 -0.34375 -0.26563 14.38264 24.29831 14.25102 12.74755
0365    7.30061  0.01945 -0.34375 -0.27344 14.67716 24.59284 15.33462 13.89787
0366    7.32203  0.02142 -0.33594 -0.27344 15.02078 24.93645 15.99640 15.37018
0367    7.34088  0.01883 -0.33594 -0.27344 15.36439 25.23098 17.14371 16.21095
0368    7.36229  0.02140 -0.32813 -0.27344 15.75709 25.62368 18.29210 17.80910
0369    7.38215  0.01986 -0.32031 -0.28125 16.14979 26.01638 19.47859 18.72504
0370    7.40124  0.01907 -0.30469 -0.29688 16.54249 26.35999 19.70634 19.26556
0371    7.42071  0.01946 -0.28906 -0.29688 16.93519 26.75269 19.48733 19.12751
0372    7.44153  0.02081 -0.25781 -0.29688 17.32789 27.14539 19.02679 19.12103
0373    7.46022  0.01869 -0.23438 -0.29688 17.67150 27.48900 18.68349 19.44599
0374    7.48079  0.02055 -0.16406 -0.30469 18.06420 27.88170 18.49995 19.39240
0375    7.50048  0.01969 -0.13281 -0.30469 18.40781 28.32349 18.63239 20.15984
0376    7.52076  0.02027 -0.10938 -0.29688 18.80051 28.71619 18.47044 20.91362
0377    7.54074  0.01997 -0.10938 -0.29688 19.14413 29.15798 18.83807 22.08413
0378    7.55984  0.01909 -0.10938 -0.29688 19.53683 29.59976 19.45069 23.29972
0379    7.58089  0.02104 -0.12500 -0.29688 19.92952 30.13973 19.72019 24.55812
0380    7.60100  0.02010 -0.13281 -0.29688 20.32223 30.63060 19.34742 24.97158
0381    7.61981  0.01881 -0.13281 -0.29688 20.71493 31.12148 19.25162 24.85015
0382    7.64013  0.02031 -0.13281 -0.29688 21.10763 31.61235 19.29965 23.97828
0383    7.66149  0.02135 -0.13281 -0.30469 21.50033 32.10323 18.36045 23.94255
0384    7.68122  0.01972 -0.13281 -0.32031 21.84394 32.59410 18.33731 23.84816
0385    7.70178  0.02055 -0.12500 -0.35156 22.23664 33.08498 18.11200 24.44651
0386    7.72119  0.01940 -0.11719 -0.36719 22.58025 33.57585 18.02219 25.25655
0387    7.74168  0.02048 -0.09375 -0.37500 22.92386 34.11581 18.37695 26.27086
0388    7.76203  0.02033 -0.07813 -0.38281 23.31656 34.65578 18.12491 27.34063
0389    7.78045  0.01842 -0.07031 -0.38281 23.61109 35.19574 17.74283 28.17275
0390    7.80051  0.02005 -0.06250 -0.38281 24.00379 35.73570 17.80620 28.65077
0391    7.82056  0.02004 -0.06250 -0.38281 24.34740 36.32475 17.74405 29.48420
0392    7.84035  0.01977 -0.06250 -0.38281 24.69101 36.91380 17.22100 29.84433
0393    7.86039  0.02003 -0.06250 -0.38281 25.03463 37.55194 16.72846 30.25955
0394    7.88129  0.02089 -0.06250 -0.37500 25.37824 38.14099 17.00415 30.43478
0395    7.90178  0.02048 -0.06250 -0.37500 25.72185 38.82821 17.02231 31.08161
0396    7.92132  0.01953 -0.07031 -0.37500 26.06546 39.41726 16.71533 30.44195
0397    7.94088  0.01955 -0.07813 -0.37500 26.40907 40.00631 17.11956 31.31829
0398    7.96091  0.02002 -0.10156 -0.37500 26.75269 40.69354 17.81156 32.93027
0399    7.98075  0.01984 -0.11719 -0.37500 27.14539 41.33168 18.84856 32.74061
0400    8.00336  0.02260 -0.11719 -0.37500 27.53809 42.06799 19.01242 33.39070
0401    8.02167  0.01829 -0.14063 -0.38281 27.88170 42.70613 18.69854 34.47785
0402    8.04062  0.01895 -0.16406 -0.38281 28.27440 43.34426 18.68505 34.77967
0403    8.06080  0.02017 -0.17188 -0.38281 28.66710 44.03149 19.70282 33.93266
0404    8.08122  0.02040 -0.17969 -0.38281 29.05980 44.71871 20.00762 33.35372
0405    8.10082  0.01959 -0.18750 -0.38281 29.45250 45.40594 20.00982 34.35155
0406    8.12052  0.01968 -0.19531 -0.38281 29.89429 46.09316 21.77602 33.64842
0407    8.14048  0.01996 -0.19531 -0.38281 30.38516 46.73130 25.07368 33.28700
0408    8.16073  0.02024 -0.21094 -0.38281 30.92512 47.41853 25.97545 34.43444
0409    8.18129  0.02055 -0.21875 -0.37500 31.46509 48.30210 25.38186 43.87866
0410    8.20074  0.01944 -0.22656 -0.37500 32.00505 49.28385 28.13997 51.48921
0411    8.22040  0.01965 -0.24219 -0.37500 32.54501 50.21651 27.60167 46.42239
0412    8.24168  0.02127 -0.25000 -0.36719 33.03589 50.80556 22.83750 26.83374
0413    8.26020  0.01851 -0.26563 -0.36719 33.37950 51.49279 20.61933 39.52199
0414    8.28033  0.02011 -0.26563 -0.35938 33.96855 52.32728 27.33050 39.59643
0415    8.30146  0.02112 -0.27344 -0.35156 34.50851 53.11267 26.74135 38.31309
0416    8.32078  0.01931 -0.28125 -0.34375 35.04847 53.84899 27.37341 37.26669
0417    8.34156  0.02077 -0.28906 -0.33594 35.63753 54.58530 28.40539 35.48387
0418    8.36033  0.01876 -0.28906 -0.32813 36.17749 55.22344 30.31271 35.82036
0419    8.37957  0.01923 -0.28906 -0.32813 36.76654 55.91066 29.14121 34.47543
0420    8.40169  0.02211 -0.29688 -0.32031 37.35559 56.64698 27.87020 34.12610
0421    8.42141  0.01971 -0.30469 -0.31250 37.89555 57.33420 26.12149 32.66435
0422    8.44205  0.02063 -0.31250 -0.30469 38.43551 57.97234 27.25743 32.45927
0423    8.46182  0.01976 -0.32031 -0.29688 38.97547 58.61048 26.90264 31.81880
0424    8.48147  0.01964 -0.32813 -0.28125 39.51544 59.24861 28.20318 31.13395
0425    8.50225  0.02076 -0.33594 -0.27344 40.10449 59.83766 28.49774 30.47172
0426    8.52029  0.01803 -0.33594 -0.26563 40.64445 60.42671 28.50453 30.86546
0427    8.54103  0.02073 -0.34375 -0.25781 41.23350 61.01576 29.45774 30.03212
0428    8.56109  0.02005 -0.35938 -0.25000 41.87164 61.65390 30.66800 30.72703
0429    8.58074  0.01964 -0.37500 -0.24219 42.46069 62.29204 31.55819 31.35640
0430    8.60076  0.02001 -0.38281 -0.23438 43.14791 62.93018 33.66712 32.79584
0431    8.61983  0.01906 -0.38281 -0.23438 43.83514 63.56831 36.00929 33.83140
0432    8.64060  0.02076 -0.39063 -0.23438 44.62054 64.30463 38.23446 35.38093
0433    8.66147  0.02086 -0.38281 -0.22656 45.45503 65.04094 39.96198 36.98910
0434    8.67995  0.01847 -0.38281 -0.22656 46.19134 65.77725 41.03140 38.56670
0435    8.70002  0.02005 -0.38281 -0.22656 47.07491 66.56265 42.97985 39.63016
0436    8.72037  0.02034 -0.38281 -0.22656 47.95849 67.34805 42.82891 38.10328
0437    8.73973  0.01936 -0.38281 -0.22656 48.79298 68.08436 43.08415 38.09943
0438    8.76016  0.02042 -0.38281 -0.23438 49.62746 68.86976 42.69778 37.04284
0439    8.78031  0.02014 -0.37500 -0.23438 50.51104 69.60608 43.07924 36.97434
0440    8.80027  0.01995 -0.36719 -0.23438 51.39461 70.39148 44.36105 39.25555
0441    8.82085  0.02056 -0.35938 -0.23438 52.32728 71.17688 46.09934 39.91633
0442    8.84038  0.01952 -0.34375 -0.23438 53.25994 71.96228 46.84704 40.04805
0443    8.86017  0.01978 -0.32813 -0.23438 54.19260 72.79676 46.62744 40.03336
0444    8.88067  0.02049 -0.31250 -0.23438 55.12526 73.58216 45.72830 38.57776
0445    8.89997  0.01928 -0.31250 -0.23438 56.00884 74.31847 45.00942 38.18627
0446    8.92107  0.02109 -0.31250 -0.22656 56.94150 75.10388 45.37534 37.72653
0447    8.93960  0.01852 -0.31250 -0.22656 57.77599 75.79110 45.60361 37.18665
0448    8.96019  0.02058 -0.31250 -0.21875 58.70865 76.52741 44.39254 37.23475
0449    8.98090  0.02070 -0.30469 -0.21875 59.64131 77.31281 44.08417 36.91622
0450    9.00033  0.01942 -0.28906 -0.21875 60.47580 78.00004 43.65312 34.56428
0451    9.02030  0.01995 -0.27344 -0.21875 61.31029 78.63818 41.16542 31.82416
0452    9.04137  0.02107 -0.22656 -0.21094 62.09569 79.27631 38.56867 30.74550
0453    9.06075  0.01937 -0.19531 -0.19531 62.83200 79.86536 36.03096 31.05359
0454    9.08158  0.02082 -0.03906 -0.17188 63.51923 80.50350 32.87876 30.96124
0455    9.10125  0.01966  0.04724 -0.13281 64.10827 81.14164 31.06243 31.55494
0456    9.12153  0.02027  0.03937 -0.07813 64.69732 81.77978 28.87763 32.13595
0457    9.14174  0.02020  0.03150 -0.01563 65.18820 82.41791 22.87918 30.97531
0458    9.16070  0.01895  0.03150  0.03150 65.67908 82.95788 25.92675 28.79606
0459    9.18184  0.02112  0.03937  0.04724 66.21904 83.54693 27.15437 27.33728
0460    9.19981  0.01796  0.03937  0.04724 66.75900 84.03780 28.52747 27.23966
0461    9.22073  0.02091  0.04724  0.04724 67.34805 84.52867 27.28607 23.39801
0462    9.24076  0.02002  0.03937  0.04724 67.83893 84.97046 26.54569 22.19718
0463    9.26029  0.01951  0.03937  0.03937 68.32980 85.36316 24.34365 21.03167
0464    9.27963  0.01933  0.03937  0.03937 68.77159 85.75586 22.90084 19.98962
0465    9.29964  0.02000  0.03937  0.03937 69.21338 86.14856 21.83423 18.67709
0466    9.31972  0.02007  0.03937  0.03937 69.60608 86.44309 21.10501 17.53858
0467    9.34129  0.02156  0.03937  0.04724 70.04786 86.78670 20.39153 16.15480
0468    9.36123  0.01992  0.04724  0.03937 70.44056 87.08123 19.00281 15.17665
0469    9.38060  0.01937  0.06299  0.03937 70.78418 87.37575 17.80232 14.35286
0470    9.40096  0.02035  0.05512  0.03937 71.12779 87.62119 16.91555 13.27575
0471    9.42020  0.01923  0.04724  0.03937 71.42231 87.86663 16.26030 11.96392
0472    9.43968  0.01948  0.04724  0.03937 71.71684 88.06298 15.15191 11.16389
0473    9.46088  0.02118  0.03937  0.03937 71.96228 88.25933 13.96801 10.52247
0474    9.48026  0.01937  0.04724  0.03937 72.15863 88.45568 12.19003  9.94760
0475    9.49982  0.01955  0.04724  0.03937 72.35498 88.60294  9.96855  9.48835
0476    9.51973  0.01990  0.04724  0.03937 72.45315 88.75020  8.77474  8.64424
0477    9.53970  0.01996  0.04724  0.03937 72.55133 88.84838  7.69347  7.68227
0478    9.56102  0.02131  0.05512  0.03937 72.64950 88.94655  5.99558  6.13903
0479    9.58050  0.01946  0.09449  0.03937 72.64950 88.94655  5.99558  6.13903
0480    9.60077  0.02027  0.11811  0.03937 72.64950 88.94655  5.99558  6.13903
0481    9.62140  0.02062  0.15748  0.03937 72.60041 88.94655  5.99558  6.13903
0482    9.64086  0.01943  0.16535  0.04724 72.60041 88.94655  5.99558  6.13903
0483    9.66102  0.02015  0.17323  0.06299 72.50224 88.89746  1.72342  6.13903
0484    9.68033  0.01930  0.17323  0.08661 72.45315 88.89746  1.10187  6.13903
0485    9.70076  0.02042  0.20472  0.11811 72.35498 88.84838  0.00000  1.94015
0486    9.72122  0.02045  0.22835  0.16535 72.25680 88.75020 -1.01308  0.89000
0487    9.74069  0.01946  0.25197  0.19685 72.20771 88.65203 -1.48441  0.00000
0488    9.76087  0.02017  0.29921  0.24409 72.06045 88.50476 -4.11889 -1.29015
0489    9.78139  0.02051  0.33071  0.27559 71.91319 88.35750 -4.91862 -5.26043
0490    9.80139  0.01999  0.37008  0.31496 71.71684 88.16115 -6.76961 -7.48196
0491    9.82129  0.01987  0.38583  0.31496 71.47140 87.91571 -10.62804 -10.28132
0492    9.84105  0.01975  0.38583  0.33858 71.22596 87.67028 -12.88105 -13.17582
0493    9.86083  0.01977  0.38583  0.35433 70.88235 87.32666 -16.07221 -15.38559
0494    9.88122  0.02038  0.38583  0.38583 70.48965 86.98305 -18.36935 -16.60440
0495    9.90062  0.01938  0.38583  0.40945 70.09695 86.63944 -20.03907 -18.43845
0496    9.92083  0.02020  0.38583  0.43307 69.65516 86.19765 -21.48212 -20.56060
0497    9.94086  0.01994  0.38583  0.44094 69.21338 85.70678 -22.27590 -23.85656
0498    9.96009  0.01922  0.38583  0.44882 68.77159 85.21590 -23.13975 -25.81026
0499    9.98023  0.02012  0.38583  0.45669 68.28071 84.67594 -24.02664 -26.70578
0500    9.99998  0.01974  0.38583  0.45669 67.78984 84.13598 -25.57273 -28.66900
0501   10.02031  0.02032  0.38583  0.46457 67.24988 83.49784 -26.52733 -29.42049
0502   10.04193  0.02161  0.37795  0.48031 66.66083 82.85970 -27.36402 -31.14156
0503   10.06237  0.02042  0.35433  0.48819 66.07178 82.17248 -28.31209 -33.34579
0504   10.08109  0.01871  0.31496  0.51181 65.53181 81.53434 -28.26310 -35.12321
0505   10.10174  0.02064  0.25984  0.51969 64.94276 80.74894 -28.59810 -37.69119
0506   10.12093  0.01908  0.17323  0.53543 64.40280 80.01263 -27.90347 -39.33735
0507   10.14112  0.02018  0.11024  0.54331 63.86284 79.17814 -27.73305 -40.80526
0508   10.16085  0.01972  0.03150  0.55118 63.32287 78.34365 -27.85391 -42.37617
0509   10.18087  0.02001  0.03937  0.55906 62.73382 77.50916 -27.40894 -42.39173
0510   10.20169  0.02081  0.04724  0.57480 62.19386 76.57650 -27.02729 -44.20008
0511   10.22089  0.01918  0.04724  0.59055 61.65390 75.74201 -27.11635 -44.08773
0512   10.24121  0.02031  0.03937  0.59843 61.11394 74.80935 -26.05162 -45.06562
0513   10.26110  0.01988  0.03937  0.61417 60.67215 73.87669 -24.69345 -46.60818
0514   10.28203  0.02092  0.04724  0.62205 60.13219 72.89494 -24.48303 -49.90063
0515   10.30110  0.01906  0.04724  0.63780 59.64131 71.91319 -26.76614 -51.21337
0516   10.32064  0.01953  0.04724  0.64567 59.10135 70.88235 -27.96116 -52.73859
0517   10.34080  0.02015  0.04724  0.65354 58.51230 69.85151 -29.39230 -52.63313
0518   10.36006  0.01925  0.04724  0.65354 57.92325 68.82068 -29.46411 -51.48138
0519   10.38098  0.02090  0.04724  0.66142 57.28511 67.78984 -30.53588 -47.94005
0520   10.40083  0.01985  0.04724  0.67717 56.69606 66.80809 -29.32602 -50.31261
0521   10.41960  0.01876  0.04724  0.67717 56.30336 65.87542 -23.76106 -52.78510
0522   10.44049  0.02088  0.04724  0.68504 55.86158 64.74641 -19.42798 -53.78038
0523   10.45988  0.01938  0.04724  0.68504 55.56705 63.71558 -17.43331 -52.30616
0524   10.48032  0.02043  0.04724  0.68504 55.27253 62.68474 -14.95872 -49.58258
0525   10.50043  0.02010  0.04724  0.68504 55.02709 61.70299 -12.50787 -48.67112
0526   10.52019  0.01974  0.04724  0.68504 54.87983 60.77033 -10.10613 -49.17035
0527   10.54411  0.02391  0.04724  0.68504 54.83074 59.54314 -7.63024 -51.95132
0528   10.56020  0.01608  0.04724  0.68504 54.83074 58.65956 -7.63024 -52.20075
0529   10.57969  0.01948  0.04724  0.68504 54.68348 57.62872 -5.41341 -56.20728
0530   10.59994  0.02024  0.04724  0.68504 54.19260 56.49971 -22.72801 -56.31206
0531   10.61969  0.01973  0.04724  0.68504 53.65264 55.32161 -26.34566 -59.07715
0532   10.63970  0.02000  0.04724  0.68504 53.21085 54.09443 -22.52299 -65.52995
0533   10.66006  0.02035  0.04724  0.68504 52.81815 52.71998 -21.03127 -66.82253
0534   10.68003  0.01996  0.04724  0.68504 52.37636 51.34553 -21.28469 -71.75381
0535   10.70016  0.02012  0.04724  0.68504 51.88549 49.82381 -24.82339 -74.51330
0536   10.72010  0.01993  0.04724  0.68504 51.34553 48.30210 -25.16630 -79.16573
0537   10.73954  0.01942  0.04724  0.68504 50.85465 46.68221 -25.48352 -85.69895
0538   10.76061  0.02106  0.04724  0.69291 50.26560 44.66962 -27.95830 -98.36879
0539   10.77978  0.01916  0.04724  0.69291 49.72564 42.75521 -27.97136 -104.90127
0540   10.80041  0.02062  0.04724  0.68504 49.18567 40.49719 -25.98597 -110.00616
0541   10.81998  0.01956  0.04724  0.68504 48.69480 38.28825 -24.78891 -113.32810
0542   10.84042  0.02042  0.04724  0.69291 48.20393 35.98114 -24.20017 -112.75670
0543   10.86122  0.02079  0.04724  0.68504 47.71305 33.87038 -24.88435 -79.23153
0544   10.87975  0.01852  0.04724  0.68504 47.22218 32.54501 -26.06511 -71.36834
0545   10.89964  0.01988  0.04724  0.68504 46.73130 31.12148 -24.94131 -72.13075
0546   10.92033  0.02068  0.04724  0.68504 46.14225 29.64885 -29.42023 -67.37236
0547   10.94088  0.02055  0.04724  0.67717 45.79864 28.37258 -20.14251 -62.94480
0548   10.96179  0.02089  0.05512  0.57480 45.55320 27.09630 -13.43494 -59.96079
0549   10.98013  0.01833  0.05512  0.57480 45.45503 26.01638 -10.92082 -56.53581
0550   11.00040  0.02026  0.05512  0.51969 45.40594 24.88736 -9.47869 -55.90736
0551   11.02156  0.02115  0.08661  0.51181 45.30776 23.75835 -5.92422 -51.23555
0552   11.04087  0.01930  0.12598  0.48819 45.25868 22.82569 -5.08289 -47.32808
0553   11.06148  0.02060  0.18110  0.46457 45.16050 21.94211 -4.43476 -42.48234
0554   11.08176  0.02027  0.24409  0.44882 44.96415 21.05854 -4.54318 -44.45868
0555   11.10150  0.01972  0.33858  0.43307 44.71871 20.22405 -10.20091 -42.67699
0556   11.12203  0.02051  0.40157  0.40945 44.17875 19.29139 -25.40149 -43.17909
0557   11.14216  0.02012  0.42520  0.38583 43.39335 18.40781 -41.14593 -45.06355
0558   11.16064  0.01847  0.42520  0.36220 42.55886 17.52424 -45.72936 -49.28192
0559   11.18509  0.02444  0.42520  0.36220 41.62620 16.19888 -37.17018 -53.81457
0560   11.20114  0.01605  0.42520  0.34646 40.98806 15.31530 -40.07863 -54.19273
0561   11.22110  0.01994  0.43307  0.34646 40.20266 14.28446 -40.82138 -50.59993
0562   11.24035  0.01924  0.43307  0.34646 39.36818 13.30271 -44.27363 -48.81705
0563   11.26057  0.02021  0.43307  0.35433 38.38643 12.37005 -49.11058 -44.42107
0564   11.28034  0.01976  0.43307  0.37795 37.35559 11.53556 -53.30412 -42.69871
0565   11.30129  0.02094  0.42520  0.40945 36.37384 10.65199 -44.44017 -43.79606
0566   11.32025  0.01895  0.42520  0.43307 35.53935  9.76841 -44.49173 -48.67474
0567   11.34168  0.02142  0.41732  0.46457 34.55760  8.68849 -44.50363 -48.99441
0568   11.36080  0.01911  0.41732  0.47244 33.72311  7.75583 -45.19008 -51.21764
0569   11.38150  0.02069  0.40945  0.48031 32.74136  6.62681 -45.90212 -54.15894
0570   11.40186  0.02035  0.40157  0.48819 31.80870  5.49780 -47.35707 -56.73478
0571   11.42043  0.01856  0.40157  0.51181 30.92512  4.36879 -47.87366 -58.17674
0572   11.44031  0.01987  0.40157  0.52756 29.94338  3.23978 -49.41288 -56.88468
0573   11.46059  0.02027  0.40157  0.54331 28.91254  2.11076 -51.25160 -57.27963
0574   11.48043  0.01983  0.40157  0.55118 27.88170  0.93266 -51.81012 -58.52633
0575   11.50099  0.02055  0.39370  0.55118 26.85086 -0.24544 -50.64796 -57.94121
0576   11.52038  0.01938  0.38583  0.55118 25.86911 -1.27628 -48.49825 -48.83357
0577   11.54068  0.02029  0.38583  0.55906 24.98554 -1.91441 -41.02711 -32.05505
0578   11.56142  0.02072  0.38583  0.55118 24.39649 -2.25803 -29.98818 -28.06596
0579   11.58203  0.02060  0.37795  0.55906 24.15105 -2.11076 -15.83792 -5.13955
0580   11.60024  0.01821  0.37008  0.55906 23.95470 -2.01259 -11.80544  0.00000
0581   11.62033  0.02007  0.37008  0.55906 23.51291 -1.96350 -19.65013  1.60872
0582   11.63987  0.01953  0.37008  0.55906 22.77660 -1.96350 -39.42470  1.60872
0583   11.66034  0.02046  0.37008  0.55906 21.89302 -2.01259 -43.36486  1.60872
0584   11.68006  0.01971  0.37008  0.55906 21.25489 -2.06168 -35.38195  0.77146
0585   11.70085  0.02077  0.37795  0.55118 21.40215 -2.15985 -10.87579  0.67075
0586   11.72089  0.02004  0.37795  0.55906 21.35306 -2.40529 -10.87579 -2.21177
0587   11.74065  0.01975  0.37795  0.55118 21.35306 -2.60164 -10.87579 -9.42892
0588   11.76046  0.01980  0.37795  0.55118 21.40215 -3.09251 -10.87579 -24.78948
0589   11.78113  0.02066  0.37795  0.55906 21.35306 -3.92700 -10.87579 -42.44763
0590   11.80095  0.01981  0.37795  0.55118 21.35306 -4.17244 -10.87579 -25.45960
0591   11.82424  0.02328  0.37795  0.55118 21.30398 -4.31970 -1.87706 -11.77907
0592   11.84047  0.01621  0.37795  0.55118 21.20580 -4.36879 -1.76943 -8.96317
0593   11.85958  0.01910  0.37795  0.55118 21.05854 -4.41787 -1.59193 -6.88286
0594   11.88044  0.02086  0.37795  0.55118 21.05854 -4.41787 -1.59193 -6.88286
0595   11.90045  0.01999  0.37008  0.55118 21.05854 -4.46696 -1.59193 -4.86677
0596   11.91964  0.01918  0.37008  0.55118 21.05854 -4.46696 -1.59193 -4.86677
0597   11.94040  0.02075  0.37008  0.55118 21.05854 -4.51605 -1.59193 -3.50983
0598   11.96059  0.02018  0.37795  0.55118 21.05854 -4.51605 -1.59193 -3.50983
0599   11.98161  0.02101  0.37795  0.54331 21.05854 -4.51605 -1.59193 -3.50983
0600   12.00137  0.01975  0.37008  0.53543 21.05854 -4.51605 -1.59193 -3.50983
0601   12.01997  0.01859  0.37008  0.53543 21.00945 -4.56514 -0.88894 -2.19303
0602   12.04088  0.02089  0.37008  0.52756 21.00945 -4.66331 -0.88894 -2.05835
0603   12.06072  0.01983  0.37008  0.51969 21.00945 -4.71240 -0.88894 -2.05954
0604   12.08039  0.01967  0.37008  0.51181 21.00945 -4.71240 -0.88894 -2.05954
0605   12.10107  0.02067  0.37008  0.48819 21.00945 -4.71240 -0.88894 -2.05954
0606   12.12110  0.02001  0.35433  0.46457 21.00945 -4.71240 -0.88894 -2.05954
0607   12.14024  0.01913  0.35433  0.46457 21.00945 -4.71240 -0.88894 -2.05954
0608   12.16160  0.02134  0.33858  0.40945 21.00945 -4.71240 -0.88894 -2.05954
0609   12.18142  0.01980  0.33071  0.38583 21.00945 -4.71240  0.00000 -2.05954
0610   12.20125  0.01982  0.33071  0.35433 21.00945 -4.71240  0.00000 -2.05954
0611   12.22056  0.01930  0.33071  0.32283 21.00945 -4.71240  0.00000  0.00000
0612   12.24091  0.02033  0.32283  0.29134 21.00945 -4.71240  0.00000  0.00000
0613   12.26162  0.02070  0.31496  0.26772 21.00945 -4.71240  0.00000  0.00000
0614   12.28076  0.01914  0.30709  0.22835 21.00945 -4.71240  0.00000  0.00000
0615   12.29989  0.01911  0.30709  0.22835 21.00945 -4.71240  0.00000  0.00000
0616   12.32161  0.02171  0.29134  0.20472 21.00945 -4.71240  0.00000  0.00000
0617   12.34098  0.01936  0.28346  0.18898 21.00945 -4.71240  0.00000  0.00000
0618   12.36228  0.02130  0.25984  0.16535 21.00945 -4.71240  0.00000  0.00000
0619   12.38120  0.01890  0.25197  0.14961 21.00945 -4.71240  0.00000  0.00000
0620   12.40171  0.02050  0.23622  0.12598 21.00945 -4.66331  0.00000  0.00000
0621   12.42183  0.02010  0.21260  0.11811 21.00945 -4.66331  0.00000  0.00000
0622   12.44158  0.01974  0.20472  0.10236 21.00945 -4.66331  0.00000  0.00000
0623   12.46175  0.02016  0.19685  0.09449 21.05854 -4.66331  0.00000  0.00000
0624   12.48089  0.01913  0.19685  0.06299 21.05854 -4.66331  0.00000  0.00000
0625   12.50124  0.02034  0.19685  0.03937 21.05854 -4.61423  0.00000  0.00000
0626   12.52154  0.02029  0.18898  0.03937 21.05854 -4.61423  0.00000  0.00000
0627   12.54093  0.01938  0.17323  0.03937 21.05854 -4.61423  0.00000  0.00000
0628   12.56054  0.01959  0.16535  0.03937 21.05854 -4.56514  0.00000  0.87973
0629   12.58113  0.02058  0.15748  0.03937 21.05854 -4.56514  0.00000  0.87973
0630   12.60120  0.02006  0.13386  0.03150 21.05854 -4.56514  0.00000  0.87973
0631   12.62050  0.01929  0.11024  0.03150 21.05854 -4.56514  0.00000  0.87973
0632   12.64066  0.02016  0.07087  0.03150 21.05854 -4.56514  0.00000  0.87973
0633   12.66038  0.01971  0.06299  0.03150 21.05854 -4.56514  0.00000  0.87973
0634   12.68005  0.01966  0.06299  0.03150 21.10763 -4.51605  0.00000  0.54744
0635   12.69968  0.01962  0.06299  0.03150 21.10763 -4.51605  0.00000  0.54744
0636   12.71971  0.02002  0.06299  0.03150 21.10763 -4.51605  0.00000  0.54744
0637   12.74322  0.02350  0.06299  0.03150 21.10763 -4.51605  0.00000  0.54744
0638   12.76005  0.01681  0.06299  0.03150 21.10763 -4.51605  0.00000  0.54744
9999 9999.00000 9999.00000 999.00000 999.00000 9999.00000 9999.00000 999.00000 999.00000
