DT    0.00139  0.03937  0.01575 0
EL    0.00200  0.00000  0.00000 0
DT    0.02007  0.03937  0.01575 0
DT    0.03956  0.03937  0.01575 0
DT    0.06039  0.03937  0.01575 0
DT    0.08109  0.03937  0.02362 0
DT    0.10038  0.03937  0.02362 0
DT    0.12124  0.03937  0.02362 0
DT    0.13984  0.03937  0.02362 0
DT    0.15985  0.03937  0.02362 0
DT    0.18017  0.03937  0.02362 0
DT    0.19993  0.03937  0.02362 0
DT    0.22021  0.03937  0.02362 0
DT    0.23980  0.03937  0.02362 0
DT    0.26001  0.03937  0.02362 0
DT    0.28074  0.03937  0.02362 0
DT    0.30083  0.03937  0.02362 0
DT    0.31995  0.03937  0.02362 0
DT    0.33995  0.03937  0.02362 0
DT    0.35988  0.03937  0.02362 0
DT    0.38033  0.03937  0.02362 0
DT    0.39966  0.03937  0.02362 0
DT    0.41966  0.03937  0.02362 0
DT    0.44060  0.03937  0.02362 0
DT    0.45986  0.03937  0.02362 0
DT    0.48002  0.03937  0.02362 0
DT    0.50050  0.03937  0.02362 0
DT    0.52049  0.03937  0.02362 0
DT    0.54131  0.03937  0.02362 0
DT    0.56063  0.03937  0.02362 0
DT    0.58018  0.03937  0.02362 0
DT    0.60067  0.03937  0.02362 0
DT    0.62048  0.03937  0.02362 0
DT    0.64035  0.04724  0.02362 0
DT    0.66105  0.09449  0.04724 0
DT    0.68185  0.13386  0.08661 0
DT    0.70217  0.17323  0.16535 0
DT    0.72351  0.22835  0.19685 0
DT    0.74149  0.30709  0.27559 0
DT    0.76155  0.35433  0.30709 0
DT    0.78146  0.37795  0.35433 0
DT    0.80152  0.41732  0.39370 0
DT    0.82142  0.44094  0.41732 0
DT    0.84128  0.48031  0.45669 0
DT    0.86248  0.51969  0.47244 0
DT    0.88225  0.55906  0.50394 0
DT    0.90134  0.57480  0.51969 0
DT    0.92186  0.59055  0.54331 0
DT    0.94112  0.59055  0.55906 0
DT    0.96153  0.59843  0.58268 0
DT    0.98158  0.60630  0.59843 0
DT    1.00055  0.60630  0.60630 0
DT    1.02070  0.60630  0.61417 0
DT    1.04019  0.60630  0.61417 0
DT    1.06091  0.60630  0.62205 0
DT    1.08095  0.60630  0.62205 0
DT    1.09974  0.60630  0.62205 0
DT    1.12086  0.60630  0.62992 0
DT    1.14071  0.60630  0.63780 0
DT    1.16508  0.60630  0.63780 0
DT    1.18154  0.61417  0.63780 0
DT    1.20019  0.61417  0.63780 0
DT    1.22040  0.61417  0.63780 0
DT    1.24039  0.61417  0.63780 0
DT    1.26080  0.61417  0.63780 0
DT    1.28136  0.61417  0.63780 0
DT    1.30046  0.61417  0.63780 0
DT    1.32021  0.61417  0.63780 0
DT    1.34031  0.61417  0.63780 0
DT    1.36064  0.61417  0.64567 0
DT    1.38012  0.61417  0.64567 0
DT    1.40140  0.62205  0.65354 0
DT    1.42070  0.62205  0.66142 0
DT    1.44009  0.62205  0.66142 0
DT    1.46032  0.62205  0.66142 0
DT    1.48129  0.62205  0.66929 0
DT    1.50057  0.62205  0.66929 0
DT    1.52036  0.62205  0.66929 0
DT    1.54082  0.62205  0.67717 0
DT    1.56001  0.62205  0.67717 0
DT    1.58076  0.62205  0.66929 0
DT    1.60013  0.62205  0.66929 0
DT    1.61998  0.62205  0.66929 0
DT    1.64005  0.62205  0.66929 0
DT    1.66034  0.62205  0.66929 0
DT    1.68047  0.62205  0.66929 0
DT    1.69994  0.62205  0.66929 0
DT    1.72058  0.62205  0.66929 0
DT    1.73982  0.62205  0.66929 0
DT    1.76015  0.62205  0.66929 0
DT    1.78023  0.62205  0.66929 0
DT    1.80023  0.62205  0.66929 0
DT    1.82020  0.62205  0.66929 0
DT    1.84005  0.62205  0.66929 0
DT    1.86056  0.62205  0.67717 0
DT    1.88063  0.62205  0.67717 0
DT    1.90140  0.62205  0.68504 0
DT    1.92090  0.62205  0.68504 0
DT    1.94063  0.62205  0.68504 0
DT    1.96114  0.62205  0.69291 0
DT    1.98036  0.62205  0.69291 0
DT    1.99990  0.62205  0.69291 0
DT    2.02024  0.62205  0.69291 0
DT    2.04028  0.61417  0.69291 0
DT    2.05996  0.61417  0.69291 0
DT    2.08056  0.61417  0.69291 0
DT    2.10151  0.59843  0.70079 0
DT    2.12087  0.54331  0.70079 0
DT    2.14157  0.48819  0.70079 0
DT    2.16103  0.40945  0.70079 0
DT    2.18236  0.33858  0.70866 0
DT    2.20131  0.26772  0.71654 0
DT    2.22083  0.18110  0.71654 0
DT    2.24161  0.13386  0.72441 0
DT    2.26109  0.03937  0.73228 0
DT    2.28166  0.04724  0.74016 0
DT    2.30065  0.01575  0.74016 0
DT    2.32040  0.00000  0.74016 0
DT    2.34078 -0.04688  0.74016 0
DT    2.36026 -0.10156  0.74016 0
DT    2.38039 -0.17969  0.74016 0
DT    2.40117 -0.22656  0.73228 0
DT    2.42043 -0.28906  0.73228 0
DT    2.44118 -0.32813  0.72441 0
DT    2.46100 -0.33594  0.71654 0
DT    2.48191 -0.34375  0.67717 0
DT    2.50178 -0.35156  0.66142 0
DT    2.52144 -0.35156  0.55906 0
DT    2.54079 -0.35156  0.48819 0
DT    2.56055 -0.35156  0.32283 0
DT    2.58044 -0.35156  0.32283 0
DT    2.60144 -0.34375  0.22047 0
DT    2.62096 -0.34375  0.16535 0
DT    2.64027 -0.34375  0.11024 0
DT    2.66082 -0.34375  0.07874 0
DT    2.68088 -0.34375  0.02362 0
DT    2.70052 -0.34375  0.01575 0
DT    2.71982 -0.34375  0.01575 0
DT    2.73949 -0.34375  0.01575 0
DT    2.75952 -0.34375  0.01575 0
DT    2.77953 -0.34375  0.01575 0
DT    2.80013 -0.35156  0.01575 0
DT    2.81977 -0.35156  0.01575 0
DT    2.83951 -0.35156  0.01575 0
DT    2.85997 -0.35156  0.00787 0
DT    2.88119 -0.34375  0.00000 0
DT    2.90051 -0.34375  0.01575 0
DT    2.92069 -0.34375  0.00787 0
DT    2.94039 -0.32813  0.00787 0
DT    2.96012 -0.32813  0.00000 0
DT    2.98155 -0.32031 -0.03906 0
DT    2.99986 -0.32031 -0.06250 0
DT    3.02023 -0.32031 -0.10938 0
DT    3.04018 -0.32031 -0.11719 0
DT    3.06006 -0.32031 -0.14063 0
DT    3.08092 -0.32031 -0.15625 0
DT    3.10034 -0.32031 -0.18750 0
DT    3.12012 -0.32031 -0.21094 0
DT    3.14074 -0.32031 -0.25781 0
DT    3.16106 -0.31250 -0.29688 0
DT    3.18148 -0.29688 -0.38281 0
DT    3.20078 -0.28125 -0.42969 0
DT    3.22051 -0.26563 -0.45313 0
DT    3.24146 -0.25000 -0.48438 0
DT    3.26097 -0.24219 -0.50000 0
DT    3.28065 -0.24219 -0.50781 0
DT    3.30028 -0.24219 -0.50781 0
DT    3.32072 -0.24219 -0.50000 0
DT    3.33963 -0.24219 -0.50000 0
DT    3.36002 -0.24219 -0.50000 0
DT    3.37939 -0.24219 -0.50000 0
DT    3.40035 -0.26563 -0.50000 0
DT    3.42074 -0.27344 -0.49219 0
DT    3.44058 -0.28906 -0.48438 0
DT    3.46084 -0.29688 -0.47656 0
DT    3.48063 -0.30469 -0.46875 0
DT    3.50023 -0.32031 -0.46875 0
DT    3.52078 -0.33594 -0.46094 0
DT    3.54087 -0.35156 -0.45313 0
DT    3.56093 -0.35938 -0.45313 0
DT    3.57939 -0.35938 -0.45313 0
DT    3.60002 -0.35938 -0.44531 0
DT    3.62014 -0.35938 -0.43750 0
DT    3.64009 -0.36719 -0.43750 0
DT    3.66029 -0.36719 -0.42188 0
DT    3.68051 -0.37500 -0.41406 0
DT    3.70068 -0.38281 -0.39844 0
DT    3.72120 -0.39063 -0.39063 0
DT    3.73992 -0.39063 -0.38281 0
DT    3.75948 -0.39063 -0.38281 0
DT    3.78013 -0.39063 -0.38281 0
DT    3.80030 -0.38281 -0.38281 0
DT    3.82016 -0.38281 -0.38281 0
DT    3.83941 -0.38281 -0.38281 0
DT    3.85980 -0.37500 -0.38281 0
DT    3.88096 -0.36719 -0.37500 0
DT    3.90070 -0.35938 -0.36719 0
DT    3.92094 -0.35156 -0.35938 0
DT    3.94062 -0.34375 -0.35156 0
DT    3.96127 -0.33594 -0.34375 0
DT    3.98104 -0.33594 -0.33594 0
DT    4.00041 -0.33594 -0.33594 0
DT    4.02228 -0.32813 -0.32813 0
DT    4.04011 -0.32813 -0.32813 0
DT    4.06097 -0.32031 -0.32031 0
DT    4.08101 -0.31250 -0.32031 0
CS    4.09825 -1.00000  1.00000 1
DT    4.10080 -0.31250 -0.32031 0
DT    4.11953 -0.31250 -0.32031 0
DT    4.14048 -0.31250 -0.31250 0
DT    4.16066 -0.30469 -0.30469 0
DT    4.18109 -0.29688 -0.29688 0
DT    4.20170 -0.28906 -0.28906 0
DT    4.22134 -0.27344 -0.28125 0
DT    4.24115 -0.26563 -0.28125 0
DT    4.26116 -0.23438 -0.27344 0
DT    4.28071 -0.20313 -0.26563 0
DT    4.30073 -0.14063 -0.25781 0
DT    4.32081 -0.06250 -0.24219 0
DT    4.34089  0.03150 -0.22656 0
DT    4.36078  0.04724 -0.21875 0
DT    4.38059  0.03937 -0.19531 0
DT    4.40089  0.03937 -0.17969 0
DT    4.42111  0.06299 -0.10938 0
DT    4.44075  0.11024 -0.05469 0
DT    4.46104  0.25197  0.02362 0
DT    4.48086  0.39370  0.03150 0
DT    4.50118  0.62205  0.01575 0
DT    4.52031  0.71654  0.01575 0
DT    4.54015  0.86614  0.01575 0
CS    4.55965  0.00000  0.00000 0
DT    4.56364  0.91339  0.01575 0
DT    4.58258  0.96063  0.01575 0
DT    4.61355  0.98425  0.00787 0
DT    4.63925  1.00000  0.00787 0
DT    4.65994  1.00000  0.00787 0
DT    4.67598  1.00000  0.00787 0
DT    4.68096  1.00000  0.00787 0
DT    4.69994  1.00000  0.00787 0
DT    4.72090  1.00000  0.00787 0
DT    4.73989  1.00000  0.00787 0
DT    4.76026  1.00000  0.01575 0
DT    4.78002  1.00000  0.01575 0
DT    4.79945  1.00000  0.01575 0
DT    4.81954  1.00000  0.01575 0
DT    4.83937  1.00000  0.01575 0
DT    4.85942  1.00000  0.01575 0
DT    4.88057  1.00000  0.00000 0
DT    4.90006  1.00000 -0.03906 0
DT    4.92012  1.00000 -0.04688 0
DT    4.94023  1.00000 -0.05469 0
DT    4.96065  1.00000 -0.06250 0
DT    4.98057  1.00000 -0.05469 0
DT    4.99989  1.00000 -0.05469 0
DT    5.02037  1.00000 -0.04688 0
DT    5.04064  1.00000 -0.03906 0
DT    5.05964  1.00000 -0.03906 0
DT    5.07949  1.00000 -0.03906 0
DT    5.10029  1.00000 -0.02344 0
DT    5.11942  1.00000 -0.02344 0
DT    5.13979  1.00000 -0.02344 0
DT    5.15971  1.00000 -0.02344 0
DT    5.18022  1.00000 -0.03125 0
DT    5.20052  1.00000 -0.05469 0
DT    5.22022  1.00000 -0.07813 0
DT    5.24055  1.00000 -0.10938 0
DT    5.26043  1.00000 -0.14063 0
DT    5.28003  1.00000 -0.21094 0
DT    5.30051  1.00000 -0.26563 0
DT    5.32031  1.00000 -0.28125 0
DT    5.34036  1.00000 -0.28906 0
DT    5.35999  1.00000 -0.28906 0
DT    5.38034  1.00000 -0.25781 0
DT    5.40082  1.00000 -0.19531 0
DT    5.42037  1.00000 -0.10156 0
DT    5.44107  1.00000 -0.00781 0
DT    5.46150  1.00000  0.01575 0
DT    5.48100  0.99213  0.01575 0
DT    5.50056  0.92913  0.01575 0
DT    5.52099  0.87402  0.03150 0
DT    5.54054  0.75591  0.11811 0
DT    5.56100  0.68504  0.15748 0
DT    5.58057  0.62205  0.25197 0
DT    5.60050  0.59843  0.36220 0
DT    5.62072  0.52756  0.52756 0
DT    5.64055  0.43307  0.55118 0
DT    5.66103  0.28346  0.58268 0
DT    5.68075  0.21260  0.59843 0
DT    5.70079  0.05512  0.62205 0
DT    5.72081  0.05512  0.65354 0
DT    5.74036  0.05512  0.67717 0
DT    5.76039  0.06299  0.68504 0
DT    5.77949  0.06299  0.68504 0
DT    5.80010  0.05512  0.68504 0
DT    5.81982  0.05512  0.68504 0
DT    5.83952  0.05512  0.68504 0
DT    5.85946  0.05512  0.68504 0
DT    5.88022  0.05512  0.68504 0
DT    5.89987  0.05512  0.68504 0
DT    5.92009  0.05512  0.68504 0
DT    5.93967  0.05512  0.68504 0
DT    5.95951  0.05512  0.68504 0
DT    5.97981  0.05512  0.68504 0
DT    5.99964  0.05512  0.68504 0
DT    6.01945  0.05512  0.68504 0
DT    6.03979  0.05512  0.68504 0
DT    6.05953  0.05512  0.68504 0
DT    6.07954  0.05512  0.68504 0
DT    6.10007  0.05512  0.68504 0
DT    6.12010  0.05512  0.68504 0
DT    6.14031  0.05512  0.68504 0
DT    6.16031  0.05512  0.68504 0
DT    6.17984  0.05512  0.68504 0
DT    6.19988  0.05512  0.68504 0
DT    6.21999  0.05512  0.70079 0
DT    6.24008  0.05512  0.71654 0
DT    6.26004  0.05512  0.72441 0
DT    6.28032  0.05512  0.74016 0
DT    6.30019  0.05512  0.74803 0
DT    6.31952  0.05512  0.74803 0
DT    6.33998  0.05512  0.74803 0
DT    6.36030  0.05512  0.74803 0
DT    6.37978  0.05512  0.74803 0
DT    6.40019  0.05512  0.74016 0
DT    6.42023  0.05512  0.70079 0
DT    6.44024  0.05512  0.65354 0
DT    6.46051  0.05512  0.58268 0
DT    6.48008  0.05512  0.46457 0
DT    6.50006  0.05512  0.38583 0
DT    6.52076  0.04724  0.31496 0
DT    6.54069  0.03150  0.29921 0
DT    6.56114  0.02362  0.28346 0
DT    6.58097  0.00787  0.22835 0
DT    6.60092  0.00000  0.19685 0
DT    6.62137 -0.04688  0.11811 0
DT    6.64120 -0.07813  0.04724 0
DT    6.66063 -0.09375  0.01575 0
DT    6.68028 -0.11719  0.01575 0
DT    6.70001 -0.13281  0.01575 0
DT    6.71956 -0.13281  0.01575 0
DT    6.74165 -0.13281  0.01575 0
DT    6.75996 -0.15625  0.01575 0
DT    6.78008 -0.17188  0.01575 0
DT    6.80051 -0.19531  0.01575 0
DT    6.82108 -0.21875  0.01575 0
FB    6.84080  0.00000  0.00000 1
DT    6.84403 -0.25000  0.03937 0
DT    6.86108 -0.28125  0.05512 0
DT    6.88033 -0.30469  0.05512 0
DT    6.90050 -0.33594  0.05512 0
DT    6.92038 -0.35156  0.05512 0
DT    6.94050 -0.37500  0.05512 0
DT    6.95992 -0.38281  0.05512 0
DT    6.98037 -0.39063  0.05512 0
DT    7.00015 -0.39063  0.05512 0
DT    7.02044 -0.39063  0.06299 0
DT    7.04001 -0.39063  0.06299 0
DT    7.06001 -0.39063  0.07087 0
DT    7.08013 -0.39063  0.07874 0
DT    7.10053 -0.35938  0.07874 0
DT    7.12059 -0.32813  0.08661 0
DT    7.14080 -0.31250  0.07874 0
DT    7.16058 -0.29688  0.08661 0
CS    7.17793  1.00000 -1.00000 1
DT    7.17991 -0.29688  0.08661 0
DT    7.20092 -0.29688  0.09449 0
DT    7.22060 -0.29688  0.10236 0
DT    7.24029 -0.29688  0.11024 0
DT    7.26090 -0.28906  0.11024 0
DT    7.27998 -0.28125  0.11024 0
DT    7.30018 -0.26563  0.11024 0
DT    7.32012 -0.25000  0.11024 0
DT    7.34061 -0.24219  0.10236 0
DT    7.36021 -0.24219  0.09449 0
DT    7.38022 -0.24219  0.07874 0
DT    7.40056 -0.24219  0.06299 0
DT    7.42136 -0.26563  0.03937 0
DT    7.44033 -0.28125  0.03937 0
DT    7.46071 -0.32031  0.03937 0
DT    7.48099 -0.33594  0.04724 0
DT    7.50006 -0.37500  0.04724 0
DT    7.52050 -0.41406  0.04724 0
DT    7.54030 -0.45313  0.04724 0
DT    7.56066 -0.47656  0.04724 0
DT    7.58066 -0.47656  0.03937 0
DT    7.60001 -0.47656  0.03937 0
DT    7.62071 -0.47656  0.03150 0
DT    7.64097 -0.47656  0.01575 0
DT    7.66158 -0.46875  0.00787 0
DT    7.68095 -0.46094  0.00787 0
DT    7.70034 -0.45313  0.00787 0
DT    7.71953 -0.45313  0.00787 0
DT    7.74028 -0.45313  0.00000 0
DT    7.75984 -0.45313  0.01575 0
DT    7.78027 -0.45313  0.02362 0
DT    7.79994 -0.46094  0.02362 0
DT    7.82014 -0.46094  0.01575 0
DT    7.84054 -0.46094  0.00787 0
DT    7.85968 -0.46094  0.00787 0
DT    7.88057 -0.46094  0.00000 0
DT    7.90059 -0.46094 -0.05469 0
DT    7.92049 -0.46094 -0.09375 0
DT    7.94100 -0.45313 -0.13281 0
DT    7.96021 -0.45313 -0.17188 0
DT    7.98100 -0.43750 -0.21875 0
DT    8.00106 -0.42969 -0.25781 0
DT    8.02093 -0.39844 -0.29688 0
DT    8.04128 -0.35156 -0.33594 0
DT    8.06091 -0.28906 -0.39063 0
DT    8.08143 -0.25000 -0.43750 0
DT    8.10211 -0.17969 -0.46875 0
DT    8.12126 -0.10156 -0.48438 0
DT    8.14189  0.03150 -0.50781 0
DT    8.16132  0.04724 -0.52344 0
EL    8.16146 -0.09299  0.00000 0
DT    8.18147  0.03150 -0.53906 0
EL    8.18148 -0.21110  0.00000 0
DT    8.20082  0.03150 -0.53906 0
EL    8.20083 -0.46307  0.00000 0
DT    8.22021  0.03150 -0.53906 0
EL    8.22022 -0.69142  0.00000 0
DT    8.24106  0.05512 -0.53906 0
EL    8.24107 -0.78591  0.00000 0
DT    8.26199  0.04724 -0.54688 0
EL    8.26201 -0.79378  0.00000 0
DT    8.28138  0.06299 -0.54688 0
EL    8.28139 -0.48669  0.00000 0
DT    8.30196  0.07087 -0.54688 0
EL    8.30197  0.00000  0.00000 0
DT    8.32109  0.06299 -0.54688 0
DT    8.34098  0.06299 -0.54688 0
DT    8.36679  0.04724 -0.53906 0
DT    8.37971  0.04724 -0.53906 0
DT    8.39973  0.04724 -0.53906 0
DT    8.42011  0.04724 -0.53906 0
DT    8.43975  0.04724 -0.53906 0
DT    8.45960  0.04724 -0.53906 0
DT    8.48055  0.04724 -0.53125 0
DT    8.50061  0.03937 -0.53125 0
DT    8.52145  0.03937 -0.51563 0
DT    8.54134  0.03150 -0.49219 0
DT    8.56174  0.02362 -0.45313 0
DT    8.58129  0.03150 -0.37500 0
DT    8.60031  0.03150 -0.29688 0
DT    8.62052  0.03150 -0.10156 0
DT    8.64091  0.03937  0.01575 0
DT    8.66095  0.06299  0.03937 0
DT    8.68119  0.13386  0.01575 0
DT    8.70104  0.23622  0.00787 0
DT    8.72115  0.35433  0.02362 0
DT    8.74119  0.55906  0.07087 0
DT    8.76104  0.66929  0.09449 0
DT    8.78176  0.75591  0.16535 0
DT    8.80125  0.82677  0.20472 0
DT    8.82106  0.88189  0.29134 0
DT    8.84156  0.88976  0.37795 0
DT    8.86039  0.88976  0.40945 0
DT    8.88066  0.88976  0.48031 0
DT    8.90068  0.88976  0.51181 0
DT    8.92078  0.88976  0.54331 0
DT    8.94165  0.88189  0.54331 0
DT    8.96042  0.88189  0.54331 0
DT    8.98126  0.87402  0.54331 0
DT    9.00192  0.82677  0.52756 0
DT    9.02174  0.77953  0.48819 0
DT    9.04397  0.74016  0.44094 0
EL    9.04399  0.07156  0.00000 0
DT    9.06167  0.70079  0.38583 0
EL    9.06168  0.33719  0.00000 0
DT    9.08189  0.61417  0.29134 0
EL    9.08190  0.69656  0.00000 0
DT    9.10226  0.54331  0.22047 0
EL    9.10228  0.86844  0.00000 0
DT    9.12144  0.33858  0.13386 0
EL    9.12145  0.97000  0.00000 0
DT    9.14144  0.19685  0.05512 0
EL    9.14146  0.97000  0.00000 0
DT    9.16134  0.05512  0.00787 0
EL    9.16135  0.97000  0.00000 0
DT    9.18087  0.04724  0.02362 0
EL    9.18088  0.97000  0.00000 0
DT    9.20080  0.06299  0.02362 0
EL    9.20082  0.97000  0.00000 0
DT    9.21976  0.06299  0.02362 0
EL    9.21977  0.97000  0.00000 0
DT    9.23963  0.06299  0.02362 0
EL    9.23964  0.97000  0.00000 0
DT    9.26137  0.04724  0.01575 0
EL    9.26139  0.97000  0.00000 0
DT    9.27998  0.04724  0.01575 0
EL    9.28000  0.97000  0.00000 0
DT    9.29992  0.04724  0.01575 0
EL    9.29994  0.97000  0.00000 0
DT    9.32112  0.04724  0.00000 0
EL    9.32113  0.97000  0.00000 0
DT    9.34160  0.03937 -0.02344 0
EL    9.34162  0.82156  0.00000 0
DT    9.36183  0.03937 -0.06250 0
EL    9.36184  0.50125  0.00000 0
DT    9.38129  0.02362 -0.10938 0
EL    9.38130  0.25906  0.00000 0
DT    9.40133  0.00787 -0.15625 0
EL    9.40134  0.00000  0.00000 0
DT    9.42187 -0.02344 -0.21875 0
DT    9.43968 -0.02344 -0.21875 0
DT    9.46081 -0.05469 -0.25781 0
DT    9.48154 -0.10938 -0.28125 0
DT    9.50111 -0.14844 -0.29688 0
DT    9.52164 -0.20313 -0.31250 0
DT    9.54128 -0.23438 -0.32813 0
DT    9.56142 -0.25781 -0.33594 0
DT    9.58161 -0.28125 -0.34375 0
DT    9.60158 -0.28906 -0.35156 0
DT    9.62150 -0.30469 -0.36719 0
DT    9.64208 -0.31250 -0.37500 0
EL    9.64209  0.07156  0.00000 0
DT    9.66234 -0.32813 -0.38281 0
EL    9.66236  0.25906  0.00000 0
DT    9.68293 -0.34375 -0.39063 0
EL    9.68294  0.63406  0.00000 0
DT    9.70221 -0.35938 -0.39844 0
EL    9.70222  0.90750  0.00000 0
DT    9.72097 -0.36719 -0.39844 0
EL    9.72098  0.97000  0.00000 0
DT    9.74175 -0.37500 -0.40625 0
EL    9.74177  0.97000  0.00000 0
DT    9.76001 -0.37500 -0.40625 0
EL    9.76002  0.97000  0.00000 0
DT    9.77983 -0.37500 -0.40625 0
EL    9.77984  0.78250  0.00000 0
DT    9.80057 -0.37500 -0.39844 0
EL    9.80058  0.41531  0.00000 0
DT    9.82048 -0.38281 -0.39844 0
EL    9.82049  0.16531  0.00000 0
DT    9.84143 -0.39063 -0.39844 0
EL    9.84144  0.00000  0.00000 0
DT    9.86058 -0.39844 -0.39844 0
DT    9.88068 -0.40625 -0.39844 0
DT    9.90092 -0.40625 -0.39063 0
DT    9.91998 -0.40625 -0.39063 0
DT    9.93984 -0.40625 -0.39063 0
DT    9.95994 -0.40625 -0.39063 0
DT    9.97968 -0.40625 -0.39063 0
DT   10.00068 -0.39844 -0.39063 0
DT   10.01973 -0.39844 -0.39063 0
DT   10.04020 -0.40625 -0.39063 0
DT   10.06011 -0.40625 -0.39063 0
DT   10.07991 -0.40625 -0.39063 0
DT   10.10104 -0.40625 -0.38281 0
DT   10.12143 -0.40625 -0.37500 0
DT   10.14095 -0.40625 -0.36719 0
DT   10.16101 -0.40625 -0.33594 0
DT   10.18118 -0.40625 -0.32813 0
DT   10.20050 -0.40625 -0.30469 0
DT   10.22035 -0.40625 -0.28906 0
DT   10.24043 -0.40625 -0.27344 0
DT   10.26113 -0.40625 -0.25781 0
DT   10.28056 -0.40625 -0.24219 0
DT   10.30178 -0.39844 -0.23438 0
DT   10.32077 -0.39844 -0.22656 0
DT   10.34022 -0.39844 -0.22656 0
DT   10.36131 -0.37500 -0.21875 0
DT   10.38129 -0.35938 -0.21094 0
DT   10.39999 -0.34375 -0.21094 0
DT   10.42035 -0.32813 -0.21094 0
DT   10.44042 -0.32031 -0.21094 0
DT   10.46061 -0.31250 -0.21094 0
CS   10.47869  0.00000  0.00000 0
DT   10.48101 -0.31250 -0.20313 0
DT   10.50007 -0.32031 -0.20313 0
DT   10.51949 -0.32031 -0.20313 0
DT   10.53944 -0.32031 -0.20313 0
DT   10.55956 -0.32031 -0.20313 0
DT   10.57994 -0.32031 -0.20313 0
DT   10.60015 -0.31250 -0.20313 0
DT   10.61974 -0.31250 -0.20313 0
DT   10.63996 -0.31250 -0.20313 0
DT   10.66040 -0.30469 -0.20313 0
DT   10.68017 -0.30469 -0.20313 0
CS   10.69842 -1.00000  1.00000 1
DT   10.70044 -0.28906 -0.20313 0
DT   10.72028 -0.28125 -0.20313 0
DT   10.74093 -0.27344 -0.21094 0
DT   10.76010 -0.26563 -0.21094 0
DT   10.78036 -0.25000 -0.20313 0
DT   10.80022 -0.23438 -0.20313 0
DT   10.82003 -0.22656 -0.20313 0
DT   10.84081 -0.21094 -0.20313 0
DT   10.86047 -0.20313 -0.20313 0
DT   10.88039 -0.17969 -0.20313 0
DT   10.90096 -0.16406 -0.20313 0
DT   10.92062 -0.12500 -0.20313 0
DT   10.94007 -0.09375 -0.20313 0
DT   10.96092 -0.04688 -0.19531 0
DT   10.98081  0.00000 -0.18750 0
CS   10.99979  0.00000  0.00000 0
DT   11.00195  0.04724 -0.14844 0
DT   11.02037  0.04724 -0.10156 0
DT   11.04105  0.03937 -0.04688 0
DT   11.06077  0.03937  0.02362 0
DT   11.08070  0.06299  0.02362 0
DT   11.10044  0.06299  0.02362 0
DT   11.12143  0.04724  0.01575 0
DT   11.13930  0.04724  0.01575 0
DT   11.16045  0.06299  0.01575 0
DT   11.17998  0.07087  0.01575 0
DT   11.20051  0.07874  0.03150 0
DT   11.22067  0.07087  0.08661 0
DT   11.24009  0.07087  0.14961 0
DT   11.26099  0.05512  0.21260 0
DT   11.28069  0.04724  0.25984 0
DT   11.30067  0.04724  0.32283 0
DT   11.32063  0.04724  0.38583 0
DT   11.34042  0.04724  0.45669 0
DT   11.36002  0.04724  0.48031 0
DT   11.38016  0.04724  0.53543 0
DT   11.40019  0.04724  0.55118 0
DT   11.42022  0.04724  0.57480 0
DT   11.43996  0.04724  0.59843 0
DT   11.46017  0.04724  0.60630 0
DT   11.48059  0.04724  0.61417 0
DT   11.49969  0.04724  0.61417 0
DT   11.52007  0.04724  0.61417 0
DT   11.53991  0.04724  0.61417 0
DT   11.55976  0.04724  0.61417 0
DT   11.57980  0.04724  0.61417 0
DT   11.60006  0.04724  0.60630 0
DT   11.61938  0.04724  0.60630 0
DT   11.63961  0.04724  0.60630 0
DT   11.65999  0.04724  0.59843 0
DT   11.67948  0.04724  0.59843 0
DT   11.69942  0.04724  0.59843 0
DT   11.71950  0.04724  0.59843 0
DT   11.74052  0.04724  0.60630 0
DT   11.76043  0.04724  0.60630 0
DT   11.77987  0.04724  0.60630 0
DT   11.80077  0.04724  0.61417 0
DT   11.82093  0.04724  0.62992 0
DT   11.84124  0.04724  0.64567 0
DT   11.86054  0.04724  0.65354 0
DT   11.87948  0.04724  0.65354 0
DT   11.89964  0.04724  0.65354 0
DT   11.91953  0.04724  0.65354 0
DT   11.94034  0.03150  0.65354 0
DT   11.95962  0.03150  0.65354 0
DT   11.98082  0.03937  0.64567 0
DT   11.99989  0.03937  0.64567 0
DT   12.02034  0.03937  0.62205 0
DT   12.04103  0.03150  0.59055 0
DT   12.06073  0.03150  0.54331 0
DT   12.08007  0.03150  0.52756 0
DT   12.10089  0.04724  0.50394 0
DT   12.12069  0.03937  0.47244 0
DT   12.14073  0.04724  0.44882 0
DT   12.16124  0.05512  0.45669 0
DT   12.17988  0.08661  0.45669 0
DT   12.20058  0.11811  0.45669 0
DT   12.22143  0.15748  0.47244 0
FB   12.23956  0.00000  0.00000 0
DT   12.24177  0.16535  0.48819 0
DT   12.26082  0.16535  0.52756 0
DT   12.27991  0.16535  0.54331 0
DT   12.30047  0.15748  0.55118 0
DT   12.32064  0.14961  0.56693 0
DT   12.34059  0.11811  0.58268 0
DT   12.36048  0.09449  0.58268 0
DT   12.38025  0.07874  0.58268 0
DT   12.40081  0.06299  0.58268 0
DT   12.42132  0.05512  0.57480 0
DT   12.44064  0.06299  0.57480 0
EL   12.44065 -0.05362  0.00000 0
DT   12.46047  0.06299  0.55118 0
EL   12.46048 -0.09299  0.00000 0
DT   12.48112  0.06299  0.54331 0
EL   12.48113 -0.12449  0.00000 0
DT   12.50149  0.09449  0.50394 0
EL   12.50150 -0.13236  0.00000 0
DT   12.52144  0.14173  0.46457 0
EL   12.52146 -0.13236  0.00000 0
DT   12.54109  0.16535  0.44882 0
EL   12.54110 -0.13236  0.00000 0
DT   12.56151  0.18110  0.42520 0
EL   12.56152 -0.14024  0.00000 0
DT   12.58185  0.18898  0.41732 0
EL   12.58186 -0.14811  0.00000 0
DT   12.60093  0.18898  0.39370 0
EL   12.60094 -0.16386  0.00000 0
DT   12.61974  0.18898  0.39370 0
EL   12.61976 -0.18748  0.00000 0
DT   12.64098  0.18898  0.38583 0
EL   12.64099 -0.22685  0.00000 0
DT   12.66022  0.18898  0.38583 0
EL   12.66023 -0.27409  0.00000 0
DT   12.68129  0.18898  0.37795 0
EL   12.68130 -0.40795  0.00000 0
DT   12.70072  0.18898  0.37008 0
EL   12.70073 -0.51819  0.00000 0
DT   12.72104  0.18898  0.33071 0
EL   12.72106 -0.69142  0.00000 0
DT   12.74149  0.18110  0.31496 0
EL   12.74151 -0.80165  0.00000 0
DT   12.76041  0.18110  0.26772 0
EL   12.76042 -0.84102  0.00000 0
DT   12.78118  0.17323  0.22835 0
EL   12.78119 -0.84890  0.00000 0
DT   12.80052  0.16535  0.18898 0
EL   12.80053 -0.84890  0.00000 0
DT   12.82080  0.14961  0.17323 0
EL   12.82081 -0.84890  0.00000 0
DT   12.84272  0.09449  0.14961 0
EL   12.84273 -0.73866  0.00000 0
DT   12.86132  0.06299  0.13386 0
EL   12.86133 -0.67567  0.00000 0
DT   12.88113  0.05512  0.11024 0
EL   12.88115 -0.64417  0.00000 0
DT   12.90071  0.05512  0.07874 0
EL   12.90072 -0.61268  0.00000 0
DT   12.92042  0.05512  0.04724 0
EL   12.92043 -0.59693  0.00000 0
DT   12.94076  0.05512  0.02362 0
EL   12.94077 -0.58118  0.00000 0
DT   12.96018  0.05512  0.01575 0
EL   12.96022 -0.58118  0.00000 0
DT   12.97986  0.05512  0.01575 0
EL   12.97987 -0.57331  0.00000 0
DT   13.00008  0.05512  0.01575 0
EL   13.00010 -0.57331  0.00000 0
DT   13.01972  0.05512  0.01575 0
EL   13.01973 -0.57331  0.00000 0
DT   13.03958  0.05512  0.01575 0
EL   13.03959 -0.57331  0.00000 0
DT   13.05999  0.05512  0.01575 0
EL   13.06000 -0.57331  0.00000 0
DT   13.07958  0.05512  0.01575 0
EL   13.07959 -0.57331  0.00000 0
DT   13.10028  0.05512  0.01575 0
EL   13.10029 -0.57331  0.00000 0
DT   13.11955  0.05512  0.01575 0
EL   13.11956 -0.57331  0.00000 0
DT   13.14068  0.06299  0.00787 0
EL   13.14069 -0.57331  0.00000 0
DT   13.16036  0.05512  0.00787 0
EL   13.16037 -0.57331  0.00000 0
DT   13.18025  0.05512  0.01575 0
EL   13.18026 -0.57331  0.00000 0
DT   13.20041  0.06299  0.01575 0
EL   13.20042 -0.57331  0.00000 0
DT   13.22012  0.06299  0.01575 0
EL   13.22013 -0.57331  0.00000 0
DT   13.23989  0.06299  0.01575 0
EL   13.23990 -0.57331  0.00000 0
DT   13.26056  0.06299  0.01575 0
EL   13.26057 -0.57331  0.00000 0
DT   13.28021  0.06299  0.01575 0
EL   13.28022 -0.57331  0.00000 0
DT   13.30070  0.06299  0.01575 0
EL   13.30072  0.00000  0.00000 0
DT   13.32147  0.05512  0.01575 0
DT   13.33969  0.05512  0.01575 0
DT   13.35981  0.05512  0.01575 0
DT   13.37985  0.05512  0.01575 0
EL   13.37986 -0.57331  0.00000 0
DT   13.39996  0.04724  0.01575 0
EL   13.39998 -0.57331  0.00000 0
DT   13.42008  0.04724  0.01575 0
EL   13.42009 -0.44732  0.00000 0
DT   13.44093  0.05512  0.00787 0
EL   13.44094 -0.30559  0.00000 0
DT   13.45972  0.05512  0.00787 0
EL   13.45973 -0.10874  0.00000 0
DT   13.48091  0.05512  0.01575 0
EL   13.48092  0.00000  0.00000 0
DT   13.49994  0.05512  0.01575 0
DT   13.52069  0.05512  0.01575 0
DT   13.53977  0.05512  0.01575 0
DT   13.56004  0.05512  0.01575 0
DT   13.58008  0.05512  0.01575 0
DT   13.59977  0.05512  0.01575 0
DT   13.61950  0.05512  0.01575 0
DT   13.64041  0.04724  0.01575 0
DT   13.66017  0.05512  0.01575 0
DT   13.68069  0.04724  0.01575 0
DT   13.69956  0.04724  0.01575 0
DT   13.71968  0.04724  0.01575 0
DT   13.74023  0.04724  0.01575 0
DT   13.76000  0.04724  0.01575 0
DT   13.78006  0.04724  0.01575 0
DT   13.80019  0.04724  0.01575 0
DT   13.81958  0.04724  0.01575 0
DT   13.83965  0.04724  0.01575 0
DT   13.85943  0.04724  0.01575 0
DT   13.87953  0.04724  0.01575 0
DT   13.89970  0.04724  0.01575 0
DT   13.92005  0.04724  0.01575 0
DT   13.94010  0.04724  0.01575 0
DT   13.96008  0.04724  0.01575 0
DT   13.98042  0.04724  0.01575 0
DT   14.00127  0.05512  0.01575 0
DT   14.02024  0.05512  0.01575 0
DT   14.03948  0.05512  0.01575 0
DT   14.05964  0.05512  0.01575 0
DT   14.07933  0.05512  0.01575 0
DT   14.09969  0.05512  0.01575 0
DT   14.11944  0.05512  0.01575 0
DT   14.13961  0.05512  0.01575 0
DT   14.15983  0.05512  0.01575 0
DT   14.18002  0.04724  0.01575 0
DT   14.20024  0.04724  0.00787 0
DT   14.21978  0.04724  0.00787 0
DT   14.24035  0.04724  0.00000 0
DT   14.26051  0.04724  0.00787 0
DT   14.27996  0.04724 -0.02344 0
DT   14.29974  0.04724 -0.11719 0
DT   14.32009  0.04724 -0.17188 0
DT   14.34023  0.04724 -0.27344 0
DT   14.36006  0.04724 -0.37500 0
DT   14.37991  0.04724 -0.43750 0
DT   14.40000  0.04724 -0.50781 0
DT   14.42079  0.04724 -0.53906 0
DT   14.44062  0.04724 -0.57813 0
DT   14.46014  0.04724 -0.58594 0
DT   14.48049  0.04724 -0.60156 0
DT   14.50061  0.03937 -0.60938 0
DT   14.52050  0.03937 -0.61719 0
DT   14.54012  0.03937 -0.62500 0
DT   14.55949  0.03937 -0.62500 0
DT   14.58007  0.03937 -0.62500 0
DT   14.60018  0.03937 -0.63281 0
DT   14.62001  0.03937 -0.63281 0
DT   14.64084  0.03937 -0.64063 0
DT   14.66055  0.03937 -0.64844 0
EL   15.72308  0.00000  0.00000 1
XX 9999.00000 999.00000 999.00000 0
