DT    0.00005  0.03937  0.00000 0
DT    0.01892  0.03150  0.00000 0
DT    0.03832  0.03150  0.00000 0
DT    0.05874  0.03150  0.00000 0
DT    0.07828  0.03150  0.00000 0
DT    0.09926  0.03150  0.00000 0
DT    0.11835  0.03150  0.00000 0
DT    0.13863  0.03150  0.00000 0
DT    0.15923  0.03150  0.00000 0
DT    0.17858  0.03150  0.00000 0
DT    0.19813  0.03150  0.00000 0
DT    0.21849  0.03150  0.00000 0
DT    0.23803  0.03150  0.00000 0
DT    0.25952  0.02362  0.00787 0
DT    0.27904  0.01575  0.00787 0
DT    0.29879  0.00000  0.00787 0
DT    0.32047 -0.04688  0.00000 0
DT    0.33976 -0.14844 -0.00781 0
DT    0.35963 -0.20313 -0.03125 0
DT    0.38038 -0.29688 -0.06250 0
DT    0.39952 -0.34375 -0.07031 0
DT    0.42032 -0.39844 -0.07813 0
DT    0.44033 -0.39844 -0.07813 0
DT    0.45939 -0.43750 -0.09375 0
DT    0.47983 -0.46094 -0.09375 0
DT    0.49960 -0.46094 -0.09375 0
DT    0.51987 -0.50000 -0.09375 0
DT    0.53908 -0.50000 -0.09375 0
DT    0.56023 -0.52344 -0.08594 0
DT    0.58044 -0.55469 -0.07813 0
DT    0.60078 -0.56250 -0.06250 0
DT    0.61969 -0.57813 -0.04688 0
DT    0.64086 -0.58594 -0.03125 0
DT    0.66046 -0.60156 -0.01563 0
DT    0.68013 -0.60938 -0.00781 0
DT    0.70015 -0.60938 -0.00781 0
DT    0.71973 -0.62500  0.00000 0
DT    0.74046 -0.63281  0.00787 0
DT    0.75918 -0.63281  0.00787 0
DT    0.77995 -0.64844  0.01575 0
DT    0.79882 -0.64844  0.01575 0
DT    0.81988 -0.65625  0.00787 0
DT    0.83873 -0.66406  0.00787 0
DT    0.85835 -0.66406  0.00787 0
DT    0.87804 -0.66406  0.00787 0
DT    0.89887 -0.66406  0.00000 0
DT    0.91875 -0.66406 -0.01563 0
DT    0.93874 -0.66406 -0.05469 0
DT    0.95949 -0.66406 -0.12500 0
DT    0.97892 -0.66406 -0.13281 0
DT    0.99882 -0.66406 -0.17969 0
DT    1.02001 -0.66406 -0.18750 0
DT    1.03890 -0.66406 -0.19531 0
DT    1.05976 -0.66406 -0.21094 0
DT    1.08072 -0.66406 -0.21094 0
DT    1.09871 -0.66406 -0.22656 0
DT    1.11922 -0.66406 -0.24219 0
DT    1.13894 -0.66406 -0.25781 0
DT    1.15957 -0.66406 -0.27344 0
DT    1.18019 -0.66406 -0.27344 0
DT    1.20088 -0.66406 -0.28125 0
DT    1.21941 -0.66406 -0.30469 0
DT    1.23990 -0.66406 -0.32813 0
DT    1.25910 -0.66406 -0.34375 0
DT    1.27926 -0.66406 -0.35938 0
DT    1.29962 -0.66406 -0.38281 0
DT    1.31986 -0.66406 -0.38281 0
DT    1.34086 -0.66406 -0.39844 0
DT    1.36088 -0.66406 -0.42969 0
DT    1.37918 -0.66406 -0.45313 0
DT    1.40031 -0.66406 -0.46094 0
DT    1.41918 -0.66406 -0.47656 0
DT    1.43922 -0.66406 -0.48438 0
DT    1.45956 -0.66406 -0.50781 0
DT    1.47992 -0.65625 -0.51563 0
DT    1.50073 -0.63281 -0.54688 0
DT    1.52013 -0.61719 -0.57813 0
DT    1.53993 -0.61719 -0.57813 0
DT    1.55995 -0.56250 -0.62500 0
DT    1.57960 -0.53125 -0.64844 0
DT    1.59959 -0.51563 -0.65625 0
DT    1.61975 -0.50000 -0.66406 0
DT    1.63885 -0.48438 -0.66406 0
DT    1.66006 -0.46094 -0.67188 0
DT    1.67977 -0.44531 -0.67969 0
DT    1.69914 -0.42188 -0.68750 0
DT    1.71905 -0.39844 -0.68750 0
DT    1.74023 -0.34375 -0.70313 0
DT    1.76141 -0.34375 -0.70313 0
DT    1.77978 -0.27344 -0.70313 0
DT    1.79878 -0.25781 -0.70313 0
DT    1.81866 -0.25781 -0.70313 0
DT    1.84021 -0.25000 -0.70313 0
DT    1.85909 -0.24219 -0.70313 0
DT    1.87888 -0.22656 -0.70313 0
DT    1.89930 -0.21094 -0.70313 0
DT    1.91912 -0.15625 -0.70313 0
DT    1.94047 -0.07813 -0.71094 0
DT    1.95973 -0.02344 -0.71094 0
DT    1.97882  0.04724 -0.71094 0
DT    1.99968  0.05512 -0.71094 0
DT    2.01894  0.05512 -0.70313 0
DT    2.04070  0.04724 -0.71094 0
DT    2.05984  0.04724 -0.70313 0
DT    2.08108  0.04724 -0.70313 0
DT    2.09960  0.04724 -0.67969 0
DT    2.12028  0.03150 -0.67188 0
DT    2.13886  0.01575 -0.66406 0
DT    2.15941  0.01575 -0.66406 0
DT    2.18163  0.00000 -0.64063 0
DT    2.20117 -0.06250 -0.60156 0
DT    2.22066 -0.06250 -0.60156 0
DT    2.24448 -0.14063 -0.53906 0
DT    2.26472 -0.18750 -0.49219 0
DT    2.27897 -0.28125 -0.32813 0
DT    2.29896 -0.31250 -0.19531 0
DT    2.32028 -0.31250 -0.19531 0
DT    2.34019 -0.33594  0.00787 0
DT    2.35978 -0.32813  0.00000 0
DT    2.37801 -0.32813  0.00000 0
DT    2.40200 -0.32813  0.00000 0
DT    2.41953 -0.32031  0.00000 0
DT    2.43909 -0.30469  0.00000 0
DT    2.45909 -0.28125  0.00000 0
DT    2.47979 -0.28125  0.00000 0
DT    2.50018 -0.24219 -0.03906 0
DT    2.52059 -0.22656 -0.07031 0
DT    2.53889 -0.22656 -0.07031 0
DT    2.55977 -0.20313 -0.09375 0
DT    2.57923 -0.20313 -0.09375 0
DT    2.59908 -0.20313 -0.09375 0
DT    2.61862 -0.20313 -0.09375 0
DT    2.63885 -0.20313 -0.07813 0
DT    2.65864 -0.20313 -0.06250 0
DT    2.67971 -0.20313 -0.03125 0
DT    2.69971 -0.20313 -0.01563 0
DT    2.71991 -0.19531 -0.00781 0
DT    2.73995 -0.19531 -0.00781 0
DT    2.75944 -0.15625  0.00000 0
DT    2.78076 -0.14063  0.01575 0
DT    2.79864 -0.14063  0.01575 0
DT    2.81907 -0.13281  0.01575 0
DT    2.83830 -0.13281  0.01575 0
DT    2.85875 -0.12500  0.01575 0
DT    2.87800 -0.12500  0.01575 0
DT    2.89945 -0.10938  0.00787 0
CS    2.91687 -1.00000  1.00000 1
DT    2.91891 -0.08594  0.00787 0
DT    2.93885 -0.06250  0.00787 0
DT    2.95869 -0.03906  0.00787 0
DT    2.97909  0.01575  0.00000 0
DT    2.99970  0.01575  0.00000 0
DT    3.01836  0.03150  0.00000 0
DT    3.03900  0.03150  0.00787 0
DT    3.05833  0.03150  0.00787 0
DT    3.07833  0.03150  0.00787 0
DT    3.09882  0.03150  0.00787 0
DT    3.11925  0.03150  0.00787 0
DT    3.13802  0.03150  0.00787 0
DT    3.15856  0.03150  0.00787 0
DT    3.17871  0.03150  0.00787 0
DT    3.19840  0.03150  0.00787 0
DT    3.21836  0.03150  0.00787 0
DT    3.23950  0.04724  0.00787 0
CS    3.25663  0.00000  0.00000 0
DT    3.25878  0.04724  0.00787 0
DT    3.28078  0.03937  0.03150 0
DT    3.29946  0.03937  0.09449 0
DT    3.32063  0.05512  0.20472 0
DT    3.33958  0.08661  0.26772 0
DT    3.36010  0.11811  0.43307 0
DT    3.38012  0.11811  0.43307 0
DT    3.40009  0.22047  0.66929 0
DT    3.42053  0.26772  0.72441 0
DT    3.44055  0.26772  0.72441 0
DT    3.45968  0.34646  0.84252 0
DT    3.48035  0.35433  0.91339 0
DT    3.49968  0.35433  0.91339 0
DT    3.51954  0.35433  0.95276 0
DT    3.53780  0.35433  0.95276 0
DT    3.55910  0.36220  0.96063 0
DT    3.57895  0.35433  0.96063 0
DT    3.59859  0.36220  0.96063 0
DT    3.61983  0.36220  0.96850 0
DT    3.63868  0.36220  0.96850 0
FB    3.65723  0.00000  0.00000 1
DT    3.65919  0.36220  0.97638 0
DT    3.67793  0.36220  0.97638 0
DT    3.69879  0.36220  0.97638 0
DT    3.71879  0.37795  0.97638 0
DT    3.73993  0.38583  0.97638 0
DT    3.75911  0.41732  0.97638 0
DT    3.77854  0.44882  0.97638 0
DT    3.79907  0.52756  0.97638 0
DT    3.81847  0.58268  0.97638 0
DT    3.84034  0.62205  0.97638 0
DT    3.85904  0.63780  0.97638 0
DT    3.87906  0.67717  0.97638 0
DT    3.89985  0.68504  0.97638 0
DT    3.91820  0.68504  0.97638 0
DT    3.93833  0.68504  0.97638 0
DT    3.95888  0.68504  0.97638 0
DT    3.97790  0.68504  0.97638 0
DT    3.99991  0.69291  0.96850 0
DT    4.01805  0.69291  0.96850 0
DT    4.03837  0.70866  0.96850 0
DT    4.05978  0.74016  0.96063 0
DT    4.08010  0.80315  0.93701 0
DT    4.09911  0.85827  0.91339 0
DT    4.11911  0.90551  0.79528 0
DT    4.13974  0.99213  0.75591 0
DT    4.16039  1.00000  0.71654 0
DT    4.17961  1.00000  0.67717 0
DT    4.19977  1.00000  0.67717 0
DT    4.21952  1.00000  0.51181 0
DT    4.23976  1.00000  0.38583 0
DT    4.25866  1.00000  0.30709 0
CS    4.27705  1.00000 -1.00000 1
DT    4.27948  1.00000  0.27559 0
DT    4.29977  1.00000  0.22835 0
DT    4.31904  1.00000  0.17323 0
DT    4.34051  1.00000  0.17323 0
DT    4.35891  1.00000  0.00000 0
DT    4.37984  1.00000  0.00787 0
DT    4.39853  1.00000  0.00787 0
DT    4.41975  0.93701 -0.01563 0
DT    4.44096  0.93701 -0.01563 0
DT    4.45897  0.53543 -0.17969 0
DT    4.48033  0.35433 -0.28125 0
DT    4.49967  0.35433 -0.28125 0
DT    4.51916  0.00787 -0.35156 0
DT    4.54050  0.04724 -0.39063 0
DT    4.55978  0.04724 -0.43750 0
DT    4.57953  0.03150 -0.46875 0
DT    4.59972  0.01575 -0.47656 0
DT    4.61947 -0.03125 -0.48438 0
DT    4.63932 -0.05469 -0.48438 0
DT    4.65859 -0.11719 -0.48438 0
DT    4.67895 -0.14844 -0.48438 0
EL    4.67896 -0.22685  0.00000 0
DT    4.69969 -0.19531 -0.48438 0
EL    4.69969 -0.46307  0.00000 0
DT    4.71886 -0.19531 -0.48438 0
EL    4.71886 -0.46307  0.00000 0
DT    4.74011 -0.19531 -0.48438 0
EL    4.74011 -0.46307  0.00000 0
DT    4.76046 -0.26563 -0.46094 0
EL    4.76046 -0.74654  0.00000 0
DT    4.77998 -0.32031 -0.45313 0
EL    4.77999 -0.81740  0.00000 0
DT    4.80050 -0.35156 -0.44531 0
EL    4.80051 -0.75441  0.00000 0
DT    4.82025 -0.35156 -0.44531 0
EL    4.82026 -0.75441  0.00000 0
DT    4.83963 -0.35938 -0.43750 0
EL    4.83963 -0.25835  0.00000 0
DT    4.85897 -0.35938 -0.43750 0
EL    4.85897  0.00000  0.00000 0
DT    4.87905 -0.35938 -0.43750 0
DT    4.89903 -0.35938 -0.42969 0
DT    4.92008 -0.36719 -0.40625 0
DT    4.93956 -0.37500 -0.39063 0
DT    4.96313 -0.37500 -0.39063 0
DT    4.97993 -0.39844 -0.32813 0
DT    4.99995 -0.40625 -0.28906 0
DT    5.01999 -0.41406 -0.26563 0
DT    5.03949 -0.42188 -0.21094 0
DT    5.05870 -0.42188 -0.17188 0
DT    5.07890 -0.42188 -0.12500 0
DT    5.09840 -0.42188 -0.08594 0
DT    5.11945 -0.42188 -0.03125 0
DT    5.13941 -0.42188 -0.03906 0
DT    5.15852 -0.42188 -0.06250 0
DT    5.17964 -0.42188 -0.08594 0
DT    5.19892 -0.42188 -0.10938 0
DT    5.21899 -0.42188 -0.11719 0
DT    5.24000 -0.41406 -0.12500 0
DT    5.25831 -0.41406 -0.12500 0
DT    5.27846 -0.41406 -0.13281 0
DT    5.29874 -0.41406 -0.12500 0
DT    5.31936 -0.41406 -0.12500 0
DT    5.33836 -0.41406 -0.12500 0
DT    5.35874 -0.41406 -0.12500 0
DT    5.37948 -0.39844 -0.14063 0
DT    5.40050 -0.37500 -0.19531 0
DT    5.41998 -0.37500 -0.19531 0
DT    5.44005 -0.32813 -0.27344 0
DT    5.45995 -0.31250 -0.28906 0
DT    5.47934 -0.28125 -0.31250 0
DT    5.50092 -0.28125 -0.31250 0
DT    5.51961 -0.26563 -0.32813 0
DT    5.53975 -0.25781 -0.33594 0
DT    5.56047 -0.25781 -0.33594 0
DT    5.57874 -0.23438 -0.33594 0
DT    5.60242 -0.23438 -0.33594 0
DT    5.61970 -0.20313 -0.34375 0
DT    5.63963 -0.19531 -0.35156 0
DT    5.66007 -0.17969 -0.35938 0
DT    5.68246 -0.17969 -0.35938 0
DT    5.69935 -0.17188 -0.35938 0
DT    5.71977 -0.17188 -0.35938 0
DT    5.73799 -0.17188 -0.35938 0
DT    5.75889 -0.17188 -0.35156 0
DT    5.77818 -0.17188 -0.35156 0
DT    5.79826 -0.17188 -0.35156 0
DT    5.82003 -0.17969 -0.33594 0
DT    5.83950 -0.18750 -0.33594 0
DT    5.85946 -0.19531 -0.32813 0
DT    5.87956 -0.21094 -0.31250 0
DT    5.89987 -0.21875 -0.30469 0
DT    5.91960 -0.22656 -0.29688 0
DT    5.93953 -0.23438 -0.28906 0
DT    5.95840 -0.25000 -0.28906 0
DT    5.97992 -0.25781 -0.28125 0
DT    5.99951 -0.27344 -0.26563 0
DT    6.01934 -0.28125 -0.25781 0
DT    6.03968 -0.29688 -0.25000 0
DT    6.05943 -0.29688 -0.24219 0
DT    6.07903 -0.30469 -0.24219 0
DT    6.09969 -0.30469 -0.24219 0
DT    6.11943 -0.31250 -0.23438 0
DT    6.13844 -0.31250 -0.23438 0
DT    6.15881 -0.31250 -0.22656 0
DT    6.17848 -0.31250 -0.21875 0
DT    6.19893 -0.31250 -0.21875 0
DT    6.21889 -0.31250 -0.21094 0
DT    6.23985 -0.31250 -0.20313 0
DT    6.25897 -0.31250 -0.20313 0
DT    6.27967 -0.31250 -0.19531 0
DT    6.29956 -0.30469 -0.19531 0
DT    6.31948 -0.30469 -0.18750 0
DT    6.33959 -0.29688 -0.18750 0
DT    6.36048 -0.27344 -0.17969 0
DT    6.37870 -0.25000 -0.17969 0
DT    6.39984 -0.20313 -0.14844 0
DT    6.41967 -0.14844 -0.13281 0
DT    6.43986 -0.14844 -0.13281 0
DT    6.46047  0.00000 -0.03125 0
DT    6.47965  0.03937  0.01575 0
DT    6.50029  0.03937  0.00787 0
DT    6.51986  0.03937  0.00000 0
DT    6.53897  0.03937  0.00787 0
DT    6.56094  0.04724  0.01575 0
DT    6.57941  0.05512  0.00787 0
DT    6.59870  0.11024  0.00787 0
DT    6.61908  0.16535  0.00787 0
DT    6.63834  0.29134  0.00787 0
DT    6.65843  0.39370  0.00787 0
DT    6.67961  0.54331  0.04724 0
DT    6.69955  0.57480  0.12598 0
DT    6.71970  0.68504  0.24409 0
DT    6.74034  0.72441  0.33858 0
DT    6.75975  0.76378  0.55118 0
DT    6.78007  0.78740  0.69291 0
DT    6.79940  0.80315  0.74803 0
DT    6.81949  0.82677  0.77165 0
DT    6.83963  0.85039  0.78740 0
DT    6.85944  0.85827  0.79528 0
DT    6.87947  0.85827  0.88189 0
DT    6.89939  0.85827  0.88189 0
DT    6.91862  0.85827  0.95276 0
DT    6.93930  0.85827  0.96063 0
DT    6.95942  0.85827  0.98425 0
DT    6.97973  0.85827  1.00000 0
DT    6.99933  0.85039  1.00000 0
DT    7.01914  0.84252  1.00000 0
DT    7.03877  0.84252  1.00000 0
DT    7.05853  0.83465  1.00000 0
DT    7.07852  0.82677  1.00000 0
DT    7.09895  0.80315  1.00000 0
DT    7.11875  0.73228  1.00000 0
DT    7.13874  0.63780  1.00000 0
DT    7.15933  0.45669  1.00000 0
DT    7.17985  0.16535  0.99213 0
DT    7.20076  0.03937  0.93701 0
EL    7.20076  0.07938  0.00000 0
DT    7.22051  0.00000  0.74803 0
EL    7.22052  0.17313  0.00000 0
DT    7.24010  0.03150  0.66929 0
EL    7.24010  0.30594  0.00000 0
DT    7.26053  0.03937  0.42520 0
EL    7.26053  0.36844  0.00000 0
DT    7.27955  0.00787  0.11024 0
EL    7.27956  0.38406  0.00000 0
DT    7.30109  0.00787  0.11024 0
EL    7.30110  0.38406  0.00000 0
DT    7.32135 -0.09375  0.00000 0
EL    7.32135  0.38406  0.00000 0
DT    7.33937 -0.30469  0.05512 0
EL    7.33937  0.38406  0.00000 0
DT    7.35990 -0.40625  0.00787 0
EL    7.35990  0.38406  0.00000 0
DT    7.37940 -0.56250  0.00787 0
EL    7.37941  0.38406  0.00000 0
DT    7.39898 -0.57031  0.00787 0
EL    7.39899  0.38406  0.00000 0
DT    7.41929 -0.57031  0.00787 0
EL    7.41929  0.38406  0.00000 0
DT    7.43901 -0.57031  0.01575 0
EL    7.43901  0.38406  0.00000 0
DT    7.45915 -0.57031  0.00787 0
EL    7.45916  0.38406  0.00000 0
DT    7.48003 -0.57031  0.00000 0
EL    7.48004  0.38406  0.00000 0
DT    7.49954 -0.57031  0.00000 0
EL    7.49954  0.38406  0.00000 0
DT    7.52055 -0.57031 -0.05469 0
EL    7.52056  0.38406  0.00000 0
DT    7.54107 -0.57813 -0.10938 0
EL    7.54108  0.38406  0.00000 0
DT    7.55952 -0.57031 -0.17969 0
EL    7.55952  0.38406  0.00000 0
DT    7.57916 -0.57031 -0.19531 0
EL    7.57917  0.38406  0.00000 0
DT    7.59942 -0.57031 -0.20313 0
EL    7.59943  0.38406  0.00000 0
DT    7.61975 -0.57031 -0.21094 0
EL    7.61975  0.38406  0.00000 0
DT    7.63852 -0.57031 -0.21094 0
EL    7.63853  0.38406  0.00000 0
DT    7.65940 -0.57031 -0.22656 0
EL    7.65940  0.38406  0.00000 0
DT    7.67906 -0.57031 -0.22656 0
EL    7.67907  0.38406  0.00000 0
DT    7.69942 -0.57031 -0.24219 0
EL    7.69942  0.38406  0.00000 0
DT    7.72004 -0.56250 -0.25781 0
EL    7.72005  0.38406  0.00000 0
DT    7.73991 -0.55469 -0.28125 0
EL    7.73992  0.38406  0.00000 0
DT    7.75911 -0.54688 -0.29688 0
EL    7.75912  0.38406  0.00000 0
DT    7.78114 -0.53125 -0.31250 0
EL    7.78114  0.38406  0.00000 0
DT    7.79938 -0.52344 -0.32031 0
EL    7.79938  0.38406  0.00000 0
DT    7.81934 -0.52344 -0.33594 0
EL    7.81935  0.38406  0.00000 0
DT    7.83982 -0.52344 -0.34375 0
EL    7.83983  0.38406  0.00000 0
DT    7.86013 -0.52344 -0.35938 0
EL    7.86014  0.38406  0.00000 0
DT    7.87817 -0.52344 -0.35938 0
EL    7.87818  0.38406  0.00000 0
DT    7.89939 -0.52344 -0.36719 0
EL    7.89940  0.38406  0.00000 0
DT    7.91896 -0.52344 -0.35938 0
EL    7.91897  0.38406  0.00000 0
DT    7.93916 -0.52344 -0.35156 0
EL    7.93916  0.38406  0.00000 0
DT    7.96076 -0.52344 -0.35156 0
EL    7.96077  0.38406  0.00000 0
DT    7.97977 -0.53125 -0.30469 0
EL    7.97977  0.32156  0.00000 0
DT    8.00058 -0.53906 -0.28906 0
EL    8.00058  0.25906  0.00000 0
DT    8.02185 -0.55469 -0.25000 0
EL    8.02186  0.14188  0.00000 0
DT    8.04032 -0.56250 -0.21094 0
EL    8.04033  0.07156  0.00000 0
DT    8.06098 -0.57031 -0.16406 0
EL    8.06098  0.00000  0.00000 0
DT    8.08008 -0.57813 -0.13281 0
DT    8.09948 -0.57813 -0.10938 0
DT    8.12030 -0.57813 -0.10156 0
DT    8.13912 -0.57813 -0.09375 0
DT    8.16285 -0.57813 -0.09375 0
DT    8.17906 -0.57813 -0.09375 0
DT    8.20098 -0.57813 -0.09375 0
DT    8.21944 -0.57813 -0.09375 0
DT    8.24046 -0.57813 -0.09375 0
DT    8.26008 -0.57813 -0.09375 0
DT    8.28023 -0.57813 -0.11719 0
DT    8.30003 -0.57031 -0.13281 0
DT    8.31916 -0.57031 -0.15625 0
DT    8.34110 -0.56250 -0.19531 0
DT    8.36010 -0.56250 -0.21875 0
DT    8.38057 -0.56250 -0.21875 0
DT    8.40022 -0.55469 -0.28906 0
DT    8.42091 -0.54688 -0.30469 0
DT    8.43997 -0.53906 -0.32031 0
DT    8.45999 -0.53125 -0.34375 0
DT    8.48133 -0.51563 -0.36719 0
DT    8.50038 -0.48438 -0.39844 0
DT    8.51970 -0.46094 -0.39844 0
DT    8.54020 -0.43750 -0.41406 0
DT    8.55972 -0.43750 -0.42188 0
DT    8.57976 -0.42969 -0.42188 0
DT    8.59978 -0.42969 -0.42188 0
CS    8.61693  0.00000  0.00000 0
DT    8.61901 -0.42969 -0.42188 0
DT    8.64053 -0.43750 -0.42188 0
DT    8.66054 -0.42969 -0.42188 0
DT    8.68126 -0.42969 -0.42188 0
DT    8.69836 -0.42969 -0.42188 0
DT    8.71815 -0.42969 -0.42188 0
DT    8.73831 -0.42969 -0.42188 0
DT    8.75998 -0.42188 -0.42969 0
DT    8.77908 -0.40625 -0.42969 0
DT    8.80154 -0.40625 -0.42969 0
DT    8.82261 -0.39844 -0.43750 0
DT    8.84055 -0.35156 -0.45313 0
DT    8.86049 -0.33594 -0.46094 0
DT    8.87948 -0.31250 -0.46875 0
DT    8.89911 -0.31250 -0.47656 0
DT    8.92081 -0.30469 -0.48438 0
DT    8.93855 -0.30469 -0.48438 0
DT    8.96067 -0.29688 -0.49219 0
DT    8.98009 -0.29688 -0.49219 0
DT    9.00197 -0.29688 -0.49219 0
DT    9.02073 -0.28125 -0.49219 0
DT    9.04116 -0.27344 -0.50000 0
DT    9.05891 -0.25781 -0.50000 0
DT    9.07955 -0.23438 -0.50000 0
DT    9.09894 -0.21094 -0.50000 0
DT    9.11904 -0.20313 -0.50000 0
DT    9.13900 -0.18750 -0.50000 0
DT    9.15892 -0.17188 -0.50000 0
DT    9.17896 -0.17188 -0.50000 0
DT    9.19867 -0.17188 -0.50000 0
DT    9.21888 -0.15625 -0.49219 0
DT    9.24095 -0.13281 -0.48438 0
DT    9.26054 -0.12500 -0.46875 0
DT    9.28021 -0.11719 -0.43750 0
DT    9.30075 -0.10938 -0.41406 0
DT    9.32040 -0.10938 -0.41406 0
DT    9.34118 -0.05469 -0.30469 0
DT    9.36097  0.00787 -0.28125 0
DT    9.38041  0.04724 -0.18750 0
DT    9.40029  0.04724 -0.07813 0
DT    9.42071  0.03150  0.01575 0
DT    9.44036  0.02362  0.00787 0
CS    9.45878 -1.00000  1.00000 1
DT    9.46092  0.02362  0.00000 0
DT    9.47966  0.03150  0.00787 0
DT    9.50066  0.03150  0.00787 0
DT    9.52001  0.03150  0.00787 0
DT    9.54015  0.04724  0.00787 0
DT    9.55971  0.04724  0.00787 0
DT    9.57985  0.04724  0.00787 0
DT    9.59975  0.04724  0.00787 0
DT    9.62026  0.04724  0.00787 0
CS    9.63674  0.00000  0.00000 0
DT    9.63955  0.04724  0.00787 0
DT    9.66016  0.04724  0.00787 0
DT    9.68227  0.04724  0.00787 0
DT    9.69834  0.04724  0.00787 0
DT    9.72081  0.04724  0.00787 0
DT    9.73961  0.04724  0.01575 0
DT    9.76165  0.04724  0.01575 0
DT    9.77862  0.04724  0.01575 0
DT    9.79931  0.03937  0.01575 0
DT    9.81824  0.03937  0.01575 0
DT    9.83999  0.03937  0.00787 0
DT    9.85977  0.03937  0.00787 0
DT    9.87944  0.04724  0.01575 0
DT    9.89989  0.05512  0.02362 0
DT    9.92056  0.04724  0.05512 0
DT    9.94011  0.04724  0.15748 0
DT    9.95875  0.04724  0.22047 0
DT    9.98022  0.05512  0.43307 0
DT    9.99977  0.08661  0.56693 0
DT   10.01943  0.16535  0.74016 0
DT   10.03969  0.18110  0.79528 0
DT   10.05947  0.27559  0.85827 0
DT   10.07896  0.35433  0.87402 0
DT   10.09925  0.40945  0.90551 0
DT   10.11944  0.42520  0.91339 0
DT   10.14037  0.44094  0.92126 0
DT   10.15972  0.44094  0.92913 0
DT   10.17982  0.44882  0.93701 0
DT   10.19983  0.44882  0.93701 0
DT   10.21980  0.44882  0.93701 0
DT   10.23965  0.44882  0.94488 0
DT   10.25893  0.44882  0.94488 0
DT   10.27825  0.44882  0.94488 0
DT   10.30012  0.40945  0.93701 0
DT   10.31937  0.38583  0.93701 0
DT   10.33911  0.25984  0.93701 0
DT   10.36029  0.18110  0.93701 0
DT   10.38011  0.05512  0.93701 0
DT   10.39845  0.03937  0.93701 0
DT   10.42018  0.03937  0.92126 0
DT   10.44043  0.04724  0.85039 0
DT   10.45974  0.03937  0.75591 0
DT   10.47946 -0.00781  0.61417 0
DT   10.49953 -0.07031  0.48819 0
DT   10.52053 -0.16406  0.28346 0
FB   10.53838  0.00000  0.00000 0
DT   10.54080 -0.21875  0.18898 0
DT   10.56046 -0.25781  0.09449 0
DT   10.57946 -0.28906  0.07087 0
DT   10.60088 -0.28906  0.07087 0
DT   10.61959 -0.35938  0.07087 0
DT   10.64045 -0.40625  0.05512 0
EL   10.64046 -0.07724  0.00000 0
DT   10.66011 -0.43750  0.00787 0
EL   10.66011 -0.29772  0.00000 0
DT   10.67992 -0.44531  0.00787 0
EL   10.67992 -0.44732  0.00000 0
DT   10.69953 -0.46094  0.00787 0
EL   10.69954 -0.56543  0.00000 0
DT   10.71900 -0.46875  0.00787 0
EL   10.71900 -0.67567  0.00000 0
DT   10.73843 -0.46875  0.00787 0
EL   10.73843 -0.70717  0.00000 0
DT   10.75868 -0.47656  0.00787 0
EL   10.75869 -0.70717  0.00000 0
DT   10.77785 -0.47656  0.00787 0
EL   10.77785 -0.70717  0.00000 0
DT   10.79846 -0.47656  0.00787 0
EL   10.79846 -0.70717  0.00000 0
DT   10.81837 -0.47656  0.00787 0
EL   10.81838 -0.70717  0.00000 0
DT   10.83881 -0.47656  0.00787 0
EL   10.83881 -0.70717  0.00000 0
DT   10.85810 -0.47656  0.00787 0
EL   10.85811 -0.70717  0.00000 0
DT   10.87892 -0.47656  0.00000 0
EL   10.87892 -0.70717  0.00000 0
DT   10.89866 -0.47656  0.00000 0
EL   10.89866 -0.70717  0.00000 0
DT   10.91922 -0.47656  0.00000 0
EL   10.91923 -0.71504  0.00000 0
DT   10.93869 -0.47656  0.00000 0
EL   10.93870 -0.71504  0.00000 0
DT   10.95828 -0.47656  0.00000 0
EL   10.95828 -0.71504  0.00000 0
DT   10.97826 -0.47656  0.00000 0
EL   10.97827 -0.71504  0.00000 0
DT   10.99862 -0.47656  0.00000 0
EL   10.99863 -0.71504  0.00000 0
DT   11.01931 -0.47656  0.00000 0
EL   11.01932 -0.71504  0.00000 0
DT   11.03905 -0.48438  0.00000 0
EL   11.03906 -0.71504  0.00000 0
DT   11.06052 -0.50000  0.00000 0
EL   11.06052 -0.71504  0.00000 0
DT   11.07834 -0.51563  0.00000 0
EL   11.07835 -0.71504  0.00000 0
DT   11.09900 -0.52344  0.00000 0
EL   11.09900 -0.71504  0.00000 0
DT   11.12051 -0.53906  0.00787 0
EL   11.12052 -0.63630  0.00000 0
DT   11.13950 -0.55469  0.00787 0
EL   11.13951 -0.56543  0.00000 0
DT   11.15969 -0.56250  0.00787 0
EL   11.15969 -0.39220  0.00000 0
DT   11.17964 -0.57031  0.00787 0
EL   11.17964 -0.18748  0.00000 0
DT   11.19889 -0.58594  0.00787 0
EL   11.19890 -0.08512  0.00000 0
DT   11.21959 -0.60156  0.00787 0
EL   11.21960  0.00000  0.00000 0
DT   11.23866 -0.60938  0.00787 0
DT   11.25942 -0.62500  0.00787 0
DT   11.28037 -0.63281  0.00000 0
DT   11.29905 -0.64844  0.00000 0
DT   11.31986 -0.64844  0.00000 0
DT   11.34012 -0.65625  0.00787 0
DT   11.36206 -0.65625  0.00787 0
DT   11.37850 -0.65625  0.00787 0
DT   11.39858 -0.65625  0.00787 0
DT   11.41956 -0.66406  0.00000 0
DT   11.43940 -0.66406 -0.03906 0
DT   11.45895 -0.66406 -0.13281 0
DT   11.47935 -0.66406 -0.19531 0
DT   11.49997 -0.66406 -0.19531 0
DT   11.51955 -0.66406 -0.37500 0
DT   11.53890 -0.66406 -0.37500 0
DT   11.55983 -0.66406 -0.43750 0
DT   11.58052 -0.67188 -0.46094 0
DT   11.59814 -0.67188 -0.46094 0
DT   11.61981 -0.67969 -0.46094 0
DT   11.64048 -0.68750 -0.45313 0
DT   11.65904 -0.69531 -0.45313 0
DT   11.67795 -0.69531 -0.45313 0
DT   11.69958 -0.69531 -0.46094 0
DT   11.71994 -0.69531 -0.46875 0
DT   11.73934 -0.69531 -0.48438 0
DT   11.76010 -0.67969 -0.52344 0
DT   11.77997 -0.66406 -0.56250 0
DT   11.80021 -0.61719 -0.62500 0
DT   11.82027 -0.57031 -0.64844 0
DT   11.83986 -0.51563 -0.68750 0
DT   11.85960 -0.49219 -0.75000 0
DT   11.87910 -0.44531 -0.78906 0
DT   11.89906 -0.40625 -0.80469 0
DT   11.91979 -0.37500 -0.86719 0
DT   11.93951 -0.34375 -0.86719 0
DT   11.95891 -0.32031 -0.86719 0
DT   11.97986 -0.31250 -0.85938 0
DT   12.00163 -0.31250 -0.85938 0
DT   12.01970 -0.28125 -0.85938 0
DT   12.03824 -0.28125 -0.85938 0
DT   12.05874 -0.27344 -0.84375 0
DT   12.07852 -0.27344 -0.82813 0
DT   12.09812 -0.27344 -0.82813 0
DT   12.11949 -0.25781 -0.82813 0
DT   12.13892 -0.23438 -0.82813 0
DT   12.15944 -0.23438 -0.82813 0
DT   12.17893 -0.10156 -0.82813 0
DT   12.19888  0.00000 -0.82813 0
DT   12.21907  0.04724 -0.82813 0
DT   12.23967  0.05512 -0.83594 0
DT   12.25964  0.04724 -0.83594 0
DT   12.27993  0.03150 -0.82813 0
DT   12.29908  0.03150 -0.82813 0
DT   12.31907  0.03150 -0.82813 0
DT   12.34056  0.03937 -0.82813 0
DT   12.36009  0.03937 -0.82813 0
DT   12.37881  0.03937 -0.82813 0
DT   12.39926  0.03150 -0.82813 0
DT   12.42029  0.03150 -0.82813 0
DT   12.43999  0.03150 -0.79688 0
DT   12.45951  0.03937 -0.78125 0
DT   12.48078  0.03150 -0.77344 0
DT   12.49978  0.03150 -0.77344 0
DT   12.52271  0.01575 -0.76563 0
DT   12.53896 -0.07813 -0.75000 0
DT   12.55867 -0.14063 -0.75000 0
DT   12.58018 -0.21094 -0.74219 0
DT   12.59958 -0.23438 -0.74219 0
DT   12.62131 -0.23438 -0.74219 0
DT   12.64028 -0.24219 -0.74219 0
DT   12.65837 -0.24219 -0.74219 0
DT   12.67860 -0.24219 -0.74219 0
DT   12.69848 -0.24219 -0.74219 0
DT   12.71815 -0.24219 -0.74219 0
DT   12.73810 -0.24219 -0.74219 0
DT   12.75797 -0.24219 -0.74219 0
DT   12.77943 -0.23438 -0.74219 0
DT   12.79865 -0.22656 -0.74219 0
DT   12.81940 -0.21094 -0.74219 0
DT   12.83976 -0.21094 -0.73438 0
DT   12.85927 -0.21094 -0.72656 0
DT   12.88000 -0.21875 -0.71875 0
DT   12.89943 -0.25000 -0.68750 0
DT   12.92004 -0.27344 -0.66406 0
DT   12.94218 -0.27344 -0.66406 0
DT   12.96448 -0.34375 -0.63281 0
DT   12.98031 -0.44531 -0.59375 0
DT   12.99946 -0.47656 -0.57813 0
DT   13.01950 -0.49219 -0.55469 0
DT   13.04123 -0.49219 -0.55469 0
DT   13.06229 -0.50781 -0.54688 0
DT   13.07957 -0.52344 -0.50000 0
DT   13.09905 -0.52344 -0.48438 0
DT   13.11888 -0.52344 -0.46875 0
DT   13.13946 -0.52344 -0.45313 0
DT   13.16013 -0.52344 -0.44531 0
DT   13.17837 -0.52344 -0.44531 0
DT   13.19987 -0.52344 -0.42188 0
DT   13.21881 -0.52344 -0.41406 0
DT   13.24034 -0.52344 -0.40625 0
DT   13.25793 -0.52344 -0.40625 0
DT   13.28127 -0.52344 -0.40625 0
DT   13.29948 -0.49219 -0.40625 0
DT   13.31985 -0.44531 -0.40625 0
DT   13.33898 -0.39844 -0.40625 0
DT   13.35960 -0.35156 -0.40625 0
DT   13.37874 -0.31250 -0.40625 0
DT   13.39994 -0.30469 -0.39844 0
DT   13.41785 -0.30469 -0.39844 0
DT   13.44000 -0.27344 -0.36719 0
DT   13.46043 -0.24219 -0.32031 0
DT   13.47977 -0.22656 -0.28906 0
DT   13.49935 -0.22656 -0.28906 0
DT   13.51996 -0.07813 -0.12500 0
DT   13.53930 -0.01563 -0.10156 0
DT   13.56008  0.03937  0.01575 0
DT   13.57905  0.04724  0.03937 0
DT   13.59855  0.04724  0.03937 0
DT   13.61980  0.05512  0.03937 0
DT   13.63894  0.05512  0.03150 0
DT   13.65900  0.05512  0.03150 0
DT   13.67945  0.05512  0.03150 0
DT   13.70018  0.04724  0.03150 0
DT   13.72000  0.03937  0.03150 0
DT   13.74133  0.03937  0.03150 0
DT   13.75863  0.03937  0.05512 0
DT   13.77928  0.03937  0.10236 0
DT   13.79896  0.03937  0.11811 0
DT   13.81896  0.03937  0.15748 0
DT   13.84014  0.03937  0.15748 0
DT   13.85937  0.04724  0.18110 0
DT   13.87889  0.04724  0.18110 0
DT   13.89805  0.04724  0.18110 0
DT   13.91887  0.03937  0.18110 0
DT   13.93892  0.03150  0.18110 0
DT   13.95891  0.02362  0.18110 0
EL   14.23404  0.00000  0.00000 1
XX 9999.00000 999.00000 999.00000 0
