0000    0.00005  0.00005  0.03937 -0.01563 -1019.89099 1369.05038  0.00000  0.00000
0001    0.01963  0.01957  0.03937 -0.00781 -1019.89099 1369.05038  0.00000  0.00000
0002    0.04023  0.02059  0.04724 -0.01563 -1019.89099 1369.05038  0.00000  0.00000
0003    0.06087  0.02063  0.03937 -0.00781 -1019.89099 1369.05038  0.00000  0.00000
0004    0.07967  0.01879  0.04724 -0.00781 -1019.89099 1369.05038  0.00000  0.00000
0005    0.09941  0.01974  0.04724 -0.00781 -1019.89099 1369.05038  0.00000  0.00000
0006    0.11888  0.01945  0.04724 -0.00781 -1019.89099 1369.05038  0.00000  0.00000
0007    0.13878  0.01990  0.04724 -0.00781 -1019.89099 1369.05038  0.00000  0.00000
0008    0.15934  0.02054  0.04724 -0.00781 -1019.89099 1369.05038  0.00000  0.00000
0009    0.17916  0.01982  0.04724 -0.00781 -1019.89099 1369.05038  0.00000  0.00000
0010    0.19900  0.01982  0.04724 -0.00781 -1019.89099 1369.05038  0.00000  0.00000
0011    0.21930  0.02029  0.04724 -0.00781 -1019.89099 1369.05038  0.00000  0.00000
0012    0.23889  0.01958  0.04724 -0.00781 -1019.89099 1369.05038  0.00000  0.00000
0013    0.25882  0.01993  0.04724 -0.00781 -1019.89099 1369.05038  0.00000  0.00000
0014    0.28013  0.02130  0.04724 -0.00781 -1019.89099 1369.05038  0.00000  0.00000
0015    0.29952  0.01937  0.04724 -0.01563 -1019.89099 1369.05038  0.00000  0.00000
0016    0.32015  0.02062  0.04724 -0.00781 -1019.89099 1369.05038  0.00000  0.00000
0017    0.33931  0.01915  0.04724 -0.00781 -1019.89099 1369.05038  0.00000  0.00000
0018    0.35883  0.01951  0.04724 -0.00781 -1019.89099 1369.05038  0.00000  0.00000
0019    0.37975  0.02091  0.04724 -0.00781 -1019.89099 1369.05038  0.00000  0.00000
0020    0.39932  0.01956  0.04724 -0.00781 -1019.89099 1369.05038  0.00000  0.00000
0021    0.42021  0.02089  0.04724  0.00000 -1019.89099 1369.05038  0.00000  0.00000
0022    0.43957  0.01934  0.04724  0.00000 -1019.89099 1369.05038  0.00000  0.00000
0023    0.45944  0.01986  0.04724  0.00000 -1019.89099 1369.05038  0.00000  0.00000
0024    0.47906  0.01961  0.04724  0.00000 -1019.89099 1369.05038  0.00000  0.00000
0025    0.49928  0.02021  0.04724  0.02362 -1019.89099 1369.05038  0.00000  0.00000
0026    0.52027  0.02098  0.09449  0.05512 -1019.89099 1369.05038  0.00000  0.00000
0027    0.54082  0.02054  0.19685  0.13386 -1019.89099 1369.05038  0.00000  0.00000
0028    0.56050  0.01967  0.25984  0.17323 -1019.89099 1369.05038  0.00000  0.00000
0029    0.58058  0.02008  0.33858  0.22835 -1019.89099 1369.09946  0.00000  0.00000
0030    0.60079  0.02019  0.38583  0.25984 -1019.98916 1369.14855 -0.23407  2.27732
0031    0.62004  0.01924  0.40945  0.32283 -1020.08734 1369.24673 -0.46813  3.28769
0032    0.64034  0.02030  0.42520  0.37008 -1020.28369 1369.34490 -0.93627  4.03102
0033    0.65968  0.01932  0.42520  0.40945 -1020.48004 1369.54125 -7.94456  5.27125
0034    0.67987  0.02019  0.43307  0.42520 -1020.72548 1369.78669 -11.01226  9.62731
0035    0.70001  0.02013  0.43307  0.44094 -1021.02000 1370.08121 -13.93332 13.67132
0036    0.72033  0.02031  0.44094  0.44882 -1021.36361 1370.42483 -16.39269 16.94498
0037    0.74014  0.01980  0.44882  0.44882 -1021.75631 1370.81753 -18.48877 19.82556
0038    0.75965  0.01950  0.46457  0.44882 -1022.14901 1371.25931 -20.88861 22.41300
0039    0.78008  0.02042  0.50394  0.44882 -1022.63989 1371.79928 -22.93246 24.84034
0040    0.80007  0.01998  0.53543  0.44882 -1023.13076 1372.29015 -25.79880 26.23674
0041    0.81992  0.01984  0.56693  0.44094 -1023.71981 1372.87920 -28.88078 28.60577
0042    0.84043  0.02050  0.57480  0.44882 -1024.35795 1373.51734 -32.01418 29.88666
0043    0.85996  0.01951  0.58268  0.44882 -1025.04518 1374.10639 -34.32752 31.77030
0044    0.87898  0.01901  0.58268  0.44882 -1025.73240 1374.74453 -37.28608 32.98315
0045    0.89880  0.01981  0.58268  0.44882 -1026.51780 1375.43175 -40.11531 35.27072
0046    0.91904  0.02023  0.58268  0.44882 -1027.35229 1376.16806 -40.99970 37.72363
0047    0.93957  0.02051  0.58268  0.45669 -1028.23586 1377.00255 -43.02242 39.90513
0048    0.96035  0.02077  0.58268  0.46457 -1029.16853 1377.83704 -45.61633 41.35530
0049    0.98023  0.01988  0.58268  0.47244 -1030.10119 1378.67153 -47.97144 42.02409
0050    1.00015  0.01990  0.58268  0.48031 -1031.08294 1379.55510 -49.71767 43.92362
0051    1.01988  0.01972  0.58268  0.48819 -1032.06469 1380.43867 -50.98888 45.30917
0052    1.03908  0.01919  0.58268  0.48819 -1033.09553 1381.32225 -53.13909 47.01823
0053    1.06057  0.02148  0.57480  0.50394 -1034.22454 1382.40218 -54.28922 49.58408
0054    1.07964  0.01905  0.57480  0.50394 -1035.30446 1383.33484 -56.57230 50.55459
0055    1.09941  0.01976  0.57480  0.50394 -1036.43348 1384.36568 -57.69332 51.88844
0056    1.11968  0.02026  0.57480  0.50394 -1037.61158 1385.49469 -58.13024 55.07189
0057    1.13980  0.02011  0.57480  0.50394 -1038.78968 1386.62370 -58.77757 56.33080
0058    1.16033  0.02052  0.57480  0.51969 -1040.01686 1387.80180 -59.28478 57.38543
0059    1.18083  0.02049  0.57480  0.52756 -1041.24405 1388.97990 -59.17793 58.96361
0060    1.19952  0.01868  0.57480  0.54331 -1042.37306 1390.05983 -60.75486 58.12405
0061    1.21893  0.01940  0.57480  0.54331 -1043.55116 1391.18884 -62.10463 58.23161
0062    1.23991  0.02096  0.57480  0.55906 -1044.87653 1392.46511 -64.02857 60.76953
0063    1.25904  0.01912  0.57480  0.55906 -1046.10371 1393.64321 -64.27042 62.56173
0064    1.27983  0.02078  0.57480  0.56693 -1047.47816 1395.01766 -66.30086 65.04111
0065    1.29964  0.01980  0.57480  0.57480 -1048.80353 1396.29394 -68.15673 66.27759
0066    1.31964  0.01999  0.57480  0.58268 -1050.17798 1397.66839 -68.62553 67.71063
0067    1.34090  0.02125  0.55906  0.59055 -1051.65060 1399.09193 -68.34843 68.91989
0068    1.36056  0.01965  0.55118  0.59843 -1052.97596 1400.46638 -68.40844 69.61087
0069    1.38035  0.01978  0.53543  0.60630 -1054.35041 1401.88991 -70.34911 72.07356
0070    1.40054  0.02018  0.51969  0.60630 -1055.77395 1403.36254 -69.86003 72.16840
0071    1.41986  0.01930  0.51969  0.61417 -1057.14840 1404.73699 -71.92518 73.20974
0072    1.43887  0.01900  0.51969  0.61417 -1058.47376 1406.16053 -71.30355 73.12032
0073    1.45898  0.02010  0.51969  0.61417 -1059.94639 1407.63315 -71.88726 74.23104
0074    1.47952  0.02053  0.51181  0.61417 -1061.41901 1409.20395 -73.62150 76.75379
0075    1.49924  0.01971  0.51181  0.61417 -1062.89164 1410.72566 -73.88134 78.34383
0076    1.51936  0.02010  0.51969  0.61417 -1064.36426 1412.29646 -73.87745 79.07773
0077    1.53879  0.01942  0.51969  0.61417 -1065.78780 1413.86726 -73.72377 78.55194
0078    1.55933  0.02053  0.51969  0.61417 -1067.30951 1415.48715 -74.64417 78.80795
0079    1.57877  0.01943  0.51969  0.61417 -1068.78214 1417.00886 -76.08224 78.77759
0080    1.59968  0.02090  0.51969  0.60630 -1070.35294 1418.67784 -76.33128 79.70626
0081    1.61936  0.01968  0.51969  0.60630 -1071.87465 1420.29773 -76.10878 81.00715
0082    1.63957  0.02020  0.53543  0.60630 -1073.39636 1421.91761 -76.73279 81.43451
0083    1.65983  0.02025  0.55118  0.60630 -1074.96716 1423.58659 -76.88422 81.90601
0084    1.67943  0.01959  0.55906  0.60630 -1076.48888 1425.20648 -78.28448 82.19746
0085    1.69942  0.01998  0.56693  0.60630 -1078.05968 1426.82636 -77.99776 82.54648
0086    1.71958  0.02015  0.56693  0.60630 -1079.63048 1428.49534 -78.91818 81.16722
0087    1.73948  0.01989  0.56693  0.61417 -1081.20128 1430.11523 -79.68944 83.12026
0088    1.75915  0.01966  0.56693  0.61417 -1082.82116 1431.78420 -80.92636 83.52689
0089    1.78019  0.02103  0.56693  0.60630 -1084.49014 1433.55135 -80.25357 85.64661
0090    1.79922  0.01902  0.56693  0.60630 -1086.06094 1435.17124 -81.63087 86.44220
0091    1.82015  0.02092  0.56693  0.61417 -1087.77900 1436.98748 -81.80023 86.29859
0092    1.83979  0.01962  0.56693  0.60630 -1089.34980 1438.70554 -82.60899 86.66578
0093    1.85929  0.01949  0.56693  0.60630 -1090.96969 1440.42360 -81.79410 89.24757
0094    1.87938  0.02008  0.56693  0.60630 -1092.63866 1442.14166 -83.24571 89.70669
0095    1.89875  0.01936  0.56693  0.60630 -1094.25855 1443.85973 -85.34211 87.54291
0096    1.91877  0.02001  0.56693  0.60630 -1095.97661 1445.57779 -83.67996 86.98214
0097    1.93896  0.02017  0.56693  0.60630 -1097.64559 1447.39403 -82.64932 88.13153
0098    1.95893  0.01997  0.56693  0.60630 -1099.31456 1449.16118 -83.23089 88.50894
0099    1.97925  0.02030  0.56693  0.60630 -1100.98354 1450.92833 -84.05250 88.24005
0100    1.99949  0.02023  0.56693  0.59843 -1102.70160 1452.69548 -84.76588 88.48022
0101    2.01938  0.01987  0.57480  0.59843 -1104.37058 1454.46263 -83.34819 87.25658
0102    2.03948  0.02009  0.57480  0.59055 -1106.03955 1456.18069 -83.92030 85.68698
0103    2.05946  0.01997  0.58268  0.59055 -1107.75761 1457.94784 -86.88591 87.75890
0104    2.08055  0.02108  0.59055  0.59843 -1109.62294 1459.81316 -87.32255 90.45886
0105    2.09985  0.01930  0.59055  0.59055 -1111.34100 1461.62940 -90.14324 91.92846
0106    2.12046  0.02059  0.59843  0.58268 -1113.20632 1463.54381 -89.32390 93.39238
0107    2.13910  0.01863  0.59843  0.58268 -1114.87530 1465.26188 -90.56985 94.60553
0108    2.15948  0.02036  0.60630  0.58268 -1116.69154 1467.07811 -89.42071 90.35479
0109    2.17884  0.01935  0.60630  0.58268 -1118.40960 1468.79618 -89.61252 89.71653
0110    2.19968  0.02083  0.60630  0.57480 -1120.32401 1470.71059 -90.78174 90.85146
0111    2.21988  0.02019  0.61417  0.56693 -1122.14025 1472.52683 -89.44923 90.28416
0112    2.23914  0.01925  0.61417  0.56693 -1123.90740 1474.29398 -90.62336 89.78216
0113    2.25944  0.02029  0.61417  0.55906 -1125.72364 1476.11021 -91.41998 90.55314
0114    2.27930  0.01985  0.61417  0.55118 -1127.53988 1477.87736 -91.12807 90.66771
0115    2.30070  0.02139  0.60630  0.54331 -1129.45429 1479.79178 -89.95245 90.05559
0116    2.31928  0.01857  0.60630  0.54331 -1131.17235 1481.41166 -90.99630 87.19149
0117    2.33892  0.01964  0.60630  0.54331 -1132.98859 1483.17881 -92.38435 88.21310
0118    2.35897  0.02003  0.60630  0.54331 -1134.80483 1484.94596 -91.01064 89.04358
0119    2.37884  0.01986  0.60630  0.54331 -1136.67015 1486.76220 -94.80378 91.16276
0120    2.39918  0.02033  0.60630  0.54331 -1138.63365 1488.62752 -95.94617 91.23308
0121    2.41952  0.02033  0.59843  0.54331 -1140.54806 1490.44376 -93.23008 92.30357
0122    2.43893  0.01940  0.59843  0.54331 -1142.36430 1492.21091 -93.34709 91.74891
0123    2.45923  0.02029  0.59843  0.54331 -1144.27871 1494.07624 -95.91805 90.56150
0124    2.47962  0.02038  0.59843  0.55118 -1146.19313 1495.94156 -93.64359 90.47220
0125    2.49972  0.02008  0.59055  0.55118 -1148.05845 1497.75780 -92.40522 91.45063
0126    2.52014  0.02041  0.59055  0.56693 -1149.97286 1499.62313 -93.26816 89.89479
0127    2.53962  0.01947  0.59055  0.56693 -1151.78910 1501.34119 -92.48879 89.31089
0128    2.56102  0.02138  0.58268  0.58268 -1153.75260 1503.30469 -91.00980 91.22460
0129    2.58004  0.01901  0.57480  0.58268 -1155.47066 1505.02275 -91.28143 91.95774
0130    2.60037  0.02032  0.55906  0.59843 -1157.38508 1506.88808 -95.04056 92.66513
0131    2.62034  0.01996  0.55118  0.60630 -1159.25040 1508.80249 -94.58548 94.52447
0132    2.63991  0.01957  0.51969  0.61417 -1161.11572 1510.66781 -94.43445 95.05437
0133    2.65959  0.01966  0.48819  0.61417 -1162.93196 1512.53314 -92.67300 97.61566
0134    2.67981  0.02021  0.46457  0.62205 -1164.79729 1514.49664 -91.93363 95.84407
0135    2.69996  0.02015  0.44882  0.62992 -1166.66261 1516.41105 -91.45660 93.66503
0136    2.72075  0.02077  0.42520  0.62205 -1168.52794 1518.37455 -88.52330 96.75560
0137    2.73932  0.01856  0.39370  0.62205 -1170.14783 1520.19079 -88.49697 98.15929
0138    2.75878  0.01944  0.39370  0.62205 -1171.86589 1522.10520 -87.43688 98.40132
0139    2.77998  0.02119  0.36220  0.62205 -1173.68213 1524.16688 -85.60852 96.33595
0140    2.80042  0.02043  0.33858  0.62992 -1175.44928 1526.08129 -84.36235 95.44248
0141    2.81885  0.01842  0.33858  0.62992 -1176.97099 1527.84844 -81.93472 96.87972
0142    2.83952  0.02064  0.30709  0.62992 -1178.63996 1529.86103 -79.58672 96.72604
0143    2.85926  0.01972  0.29134  0.62992 -1180.16168 1531.77544 -78.28573 97.56231
0144    2.87985  0.02058  0.25984  0.62992 -1181.78156 1533.83711 -79.25840 98.43487
0145    2.89933  0.01948  0.25197  0.62992 -1183.30328 1535.70244 -77.84068 95.26004
0146    2.91938  0.02003  0.23622  0.62992 -1184.82499 1537.61685 -75.42814 95.99402
0147    2.93959  0.02020  0.21260  0.62992 -1186.34670 1539.53126 -74.56933 94.81019
0148    2.95995  0.02035  0.17323  0.63780 -1187.81933 1541.49476 -71.87463 95.58838
0149    2.98019  0.02023  0.14961  0.64567 -1189.24286 1543.40918 -68.62649 95.91992
0150    3.00005  0.01985  0.11811  0.65354 -1190.56823 1545.37268 -66.94693 99.51446
0151    3.02035  0.02029  0.07087  0.66929 -1191.99176 1547.48344 -70.26402 104.49262
0152    3.04068  0.02032  0.06299  0.68504 -1193.41530 1549.54511 -71.20167 102.70748
0153    3.05953  0.01883  0.06299  0.72441 -1194.83884 1551.45953 -74.69585 102.16665
0154    3.07889  0.01935  0.06299  0.72441 -1196.16420 1553.37394 -66.67504 98.45165
0155    3.09967  0.02077  0.04724  0.72441 -1197.44047 1555.38653 -60.44812 94.67304
0156    3.11925  0.01957  0.05512  0.72441 -1198.66766 1557.25185 -61.11910 95.98182
0157    3.14012  0.02086  0.03937  0.71654 -1199.89485 1559.26444 -60.11168 97.34658
0158    3.16012  0.01999  0.01575  0.72441 -1201.07295 1561.27702 -57.29568 99.50539
0159    3.18008  0.01995  0.00000  0.71654 -1202.30014 1563.24053 -62.88915 99.34931
0160    3.19999  0.01990 -0.00781  0.71654 -1203.57641 1565.15494 -64.90652 97.72546
0161    3.22041  0.02041 -0.04688  0.70866 -1204.90178 1567.16753 -64.87178 95.73099
0162    3.23973  0.01929 -0.07813  0.70866 -1206.03079 1569.03285 -55.24108 94.99550
0163    3.26007  0.02033 -0.12500  0.70866 -1207.01254 1570.99635 -48.11934 99.62959
0164    3.28074  0.02066 -0.15625  0.70079 -1207.94520 1573.00894 -44.52018 95.54373
0165    3.30088  0.02013 -0.19531  0.69291 -1208.77969 1574.87426 -40.74294 94.21062
0166    3.31948  0.01860 -0.24219  0.69291 -1209.51600 1576.64141 -38.28515 92.27841
0167    3.34001  0.02050 -0.25000  0.68504 -1210.25231 1578.50674 -35.22479 93.60341
0168    3.36017  0.02015 -0.25781  0.66929 -1210.93954 1580.37206 -33.56800 89.81748
0169    3.38005  0.01988 -0.25000  0.66142 -1211.52859 1582.18830 -29.80944 91.85707
0170    3.40043  0.02037 -0.20313  0.65354 -1212.06855 1584.05363 -26.21103 93.59092
0171    3.41987  0.01943 -0.13281  0.64567 -1212.55943 1585.86986 -24.85040 91.85879
0172    3.44000  0.02012  0.02362  0.63780 -1213.00121 1587.73519 -23.86369 93.34176
0173    3.46017  0.02016  0.04724  0.64567 -1213.54118 1589.64960 -25.20636 92.84215
0174    3.47959  0.01941  0.04724  0.64567 -1214.08114 1591.41675 -29.86684 93.40570
0175    3.49997  0.02037  0.03150  0.64567 -1214.62110 1593.28208 -25.89871 90.64762
0176    3.51976  0.01978  0.03937  0.64567 -1215.21015 1595.04923 -28.51645 87.49532
0177    3.53905  0.01928  0.03937  0.64567 -1215.75011 1596.66911 -29.92228 81.30233
0178    3.56062  0.02156  0.04724  0.65354 -1216.38825 1598.38718 -28.36280 79.82811
0179    3.57882  0.01818  0.04724  0.65354 -1216.83004 1599.81071 -25.95067 78.18660
0180    3.59927  0.02044  0.04724  0.66142 -1217.27183 1601.33243 -22.10656 75.23911
0181    3.61959  0.02031  0.03937  0.66142 -1217.76270 1602.90323 -23.78466 76.97344
0182    3.64000  0.02040  0.04724  0.65354 -1218.35175 1604.42494 -27.49915 75.00516
0183    3.65881  0.01881  0.04724  0.65354 -1218.84263 1605.84848 -27.20984 75.63210
0184    3.67937  0.02055  0.05512  0.65354 -1219.43168 1607.41928 -27.38127 75.54247
0185    3.69934  0.01996  0.05512  0.64567 -1220.02073 1608.89190 -29.74955 74.78462
0186    3.72041  0.02106  0.10236  0.62992 -1220.65886 1610.51179 -31.50775 75.75173
0187    3.74010  0.01968  0.16535  0.55906 -1221.34609 1611.98441 -34.42997 75.15387
0188    3.76092  0.02080  0.28346  0.51969 -1222.08240 1613.50612 -37.22360 71.73703
0189    3.78072  0.01979  0.38583  0.51181 -1222.86780 1614.88058 -38.57185 69.30473
0190    3.79968  0.01895  0.44882  0.51181 -1223.60411 1616.25503 -39.91844 70.33450
0191    3.82040  0.02070  0.64567  0.51969 -1224.53678 1617.62948 -47.77512 68.18703
0192    3.84017  0.01976  0.76378  0.51181 -1225.66579 1619.00393 -56.93549 67.90405
0193    3.85992  0.01974  0.77165  0.50394 -1226.79480 1620.32929 -55.09785 68.88894
0194    3.87956  0.01963  0.77165  0.48031 -1227.87473 1621.65465 -58.29662 67.41122
0195    3.89964  0.02007  0.77165  0.47244 -1229.15100 1622.98001 -62.46580 66.13026
0196    3.91945  0.01980  0.77165  0.44882 -1230.47636 1624.30538 -69.82078 64.48361
0197    3.93992  0.02046  0.77165  0.44094 -1231.94899 1625.58165 -75.17458 61.99874
0198    3.95958  0.01965  0.76378  0.44094 -1233.47070 1626.80884 -74.65496 61.41119
0199    3.98587  0.02627  0.74803  0.44882 -1235.33603 1628.42873 -71.12739 61.46463
0200    4.00086  0.01498  0.70866  0.45669 -1236.41595 1629.31230 -73.50849 61.15336
0201    4.02105  0.02017  0.69291  0.46457 -1237.88858 1630.58858 -74.32883 63.31910
0202    4.04066  0.01961  0.66929  0.50394 -1239.36120 1631.81576 -74.85019 63.39106
0203    4.06015  0.01948  0.65354  0.55906 -1240.83383 1633.09204 -75.28469 65.48755
0204    4.07987  0.01971  0.64567  0.59843 -1242.35554 1634.41740 -75.07456 68.68651
0205    4.09964  0.01968  0.64567  0.60630 -1243.82816 1635.79185 -77.42447 70.95415
0206    4.11989  0.02024  0.64567  0.61417 -1245.44805 1637.26448 -80.41660 72.44425
0207    4.13923  0.01932  0.64567  0.62205 -1247.06794 1638.68801 -81.86230 74.40600
0208    4.15883  0.01959  0.64567  0.62205 -1248.63874 1640.16064 -82.69527 76.58972
0209    4.17944  0.02060  0.62992  0.62205 -1250.35680 1641.78053 -82.18645 77.01873
0210    4.20046  0.02100  0.60630  0.62992 -1252.07486 1643.40041 -80.83773 77.94203
0211    4.21925  0.01879  0.60630  0.62992 -1253.59658 1644.87304 -80.32712 80.18540
0212    4.23978  0.02052  0.57480  0.62992 -1255.21646 1646.54201 -78.73653 79.76973
0213    4.25978  0.01998  0.54331  0.62992 -1256.78726 1648.16190 -78.68163 81.18199
0214    4.28094  0.02116  0.50394  0.63780 -1258.45624 1649.87996 -79.82811 81.84729
0215    4.29881  0.01785  0.50394  0.63780 -1259.87977 1651.30350 -79.12936 81.14508
0216    4.31977  0.02095  0.45669  0.64567 -1261.54875 1653.07065 -79.97768 83.36588
0217    4.34003  0.02025  0.42520  0.65354 -1263.11955 1654.73963 -78.15361 84.32105
0218    4.35931  0.01927  0.37008  0.65354 -1264.64126 1656.45769 -78.28698 87.25426
0219    4.37982  0.02050  0.30709  0.65354 -1266.26115 1658.27393 -78.61043 89.95327
0220    4.40037  0.02053  0.18898  0.66142 -1267.88104 1660.09016 -79.37759 90.48721
0221    4.41931  0.01893  0.10236  0.66142 -1269.35366 1661.80823 -78.20528 91.71291
0222    4.43996  0.02064  0.06299  0.66142 -1270.82629 1663.67355 -68.65049 89.60107
0223    4.45908  0.01911  0.06299  0.66142 -1272.10256 1665.39161 -64.79129 89.91867
0224    4.47975  0.02066  0.05512  0.66142 -1273.42793 1667.25694 -62.17070 87.00989
0225    4.49939  0.01963  0.06299  0.66142 -1274.60603 1668.92591 -59.99890 88.50415
0226    4.51934  0.01994  0.06299  0.65354 -1275.78413 1670.69306 -57.09243 90.04898
0227    4.53973  0.02038  0.07874  0.65354 -1276.91314 1672.50930 -54.85709 88.98547
0228    4.55931  0.01957  0.11024  0.65354 -1277.94398 1674.27645 -53.42508 90.83465
0229    4.57943  0.02010  0.14961  0.65354 -1279.07299 1676.09269 -56.74560 93.63733
0230    4.60019  0.02076  0.18110  0.65354 -1280.25109 1678.15436 -56.68008 97.86379
0231    4.61930  0.01910  0.28346  0.65354 -1281.33101 1679.97060 -57.60261 96.08703
0232    4.63966  0.02035  0.36220  0.65354 -1282.50911 1681.93410 -57.82551 92.88870
0233    4.65989  0.02022  0.45669  0.65354 -1283.68721 1683.75034 -59.62431 87.65547
0234    4.68035  0.02045  0.51181  0.64567 -1284.96349 1685.46840 -61.83746 83.77564
0235    4.70084  0.02047  0.55118  0.64567 -1286.28885 1687.23555 -66.38380 85.55705
0236    4.72003  0.01918  0.55118  0.65354 -1287.61421 1688.85544 -73.20702 84.21328
0237    4.74076  0.02072  0.54331  0.64567 -1289.08684 1690.57350 -70.79196 84.14399
0238    4.76058  0.01981  0.55118  0.64567 -1290.51038 1692.24248 -71.32427 82.55481
0239    4.77929  0.01870  0.55118  0.63780 -1291.88483 1693.76419 -72.48383 80.82376
0240    4.79933  0.02003  0.55118  0.61417 -1293.30836 1695.43316 -72.87445 83.54964
0241    4.82002  0.02068  0.55906  0.59843 -1294.87916 1697.20031 -75.28238 84.48214
0242    4.83983  0.01980  0.56693  0.57480 -1296.35179 1698.86929 -76.59450 84.11155
0243    4.86053  0.02069  0.57480  0.55906 -1297.97168 1700.63644 -76.54016 83.26407
0244    4.87975  0.01921  0.59055  0.53543 -1299.44430 1702.20724 -78.15921 82.68204
0245    4.89997  0.02021  0.59843  0.51181 -1301.01510 1703.87621 -77.90616 81.69200
0246    4.92066  0.02068  0.61417  0.48031 -1302.68408 1705.49610 -80.05202 76.09462
0247    4.94026  0.01959  0.62205  0.46457 -1304.30396 1706.91964 -83.82285 71.13615
0248    4.96052  0.02026  0.62992  0.44882 -1306.02203 1708.49044 -86.73163 82.23326
0249    4.98034  0.01981  0.63780  0.44094 -1307.74009 1710.15941 -86.44753 82.74755
0250    4.99995  0.01960  0.65354  0.41732 -1309.40906 1711.73021 -82.98817 77.69161
0251    5.02015  0.02019  0.67717  0.38583 -1311.07804 1713.25193 -84.97719 74.35585
0252    5.03982  0.01966  0.69291  0.36220 -1312.79610 1714.62638 -85.03018 68.14065
0253    5.05973  0.01989  0.70079  0.33071 -1314.41599 1715.90265 -79.86317 61.08183
0254    5.07990  0.02017  0.70079  0.32283 -1316.03588 1717.17893 -83.56955 66.20607
0255    5.09956  0.01965  0.70079  0.31496 -1317.95029 1718.45520 -102.58192 65.88484
0256    5.11879  0.01920  0.70079  0.31496 -1319.96288 1719.63330 -109.27760 60.26814
0257    5.13886  0.02006  0.70079  0.31496 -1322.31907 1720.86049 -117.09246 66.12358
0258    5.15918  0.02031  0.70079  0.31496 -1323.98805 1722.18585 -78.59533 60.80830
0259    5.17982  0.02063  0.70079  0.32283 -1325.70611 1723.41304 -83.69993 54.04000
0260    5.20001  0.02018  0.70079  0.33071 -1327.37509 1724.54205 -82.44596 61.24340
0261    5.21927  0.01925  0.70079  0.34646 -1328.89680 1725.72015 -82.52080 61.63481
0262    5.23936  0.02009  0.70079  0.35433 -1330.90939 1726.89825 -102.58085 59.01217
0263    5.25938  0.02001  0.70079  0.37008 -1332.48019 1728.02726 -70.01797 54.94890
0264    5.27886  0.01946  0.70079  0.37008 -1334.00190 1729.25445 -89.76410 66.34567
0265    5.29920  0.02025  0.70079  0.37008 -1335.91631 1730.62890 -93.07187 72.53096
0266    5.31951  0.02031  0.70079  0.37795 -1337.68346 1732.05244 -86.82982 65.38723
0267    5.33940  0.01988  0.70079  0.37795 -1339.54879 1733.42689 -99.51144 70.20774
0268    5.35985  0.02043  0.70079  0.38583 -1341.65955 1734.85042 -101.12481 69.53002
0269    5.38018  0.02032  0.70079  0.40157 -1343.42670 1736.27396 -82.08406 69.43364
0270    5.40037  0.02018  0.70079  0.40945 -1345.09568 1737.69750 -82.16031 71.02345
0271    5.41957  0.01919  0.70079  0.42520 -1346.71556 1739.07195 -85.46246 71.05686
0272    5.43924  0.01966  0.70079  0.42520 -1348.43363 1740.44640 -86.06256 69.14609
0273    5.46038  0.02112  0.70079  0.43307 -1350.24986 1741.91903 -83.59232 68.75578
0274    5.47939  0.01900  0.70079  0.44094 -1351.86975 1743.19530 -84.24002 67.66210
0275    5.50156  0.02216  0.68504  0.44882 -1353.68599 1744.71701 -82.10466 67.44641
0276    5.51990  0.01833  0.65354  0.45669 -1355.15861 1745.94420 -78.17975 68.27285
0277    5.54007  0.02016  0.63780  0.46457 -1356.77850 1747.36774 -81.11893 70.94953
0278    5.56037  0.02029  0.61417  0.47244 -1358.44748 1748.84036 -82.54786 72.12916
0279    5.57947  0.01909  0.61417  0.48031 -1360.01828 1750.21481 -83.82428 72.34762
0280    5.59942  0.01995  0.61417  0.48819 -1361.68725 1751.68744 -83.86725 75.46466
0281    5.61963  0.02020  0.61417  0.50394 -1363.35623 1753.20915 -82.22568 74.67199
0282    5.63977  0.02013  0.61417  0.51181 -1365.02520 1754.77995 -81.00649 76.49126
0283    5.66050  0.02073  0.61417  0.51969 -1366.69418 1756.35075 -80.19523 77.57926
0284    5.67989  0.01938  0.61417  0.53543 -1368.21589 1757.87246 -79.70044 77.15310
0285    5.69936  0.01945  0.61417  0.55118 -1369.78669 1759.39418 -78.13744 78.01511
0286    5.72040  0.02103  0.61417  0.57480 -1371.45566 1761.06315 -79.95749 79.72568
0287    5.73960  0.01918  0.61417  0.58268 -1372.97738 1762.58486 -79.16956 82.09642
0288    5.75929  0.01968  0.61417  0.59843 -1374.54818 1764.25384 -80.29099 84.80982
0289    5.77964  0.02034  0.61417  0.62205 -1376.16806 1765.97190 -79.66358 85.37253
0290    5.79944  0.01979  0.61417  0.62992 -1377.78795 1767.64088 -80.52147 85.09947
0291    5.81970  0.02025  0.61417  0.63780 -1379.40784 1769.35894 -81.33601 84.76442
0292    5.83889  0.01918  0.61417  0.63780 -1380.97864 1771.02791 -80.75993 86.48256
0293    5.86013  0.02124  0.60630  0.64567 -1382.69670 1772.84415 -80.57897 87.63278
0294    5.88003  0.01989  0.60630  0.64567 -1384.31659 1774.61130 -81.71172 88.57282
0295    5.90040  0.02036  0.59843  0.65354 -1385.93648 1776.42754 -79.54030 89.32877
0296    5.91961  0.01920  0.56693  0.65354 -1387.45819 1778.09651 -79.31923 88.35520
0297    5.93955  0.01993  0.54331  0.65354 -1389.02899 1779.96184 -78.08585 96.53582
0298    5.96001  0.02044  0.47244  0.66929 -1390.64888 1781.97442 -78.97214 97.88428
0299    5.98044  0.02043  0.41732  0.67717 -1392.21968 1783.98701 -76.97766 100.78534
0300    5.99967  0.01922  0.39370  0.67717 -1393.69230 1785.90143 -75.05103 99.88402
0301    6.02032  0.02064  0.37795  0.68504 -1395.16493 1787.96310 -71.77427 97.20490
0302    6.04030  0.01997  0.37008  0.69291 -1396.58846 1789.82843 -71.62817 95.69273
0303    6.06035  0.02004  0.36220  0.70866 -1398.11018 1791.79193 -75.88464 94.96793
0304    6.08036  0.01999  0.35433  0.70866 -1399.68098 1793.80451 -81.81455 96.28776
0305    6.10068  0.02031  0.33858  0.71654 -1401.34995 1795.66984 -78.29759 89.87093
0306    6.12018  0.01950  0.32283  0.71654 -1402.96984 1797.53516 -84.04027 94.66209
0307    6.14043  0.02023  0.25197  0.71654 -1404.58973 1799.44957 -80.16118 95.50748
0308    6.16059  0.02015  0.18110  0.72441 -1406.16053 1801.46216 -75.44147 100.05605
0309    6.17994  0.01935  0.07874  0.70866 -1407.58406 1803.37658 -73.11433 97.75952
0310    6.20073  0.02078  0.05512  0.70079 -1409.15486 1805.38916 -76.58494 97.67879
0311    6.22000  0.01926  0.04724  0.63780 -1410.57840 1807.25449 -72.01118 92.18310
0312    6.24050  0.02049  0.02362  0.48819 -1412.00194 1809.21799 -70.10898 97.60693
0313    6.26003  0.01952  0.00000  0.40945 -1413.37639 1811.03422 -69.97655 91.20002
0314    6.28013  0.02010 -0.11719  0.27559 -1414.79993 1812.75229 -71.50817 86.07840
0315    6.30082  0.02068 -0.22656  0.22835 -1416.12529 1814.47035 -58.88015 80.59683
0316    6.32023  0.01939 -0.38281  0.12598 -1417.15613 1815.99206 -52.24909 77.18707
0317    6.34001  0.01977 -0.46094  0.09449 -1418.03970 1817.26834 -41.92073 56.16226
0318    6.35960  0.01958 -0.53125  0.09449 -1418.77601 1818.44644 -34.39186 58.92751
0319    6.37996  0.02035 -0.53906  0.08661 -1419.31598 1819.67363 -27.21814 59.44020
0320    6.40051  0.02053 -0.53125  0.07087 -1419.75776 1820.85173 -21.30007 58.56509
0321    6.41957  0.01905 -0.53125  0.06299 -1420.15046 1821.98074 -20.41960 55.83264
0322    6.43948  0.01990 -0.53125  0.05512 -1420.49408 1822.96249 -18.31992 48.47502
0323    6.46052  0.02103 -0.53906  0.04724 -1420.73951 1823.94424 -13.66172 45.30060
0324    6.48001  0.01948 -0.53125  0.03937 -1420.88678 1824.82781 -10.77324 46.56750
0325    6.49870  0.01868 -0.53125  0.03937 -1420.88678 1825.61321 -10.77324 43.04411
0326    6.51942  0.02071 -0.53125  0.03150 -1420.88678 1826.49679 -10.77324 41.23926
0327    6.53889  0.01946 -0.53125  0.03150 -1420.78860 1827.23310 -3.86581 38.31548
0328    6.55925  0.02035 -0.53125  0.03150 -1420.59225 1828.11668  0.00000 40.41005
0329    6.57948  0.02022 -0.53125  0.03150 -1420.34681 1828.95116  4.98911 40.94310
0330    6.59988  0.02039 -0.53125  0.02362 -1420.00320 1829.73656 15.57060 40.45801
0331    6.62021  0.02032 -0.53125  0.01575 -1419.56141 1830.57105 19.74490 38.99485
0332    6.63942  0.01920 -0.53906  0.01575 -1419.11963 1831.30736 22.68405 38.31608
0333    6.65936  0.01992 -0.53906  0.02362 -1418.67784 1832.04368 22.62045 39.26953
0334    6.67964  0.02027 -0.54688  0.02362 -1418.13788 1832.87816 27.19424 40.89739
0335    6.69912  0.01947 -0.54688  0.02362 -1417.59791 1833.51630 28.65461 30.58592
0336    6.71953  0.02041 -0.54688  0.05512 -1416.76342 1833.90900 43.99251 22.55574
0337    6.73937  0.01983 -0.54688  0.09449 -1415.58533 1834.15444 64.64921 16.36760
0338    6.76003  0.02065 -0.52344  0.14961 -1414.01453 1834.30170 79.85148 11.28806
0339    6.78138  0.02134 -0.48438  0.18898 -1412.14920 1834.35079 88.80356  9.29131
0340    6.80110  0.01971 -0.38281  0.25197 -1410.38205 1834.44896 91.82872  6.23517
0341    6.82100  0.01989 -0.26563  0.29921 -1408.61490 1834.54714 84.49304  5.39445
0342    6.84119  0.02018 -0.04688  0.36220 -1408.17311 1834.79258 30.34898  5.85012
0343    6.86085  0.01966  0.07087  0.44094 -1407.78041 1835.03801 15.04379 11.66292
0344    6.88103  0.02017  0.07087  0.46457 -1407.38771 1835.33254 22.05669 13.00965
0345    6.89990  0.01886  0.03937  0.46457 -1407.28954 1835.77432 14.06136 23.49702
0346    6.91953  0.01961  0.03150  0.46457 -1407.24045 1836.26520  9.95656 28.76518
0347    6.94054  0.02101  0.05512  0.44882 -1407.19136 1836.46155  8.20230 16.42046
0348    6.95994  0.01939  0.06299  0.41732 -1407.24045 1836.65790  8.20230 11.18619
0349    6.97983  0.01988  0.05512  0.35433 -1407.24045 1836.85425  8.20230  9.84006
0350    7.00015  0.02031  0.04724  0.31496 -1407.28954 1837.05060  3.09013  9.36109
0351    7.01993  0.01977  0.03150  0.25984 -1407.28954 1837.19786  3.09013  8.66373
0352    7.04036  0.02041  0.03150  0.22835 -1407.33862 1837.34513  1.81914  7.68084
0353    7.06022  0.01985  0.03937  0.18898 -1407.33862 1837.44330  1.81914  7.01374
0354    7.07978  0.01955  0.03937  0.18110 -1407.33862 1837.54148  1.81914  6.62662
0355    7.10072  0.02093  0.04724  0.14173 -1407.38771 1837.73783  0.87523  6.68887
0356    7.11977  0.01904  0.04724  0.07874 -1407.43680 1837.88509  0.41073  7.03237
0357    7.13984  0.02006  0.04724  0.01575 -1407.53498 1838.03235 -0.38245  7.40026
0358    7.15960  0.01974  0.04724  0.00000 -1407.68224 1838.13053 -1.58619  7.22687
0359    7.17955  0.01986  0.04724  0.00787 -1407.78041 1838.22870 -2.71691  6.71197
0360    7.19939  0.01983  0.04724  0.00787 -1407.87859 1838.27779 -5.10470  6.20919
0361    7.21900  0.01960  0.04724  0.00787 -1407.97676 1838.32688 -5.71154  5.53947
0362    7.23942  0.02041  0.03937  0.00787 -1408.07494 1838.37596 -5.53237  4.40191
0363    7.26010  0.02067  0.03150  0.00787 -1408.17311 1838.42505 -5.12252  3.67959
0364    7.27962  0.01951  0.00787  0.00787 -1408.27129 1838.42505 -4.77854  3.67959
0365    7.30045  0.02082 -0.03906  0.00000 -1408.36946 1838.52323 -4.58528  3.08403
0366    7.32036  0.01990 -0.10156  0.00787 -1408.41855 1838.57231 -4.47139  2.89440
0367    7.33977  0.01940 -0.18750  0.00787 -1408.46764 1838.62140 -4.07744  2.70418
0368    7.35970  0.01992 -0.23438  0.00787 -1408.46764 1838.62140 -4.07744  2.70418
0369    7.38045  0.02074 -0.28125 -0.01563 -1408.41855 1838.62140 -4.07744  2.70418
0370    7.40046  0.02000 -0.28906 -0.07813 -1408.32038 1838.62140 -1.74302  2.70418
0371    7.42016  0.01969 -0.32031 -0.14063 -1408.22220 1838.62140 -0.60178  2.70418
0372    7.44012  0.01995 -0.33594 -0.21875 -1408.07494 1838.57231  1.28436  2.70418
0373    7.45939  0.01926 -0.33594 -0.21875 -1407.92768 1838.42505  3.87613  0.71862
0374    7.48080  0.02140 -0.36719 -0.26563 -1407.73133 1838.22870  8.10709 -1.00323
0375    7.50144  0.02062 -0.39844 -0.27344 -1407.48589 1837.98326 10.35838 -10.32774
0376    7.52079  0.01935 -0.42188 -0.27344 -1407.19136 1837.68874 12.90929 -13.21991
0377    7.54134  0.02054 -0.43750 -0.27344 -1406.89684 1837.44330 15.09699 -13.28051
0378    7.56095  0.01960 -0.46094 -0.27344 -1406.50414 1837.14878 17.97136 -13.99206
0379    7.58078  0.01982 -0.46875 -0.27344 -1406.11144 1836.80516 20.53943 -15.97555
0380    7.60081  0.02002 -0.48438 -0.27344 -1405.66965 1836.46155 22.40211 -17.74665
0381    7.61926  0.01844 -0.49219 -0.27344 -1405.17878 1836.06885 25.75643 -19.41668
0382    7.64075  0.02148 -0.51563 -0.28125 -1404.49155 1835.62706 32.59819 -20.75033
0383    7.66052  0.01976 -0.53125 -0.28906 -1403.65706 1835.18528 43.86690 -22.99864
0384    7.68087  0.02034 -0.53906 -0.29688 -1402.77349 1834.69440 43.02524 -23.54283
0385    7.70063  0.01975 -0.55469 -0.32031 -1402.03718 1834.20353 35.08656 -24.83852
0386    7.71984  0.01920 -0.56250 -0.32031 -1401.39904 1833.66356 34.44604 -28.77556
0387    7.74070  0.02085 -0.57031 -0.34375 -1400.56455 1833.02543 40.38960 -29.84814
0388    7.76024  0.01953 -0.57813 -0.35156 -1399.68098 1832.43638 43.93168 -31.33488
0389    7.78018  0.01993 -0.59375 -0.35938 -1398.74831 1831.74915 46.59667 -34.60997
0390    7.80007  0.01989 -0.60156 -0.35938 -1397.86474 1831.06193 46.09458 -33.15177
0391    7.81936  0.01928 -0.60938 -0.35938 -1396.93208 1830.42379 48.18854 -34.01425
0392    7.83958  0.02021 -0.60938 -0.33594 -1395.90124 1829.68748 51.27971 -36.08194
0393    7.85961  0.02002 -0.60938 -0.32813 -1394.87040 1828.95116 51.46735 -35.84403
0394    7.87903  0.01941 -0.60938 -0.32813 -1393.83956 1828.26394 53.03890 -36.86050
0395    7.90044  0.02140 -0.60938 -0.32031 -1392.71055 1827.42945 53.28966 -38.08096
0396    7.91949  0.01904 -0.60938 -0.32031 -1391.67971 1826.69314 53.90469 -38.36445
0397    7.93889  0.01938 -0.60938 -0.32031 -1390.59979 1825.95683 55.80947 -38.75150
0398    7.95956  0.02066 -0.60938 -0.32031 -1389.47078 1825.12234 55.75211 -39.31923
0399    7.97982  0.02025 -0.58594 -0.32031 -1388.39085 1824.38603 50.46598 -38.43383
0400    7.99995  0.02012 -0.57031 -0.32031 -1387.31093 1823.55154 57.26527 -39.92996
0401    8.02024  0.02028 -0.53125 -0.32813 -1386.18191 1822.76614 57.24790 -40.06015
0402    8.03955  0.01931 -0.48438 -0.32813 -1385.10199 1821.98074 55.05583 -40.16586
0403    8.06084  0.02128 -0.43750 -0.34375 -1383.87480 1821.14625 57.13762 -40.45167
0404    8.08041  0.01956 -0.35938 -0.36719 -1382.79488 1820.31176 54.66923 -41.24775
0405    8.10066  0.02023 -0.32031 -0.38281 -1381.76404 1819.47728 51.87802 -41.86514
0406    8.12130  0.02063 -0.26563 -0.39844 -1380.73320 1818.64279 47.68971 -41.88854
0407    8.13989  0.01859 -0.22656 -0.39844 -1379.84963 1817.80830 46.31421 -43.34150
0408    8.16138  0.02147 -0.14063 -0.41406 -1378.91696 1816.87564 44.01558 -42.77535
0409    8.18057  0.01918 -0.10156 -0.41406 -1378.13156 1816.09024 40.99610 -43.00715
0410    8.20013  0.01955 -0.02344 -0.41406 -1377.39525 1815.20666 35.77923 -43.16751
0411    8.21996  0.01982  0.02362 -0.41406 -1376.80620 1814.37218 29.91590 -42.96236
0412    8.23969  0.01972  0.04724 -0.41406 -1376.26624 1813.53769 27.95344 -42.68200
0413    8.25911  0.01941  0.04724 -0.41406 -1375.62810 1812.70320 30.59183 -40.84838
0414    8.28002  0.02090  0.03937 -0.41406 -1375.08814 1811.86871 26.31135 -40.24225
0415    8.29965  0.01962  0.03937 -0.42188 -1374.49909 1811.08331 29.31770 -40.42086
0416    8.31904  0.01938  0.03937 -0.42188 -1373.95913 1810.29791 29.18618 -40.96069
0417    8.33937  0.02032  0.03937 -0.42188 -1373.37008 1809.41434 29.12582 -42.74853
0418    8.36014  0.02076  0.03937 -0.42969 -1372.83011 1808.48168 25.34464 -44.94225
0419    8.38033  0.02018  0.03937 -0.42188 -1372.29015 1807.54901 26.13553 -47.05338
0420    8.39951  0.01917  0.03937 -0.42188 -1371.79928 1806.61635 26.18635 -48.02589
0421    8.41977  0.02025  0.03937 -0.42188 -1371.25931 1805.63460 26.19097 -49.89607
0422    8.43998  0.02020  0.03937 -0.41406 -1370.76844 1804.60376 26.14793 -51.50488
0423    8.45976  0.01977  0.03937 -0.39844 -1370.22848 1803.57293 25.82628 -52.66391
0424    8.47945  0.01968  0.03937 -0.32813 -1369.73760 1802.54209 25.54173 -52.35386
0425    8.49996  0.02050  0.03937 -0.21875 -1369.24673 1801.46216 24.50473 -51.19067
0426    8.51959  0.01962  0.03937 -0.07031 -1368.80494 1800.52950 22.44754 -47.17412
0427    8.53965  0.02004  0.03937  0.02362 -1368.36315 1799.49866 22.04421 -50.65816
0428    8.55959  0.01993  0.03937  0.02362 -1367.97045 1798.61509 20.55939 -43.14095
0429    8.57990  0.02030  0.03937  0.00787 -1367.62684 1797.68243 18.04946 -45.19133
0430    8.60051  0.02060  0.03937  0.01575 -1367.28323 1796.70068 16.29050 -46.96065
0431    8.61874  0.01821  0.03937  0.01575 -1366.98870 1795.86619 16.11257 -46.62921
0432    8.63969  0.02094  0.03937  0.00787 -1366.64509 1794.93353 16.64804 -46.19500
0433    8.65963  0.01993  0.03937  0.00787 -1366.30148 1794.00086 16.50294 -45.55536
0434    8.67972  0.02008  0.04724  0.00787 -1366.00695 1793.06820 15.41148 -46.14246
0435    8.70060  0.02087  0.06299  0.01575 -1365.76151 1792.08645 13.99238 -46.60375
0436    8.71960  0.01899  0.05512  0.01575 -1365.51608 1791.20288 11.96446 -47.16256
0437    8.73910  0.01949  0.05512  0.01575 -1365.31973 1790.27021 10.78628 -47.30413
0438    8.76049  0.02139  0.06299  0.01575 -1365.12338 1789.28846 10.35920 -47.09695
0439    8.78028  0.01978  0.08661  0.01575 -1364.92703 1788.35580  9.86270 -47.56840
0440    8.80066  0.02037  0.14173  0.01575 -1364.77976 1787.37405  8.97974 -46.21762
0441    8.82113  0.02046  0.17323  0.03937 -1364.68159 1786.49048  7.93945 -41.86746
0442    8.84117  0.02003  0.27559  0.11024 -1364.68159 1785.80325  7.10480 -34.32644
0443    8.86133  0.02015  0.35433  0.16535 -1364.82885 1785.21420  2.24613 -31.00965
0444    8.88097  0.01962  0.42520  0.26772 -1365.02520 1785.16511 -2.35415 -27.84996
0445    8.90017  0.01919  0.44882  0.37795 -1365.17246 1785.06694 -6.96106 -9.95993
0446    8.92085  0.02067  0.45669  0.46457 -1365.41790 1784.82150 -9.95733 -8.18678
0447    8.93964  0.01878  0.45669  0.50394 -1365.66334 1784.87059 -11.72901 -8.18678
0448    8.95977  0.02012  0.45669  0.51969 -1366.05604 1784.91967 -18.02104 -4.40128
0449    8.97936  0.01956  0.45669  0.51969 -1366.49783 1785.21420 -22.31661  2.60495
0450    8.99977  0.02040  0.45669  0.52756 -1366.93961 1785.65599 -21.26735 21.78128
0451    9.01919  0.01941  0.45669  0.52756 -1367.33231 1786.24504 -21.57763 31.92870
0452    9.03905  0.01983  0.45669  0.52756 -1367.82319 1786.93226 -23.18740 35.17191
0453    9.05940  0.02034  0.45669  0.52756 -1368.36315 1787.66858 -26.14236 36.30048
0454    9.07902  0.01961  0.45669  0.52756 -1368.90311 1788.35580 -27.97208 35.56743
0455    9.09890  0.01986  0.45669  0.52756 -1369.49216 1789.04303 -29.46676 35.89055
0456    9.11906  0.02015  0.45669  0.52756 -1370.08121 1789.82843 -30.77606 39.02508
0457    9.13934  0.02027  0.45669  0.52756 -1370.76844 1790.66291 -32.91691 42.38642
0458    9.15989  0.02053  0.45669  0.53543 -1371.45566 1791.64466 -34.17291 47.28226
0459    9.17951  0.01962  0.45669  0.55118 -1372.14289 1792.57733 -33.87751 49.16395
0460    9.19966  0.02013  0.45669  0.55906 -1372.78103 1793.55908 -33.14081 47.08114
0461    9.21958  0.01991  0.45669  0.56693 -1373.46825 1794.54083 -33.94745 48.69333
0462    9.24234  0.02275  0.45669  0.56693 -1374.25365 1795.57166 -35.10839 45.96380
0463    9.26040  0.01804  0.45669  0.57480 -1374.94088 1796.45524 -36.81475 47.14625
0464    9.27974  0.01933  0.45669  0.58268 -1375.67719 1797.33881 -37.59046 47.36393
0465    9.29998  0.02023  0.45669  0.58268 -1376.46259 1798.32056 -39.25524 48.35659
0466    9.31903  0.01904  0.45669  0.58268 -1377.19890 1799.25323 -40.05900 49.28093
0467    9.33906  0.02001  0.45669  0.58268 -1378.03339 1800.28406 -41.13248 51.04694
0468    9.36043  0.02137  0.41732  0.57480 -1378.91696 1801.36399 -41.87014 51.08917
0469    9.37934  0.01890  0.38583  0.57480 -1379.70236 1802.34574 -41.72351 50.84891
0470    9.39963  0.02028  0.26772  0.57480 -1380.53685 1803.37658 -41.12938 52.79134
0471    9.42018  0.02054  0.14961  0.57480 -1381.37134 1804.50559 -39.12165 55.04255
0472    9.43985  0.01966  0.05512  0.57480 -1382.10765 1805.53643 -37.69293 53.35888
0473    9.46063  0.02077  0.04724  0.57480 -1382.94214 1806.71452 -39.65257 57.06323
0474    9.48019  0.01955  0.05512  0.57480 -1383.62936 1807.79445 -33.91262 57.07218
0475    9.50028  0.02008  0.06299  0.57480 -1384.07115 1808.97255 -24.57773 59.34606
0476    9.52048  0.02019  0.05512  0.57480 -1384.70929 1810.19974 -31.97456 61.08525
0477    9.54069  0.02020  0.04724  0.55906 -1385.44560 1811.47601 -36.21504 62.29813
0478    9.56172  0.02102  0.03937  0.51969 -1386.13283 1812.80138 -32.48666 64.22922
0479    9.57979  0.01807  0.03937  0.42520 -1386.72188 1813.97947 -31.79078 64.72551
0480    9.59977  0.01996  0.03937  0.35433 -1387.45819 1815.25575 -37.29784 62.97427
0481    9.62031  0.02053  0.03937  0.24409 -1388.19450 1816.53203 -36.36380 63.74089
0482    9.64030  0.01998  0.04724  0.20472 -1388.88173 1817.75921 -33.77844 58.29454
0483    9.66078  0.02047  0.05512  0.22047 -1389.56895 1818.83914 -32.82687 49.99694
0484    9.68002  0.01923  0.05512  0.27559 -1390.20709 1819.72271 -33.40490 46.17936
0485    9.69919  0.01916  0.05512  0.35433 -1390.84523 1820.55720 -33.77751 43.32792
0486    9.72037  0.02117  0.05512  0.45669 -1391.58154 1821.63713 -34.12765 54.48657
0487    9.73966  0.01927  0.05512  0.48031 -1392.21968 1822.76614 -35.24173 57.89644
0488    9.76013  0.02046  0.05512  0.56693 -1392.90690 1823.99333 -33.42321 62.09520
0489    9.78055  0.02041  0.05512  0.60630 -1393.54504 1825.46595 -31.28346 76.09049
0490    9.79940  0.01884  0.05512  0.62992 -1394.13409 1826.79131 -29.97033 70.88345
0491    9.81910  0.01968  0.05512  0.62992 -1394.72314 1827.92033 -30.98469 55.68380
0492    9.83896  0.01985  0.05512  0.62992 -1395.36128 1829.09843 -32.25134 60.39011
0493    9.85873  0.01977  0.05512  0.62992 -1396.04850 1830.22744 -33.55183 58.37148
0494    9.87971  0.02096  0.05512  0.62205 -1396.73573 1831.45463 -33.67358 58.51796
0495    9.89948  0.01976  0.06299  0.62205 -1397.37386 1832.58364 -31.83097 56.42631
0496    9.91935  0.01986  0.06299  0.61417 -1397.91383 1833.71265 -25.89153 56.58730
0497    9.94030  0.02093  0.05512  0.60630 -1398.40470 1834.89075 -23.30298 54.37191
0498    9.96030  0.01999  0.06299  0.59843 -1398.79740 1835.97068 -20.69286 54.94090
0499    9.97972  0.01941  0.07087  0.59843 -1399.09193 1837.05060 -16.22743 54.72042
0500    9.99971  0.01998  0.07874  0.59843 -1399.28827 1838.13053 -12.33801 54.20769
0501   10.01949  0.01977  0.11024  0.59843 -1399.43554 1839.16136 -9.70344 52.25994
0502   10.04026  0.02076  0.14961  0.59843 -1399.53371 1840.24129 -8.22152 52.29028
0503   10.06228  0.02201  0.14961  0.59843 -1399.73006 1841.41939 -7.33886 52.29306
0504   10.07982  0.01753  0.24409  0.60630 -1399.97550 1842.35205 -9.50408 53.31020
0505   10.09991  0.02009  0.30709  0.60630 -1400.27003 1843.43198 -14.76915 54.37974
0506   10.11970  0.01977  0.33071  0.61417 -1400.85908 1844.51190 -32.52788 56.96952
0507   10.13971  0.02000  0.33071  0.62205 -1401.59539 1845.64091 -35.89356 56.37317
0508   10.16008  0.02036  0.33071  0.64567 -1402.28261 1846.81901 -35.34106 59.92126
0509   10.17917  0.01908  0.33071  0.64567 -1403.01893 1848.04620 -36.65421 66.70766
0510   10.20025  0.02107  0.33071  0.65354 -1403.80433 1849.46974 -37.46723 67.54758
0511   10.21926  0.01899  0.33071  0.65354 -1404.54064 1850.79510 -40.77018 68.40415
0512   10.23934  0.02008  0.33071  0.65354 -1405.37513 1852.16955 -41.47760 70.32744
0513   10.26060  0.02125  0.33071  0.65354 -1406.30779 1853.64218 -45.33030 67.94024
0514   10.27925  0.01863  0.33071  0.65354 -1407.19136 1854.91845 -46.34700 67.46959
0515   10.29970  0.02044  0.33071  0.64567 -1408.12403 1856.19473 -47.06511 61.05372
0516   10.31979  0.02008  0.33858  0.64567 -1409.10578 1857.42191 -47.96230 63.89522
0517   10.33986  0.02007  0.33858  0.63780 -1410.08753 1858.69819 -48.01814 65.88970
0518   10.35965  0.01978  0.33858  0.61417 -1411.02019 1859.97446 -48.68946 64.55993
0519   10.38012  0.02046  0.36220  0.59843 -1412.05103 1861.34891 -49.92550 67.31415
0520   10.39992  0.01978  0.40157  0.57480 -1413.03278 1862.72336 -50.95262 70.37584
0521   10.42053  0.02060  0.42520  0.55118 -1414.11270 1864.24508 -53.12845 74.35528
0522   10.44020  0.01966  0.44094  0.50394 -1415.19263 1865.71770 -55.03700 73.55365
0523   10.45990  0.01969  0.44094  0.48031 -1416.27255 1867.14124 -56.40621 73.15792
0524   10.48020  0.02028  0.44094  0.45669 -1417.45065 1868.56478 -57.15259 69.37672
0525   10.49982  0.01961  0.44094  0.44882 -1418.57966 1869.89014 -58.47161 63.92642
0526   10.51908  0.01926  0.44094  0.44882 -1419.70868 1871.11733 -57.95010 64.13565
0527   10.53904  0.01995  0.44094  0.44882 -1420.83769 1872.34451 -57.13163 61.21781
0528   10.55879  0.01973  0.44094  0.44882 -1421.96670 1873.57170 -55.87649 61.19644
0529   10.57989  0.02109  0.44094  0.45669 -1423.14480 1874.89706 -55.38381 61.11644
0530   10.59982  0.01992  0.42520  0.44882 -1424.27381 1876.12425 -57.62458 63.02642
0531   10.61993  0.02010  0.40157  0.45669 -1425.45191 1877.40053 -59.35108 63.12896
0532   10.64006  0.02012  0.33071  0.44882 -1426.63001 1878.67680 -57.53239 62.99165
0533   10.65993  0.01986  0.22835  0.43307 -1427.80811 1879.95308 -58.03334 65.43735
0534   10.68025  0.02031  0.08661  0.38583 -1428.98621 1881.27844 -58.71535 65.20440
0535   10.70009  0.01983  0.04724  0.32283 -1430.11523 1882.55471 -56.92591 64.28894
0536   10.72036  0.02026  0.06299  0.21260 -1431.09698 1883.83099 -44.11626 61.78803
0537   10.74003  0.01966  0.06299  0.12598 -1431.93146 1885.05818 -44.12399 63.23183
0538   10.76066  0.02062  0.04724  0.01575 -1432.96230 1886.33445 -49.94506 61.08487
0539   10.77899  0.01831  0.04724  0.01575 -1433.84588 1887.26711 -46.39475 44.57637
0540   10.80038  0.02138  0.03150  0.02362 -1434.77854 1888.44521 -42.95333 57.78263
0541   10.81890  0.01851  0.03150  0.02362 -1435.61302 1889.52514 -47.33607 57.16856
0542   10.84032  0.02141  0.03937  0.01575 -1436.54569 1890.65415 -44.89724 54.64002
0543   10.85930  0.01896  0.03937  0.02362 -1437.42926 1891.68499 -47.08069 52.93766
0544   10.87956  0.02025  0.03937  0.03150 -1438.41101 1892.76491 -47.01125 50.73224
0545   10.89967  0.02010  0.03937  0.03150 -1439.34368 1893.74666 -46.28516 49.38430
0546   10.91987  0.02019  0.03937  0.02362 -1440.27634 1894.77750 -46.53792 49.86819
0547   10.93932  0.01944  0.03937  0.02362 -1441.20900 1895.75925 -46.93730 51.02094
0548   10.95960  0.02027  0.03937  0.02362 -1442.14166 1896.74100 -45.80575 48.94312
0549   10.97940  0.01980  0.03937  0.02362 -1443.02524 1897.67366 -45.19882 47.41952
0550   10.99927  0.01985  0.03937  0.02362 -1443.90881 1898.60633 -43.75975 46.03212
0551   11.01878  0.01950  0.03937  0.02362 -1444.74330 1899.48990 -42.63103 44.62703
0552   11.03872  0.01992  0.03937  0.02362 -1445.57779 1900.32439 -40.97403 42.47095
0553   11.05907  0.02035  0.03937  0.02362 -1446.36319 1901.15888 -40.11957 41.35687
0554   11.07879  0.01971  0.03937  0.02362 -1447.14859 1901.94428 -39.27440 39.27377
0555   11.09943  0.02063  0.03937  0.03150 -1447.93399 1902.77876 -38.33179 38.98726
0556   11.11881  0.01937  0.03937  0.03150 -1448.67030 1903.51508 -37.43537 38.02624
0557   11.13935  0.02053  0.03937  0.02362 -1449.50479 1904.30048 -39.14474 38.80435
0558   11.15972  0.02037  0.03937  0.02362 -1450.29019 1905.08588 -38.70186 38.36220
0559   11.17885  0.01911  0.03937  0.02362 -1451.02650 1905.82219 -39.51467 37.06703
0560   11.19916  0.02030  0.03937  0.02362 -1451.81190 1906.55850 -38.47088 36.52711
0561   11.22006  0.02088  0.03937  0.01575 -1452.59730 1907.29481 -38.19994 36.55785
0562   11.23943  0.01937  0.03150  0.01575 -1453.33361 1908.03113 -38.06693 36.63465
0563   11.26081  0.02136  0.03937  0.02362 -1454.11901 1908.76744 -35.62047 35.39687
0564   11.27953  0.01871  0.03150  0.02362 -1454.75715 1909.40558 -34.35082 33.79634
0565   11.29943  0.01989  0.03150  0.01575 -1455.39529 1910.04371 -33.00699 32.75798
0566   11.31960  0.02016  0.03150  0.02362 -1456.03343 1910.68185 -31.52029 31.27798
0567   11.33877  0.01916  0.03150  0.02362 -1456.62248 1911.27090 -30.40085 30.39144
0568   11.35888  0.02010  0.03150  0.02362 -1457.26061 1911.85995 -30.02569 29.26945
0569   11.37955  0.02066  0.03150  0.01575 -1457.84966 1912.44900 -28.71051 28.40679
0570   11.39951  0.01995  0.03937  0.01575 -1458.38963 1913.03805 -28.42999 28.99148
0571   11.42043  0.02091  0.03150  0.02362 -1458.97868 1913.62710 -28.80781 29.37050
0572   11.43904  0.01860  0.03150  0.02362 -1459.56772 1914.16706 -29.48783 29.00458
0573   11.45897  0.01992  0.03150  0.02362 -1460.10769 1914.75611 -28.46197 27.59221
0574   11.47933  0.02035  0.03150  0.02362 -1460.64765 1915.29608 -26.94000 27.08194
0575   11.49881  0.01947  0.03150  0.02362 -1461.13853 1915.78695 -25.50828 25.76434
0576   11.51878  0.01995  0.03150  0.02362 -1461.62940 1916.27783 -24.16003 24.48297
0577   11.53918  0.02039  0.03150  0.02362 -1462.12028 1916.76870 -23.12699 23.60209
0578   11.55897  0.01978  0.03150  0.02362 -1462.56206 1917.21049 -22.56331 22.16981
0579   11.57921  0.02023  0.03150  0.02362 -1463.00385 1917.60319 -21.55542 21.45503
0580   11.59913  0.01990  0.03150  0.02362 -1463.39655 1918.04498 -20.61915 20.70237
0581   11.61916  0.02002  0.03150  0.02362 -1463.78925 1918.43768 -20.22784 20.20611
0582   11.63987  0.02071  0.03150  0.02362 -1464.23104 1918.83038 -20.34116 19.70764
0583   11.65953  0.01965  0.03150  0.02362 -1464.62374 1919.22307 -20.49916 19.13508
0584   11.67949  0.01995  0.03150  0.02362 -1465.01644 1919.56669 -20.22409 18.83099
0585   11.70054  0.02104  0.03150  0.01575 -1465.40914 1919.95939 -18.54766 18.16233
0586   11.71916  0.01861  0.03150  0.01575 -1465.75275 1920.30300 -17.32141 17.66792
0587   11.74018  0.02100  0.03937  0.01575 -1466.04728 1920.64661 -16.49443 16.86372
9999 9999.00000 9999.00000 999.00000 999.00000 9999.00000 9999.00000 999.00000 999.00000
