DT    0.00005  0.04724  0.03150 0
EL    0.00005  0.00000  0.00000 0
DT    0.01905  0.04724  0.03150 0
DT    0.03879  0.04724  0.03150 0
DT    0.06069  0.05512  0.04724 0
DT    0.08031  0.09449  0.07087 0
DT    0.10102  0.18898  0.14961 0
DT    0.12042  0.26772  0.20472 0
DT    0.13993  0.40945  0.25197 0
DT    0.16027  0.47244  0.31496 0
DT    0.18016  0.57480  0.41732 0
DT    0.20102  0.62205  0.51181 0
DT    0.22031  0.63780  0.54331 0
DT    0.23886  0.63780  0.54331 0
DT    0.26083  0.64567  0.56693 0
DT    0.27965  0.64567  0.58268 0
DT    0.29966  0.64567  0.59055 0
DT    0.32053  0.64567  0.59843 0
DT    0.33964  0.64567  0.61417 0
DT    0.35975  0.64567  0.64567 0
DT    0.37956  0.64567  0.66929 0
DT    0.39949  0.64567  0.68504 0
DT    0.41931  0.64567  0.68504 0
DT    0.43965  0.64567  0.69291 0
DT    0.45922  0.64567  0.69291 0
DT    0.48032  0.64567  0.70079 0
DT    0.49952  0.64567  0.70079 0
DT    0.52014  0.64567  0.70079 0
DT    0.53923  0.64567  0.70079 0
DT    0.55946  0.64567  0.70079 0
DT    0.57914  0.64567  0.70079 0
DT    0.59899  0.64567  0.70079 0
DT    0.61890  0.64567  0.70079 0
DT    0.63908  0.64567  0.70079 0
DT    0.65912  0.64567  0.70079 0
DT    0.67897  0.64567  0.70079 0
DT    0.69912  0.64567  0.70079 0
DT    0.71885  0.64567  0.70079 0
DT    0.73942  0.64567  0.70079 0
DT    0.75985  0.64567  0.69291 0
DT    0.77931  0.64567  0.69291 0
DT    0.79992  0.65354  0.69291 0
DT    0.81962  0.66142  0.69291 0
DT    0.83891  0.66142  0.69291 0
DT    0.85955  0.66929  0.69291 0
DT    0.87903  0.66929  0.69291 0
DT    0.89910  0.66929  0.69291 0
DT    0.91875  0.66929  0.69291 0
DT    0.93877  0.66929  0.69291 0
DT    0.95919  0.66929  0.69291 0
DT    0.98008  0.67717  0.69291 0
DT    0.99942  0.67717  0.69291 0
DT    1.01988  0.68504  0.69291 0
DT    1.04179  0.68504  0.69291 0
DT    1.05961  0.68504  0.68504 0
DT    1.07963  0.69291  0.68504 0
DT    1.09878  0.69291  0.68504 0
DT    1.11963  0.69291  0.67717 0
DT    1.13999  0.70079  0.67717 0
DT    1.16064  0.70866  0.67717 0
DT    1.17919  0.70866  0.67717 0
DT    1.20032  0.71654  0.67717 0
DT    1.21977  0.71654  0.67717 0
DT    1.23966  0.71654  0.67717 0
DT    1.25895  0.71654  0.67717 0
DT    1.27904  0.71654  0.67717 0
DT    1.29884  0.71654  0.67717 0
DT    1.31924  0.71654  0.67717 0
DT    1.33916  0.71654  0.67717 0
DT    1.35886  0.71654  0.67717 0
DT    1.37907  0.71654  0.67717 0
DT    1.39886  0.71654  0.67717 0
DT    1.41986  0.71654  0.68504 0
DT    1.44003  0.71654  0.67717 0
DT    1.45934  0.71654  0.67717 0
DT    1.48001  0.71654  0.67717 0
DT    1.49903  0.71654  0.67717 0
DT    1.51885  0.71654  0.67717 0
DT    1.53915  0.71654  0.67717 0
DT    1.55882  0.71654  0.67717 0
DT    1.57905  0.71654  0.67717 0
DT    1.59903  0.71654  0.67717 0
DT    1.61916  0.71654  0.67717 0
DT    1.63936  0.71654  0.67717 0
DT    1.65876  0.71654  0.67717 0
DT    1.68225  0.71654  0.67717 0
DT    1.69946  0.71654  0.67717 0
DT    1.71906  0.71654  0.67717 0
DT    1.73883  0.71654  0.67717 0
DT    1.75894  0.71654  0.67717 0
DT    1.77881  0.71654  0.67717 0
DT    1.79939  0.71654  0.67717 0
DT    1.81901  0.71654  0.67717 0
DT    1.83874  0.71654  0.67717 0
DT    1.85957  0.71654  0.67717 0
DT    1.87972  0.71654  0.68504 0
DT    1.89985  0.71654  0.68504 0
DT    1.91983  0.71654  0.67717 0
DT    1.93989  0.71654  0.67717 0
DT    1.95917  0.71654  0.67717 0
DT    1.97934  0.71654  0.68504 0
DT    1.99973  0.71654  0.67717 0
DT    2.01917  0.71654  0.67717 0
DT    2.03886  0.71654  0.67717 0
DT    2.05984  0.71654  0.68504 0
DT    2.07953  0.71654  0.67717 0
DT    2.09909  0.71654  0.67717 0
DT    2.11902  0.71654  0.67717 0
DT    2.13903  0.71654  0.67717 0
DT    2.15904  0.71654  0.67717 0
DT    2.18002  0.71654  0.68504 0
DT    2.19927  0.71654  0.68504 0
DT    2.22001  0.71654  0.67717 0
DT    2.23963  0.71654  0.68504 0
DT    2.25963  0.71654  0.67717 0
DT    2.27938  0.71654  0.67717 0
DT    2.29912  0.71654  0.67717 0
DT    2.31898  0.71654  0.67717 0
DT    2.33893  0.71654  0.67717 0
DT    2.35933  0.72441  0.67717 0
DT    2.37921  0.72441  0.67717 0
DT    2.39912  0.72441  0.67717 0
DT    2.42034  0.73228  0.66929 0
DT    2.43967  0.73228  0.66929 0
DT    2.46016  0.75591  0.65354 0
DT    2.48042  0.76378  0.63780 0
DT    2.50054  0.77165  0.62205 0
DT    2.52005  0.77953  0.60630 0
DT    2.54045  0.79528  0.57480 0
DT    2.55960  0.79528  0.54331 0
DT    2.57997  0.79528  0.51969 0
DT    2.59951  0.79528  0.51969 0
DT    2.61925  0.79528  0.51969 0
DT    2.63947  0.79528  0.51969 0
DT    2.65949  0.79528  0.51969 0
DT    2.67892  0.79528  0.51969 0
DT    2.69970  0.79528  0.51969 0
DT    2.71943  0.79528  0.51181 0
DT    2.73897  0.79528  0.51181 0
DT    2.75920  0.79528  0.51181 0
DT    2.77910  0.79528  0.51181 0
DT    2.79995  0.79528  0.50394 0
DT    2.81931  0.79528  0.48819 0
DT    2.83956  0.79528  0.46457 0
DT    2.86045  0.79528  0.41732 0
DT    2.87975  0.79528  0.39370 0
DT    2.89977  0.79528  0.35433 0
DT    2.91976  0.79528  0.31496 0
DT    2.93962  0.79528  0.28346 0
DT    2.95974  0.79528  0.24409 0
DT    2.97961  0.79528  0.21260 0
DT    2.99949  0.79528  0.18110 0
DT    3.01993  0.79528  0.10236 0
DT    3.03941  0.79528  0.04724 0
DT    3.05946  0.79528  0.01575 0
DT    3.08021  0.78740  0.00000 0
DT    3.09957  0.78740 -0.07813 0
DT    3.11988  0.78740 -0.16406 0
DT    3.14062  0.77953 -0.23438 0
DT    3.16091  0.77165 -0.32031 0
DT    3.18096  0.74803 -0.34375 0
DT    3.20047  0.71654 -0.38281 0
EL    3.20048  0.09500  0.00000 0
DT    3.22067  0.69291 -0.40625 0
EL    3.22068  0.14188  0.00000 0
DT    3.23908  0.69291 -0.40625 0
EL    3.23909  0.14188  0.00000 0
DT    3.26056  0.61417 -0.42969 0
EL    3.26056  0.20438  0.00000 0
DT    3.27995  0.56693 -0.42969 0
EL    3.27996  0.36844  0.00000 0
DT    3.30092  0.48819 -0.43750 0
EL    3.30092  0.50906  0.00000 0
DT    3.31883  0.48819 -0.43750 0
EL    3.31884  0.50906  0.00000 0
DT    3.34028  0.40157 -0.43750 0
EL    3.34028  0.90750  0.00000 0
DT    3.36136  0.35433 -0.42969 0
EL    3.36136  0.96219  0.00000 0
DT    3.38037  0.25197 -0.42969 0
EL    3.38038  0.97000  0.00000 0
DT    3.40005  0.18898 -0.42969 0
EL    3.40005  0.97000  0.00000 0
DT    3.41978  0.06299 -0.42969 0
EL    3.41979  0.97000  0.00000 0
DT    3.44016  0.05512 -0.42969 0
EL    3.44016  0.97000  0.00000 0
DT    3.45877  0.05512 -0.42969 0
EL    3.45878  0.97000  0.00000 0
DT    3.47889  0.05512 -0.42969 0
EL    3.47889  0.97000  0.00000 0
DT    3.49974  0.05512 -0.41406 0
EL    3.49975  0.97000  0.00000 0
DT    3.51945  0.05512 -0.39844 0
EL    3.51946  0.97000  0.00000 0
DT    3.54048  0.04724 -0.38281 0
EL    3.54048  0.97000  0.00000 0
DT    3.55929  0.04724 -0.36719 0
EL    3.55930  0.97000  0.00000 0
DT    3.57984  0.04724 -0.35156 0
EL    3.57984  0.97000  0.00000 0
DT    3.59985  0.04724 -0.35156 0
EL    3.59986  0.97000  0.00000 0
DT    3.61983  0.04724 -0.34375 0
EL    3.61984  0.97000  0.00000 0
DT    3.63986  0.04724 -0.32813 0
EL    3.63986  0.97000  0.00000 0
FB    3.65871  0.00000  0.00000 1
DT    3.66066  0.03937 -0.32031 0
EL    3.66067  0.97000  0.00000 0
DT    3.67982  0.04724 -0.30469 0
EL    3.67983  0.97000  0.00000 0
DT    3.70021  0.02362 -0.28125 0
EL    3.70021  0.97000  0.00000 0
DT    3.71997  0.02362 -0.28125 0
EL    3.71998  0.97000  0.00000 0
DT    3.74319  0.00787 -0.25781 0
EL    3.74320  0.97000  0.00000 0
DT    3.76079 -0.10938 -0.14063 0
EL    3.76079  0.97000  0.00000 0
DT    3.78386 -0.10938 -0.14063 0
EL    3.78387  0.97000  0.00000 0
DT    3.80057 -0.17188 -0.05469 0
EL    3.80060  0.97000  0.00000 0
DT    3.82042 -0.20313 -0.06250 0
EL    3.82042  0.97000  0.00000 0
DT    3.83869 -0.20313 -0.06250 0
EL    3.83870  0.97000  0.00000 0
DT    3.85976 -0.22656 -0.06250 0
EL    3.85977  0.97000  0.00000 0
DT    3.87913 -0.22656 -0.06250 0
EL    3.87914  0.97000  0.00000 0
DT    3.89959 -0.22656 -0.07031 0
EL    3.89960  0.97000  0.00000 0
DT    3.92021 -0.23438 -0.07813 0
EL    3.92021  0.97000  0.00000 0
DT    3.93940 -0.23438 -0.08594 0
EL    3.93940  0.97000  0.00000 0
DT    3.95984 -0.23438 -0.10156 0
EL    3.95985  0.78250  0.00000 0
DT    3.97998 -0.23438 -0.10938 0
EL    3.97999  0.62625  0.00000 0
DT    4.00085 -0.24219 -0.12500 0
EL    4.00085  0.38406  0.00000 0
DT    4.02099 -0.25000 -0.13281 0
EL    4.02099  0.25906  0.00000 0
DT    4.04101 -0.26563 -0.14063 0
EL    4.04102  0.22781  0.00000 0
DT    4.06000 -0.28125 -0.14063 0
EL    4.06000  0.20438  0.00000 0
DT    4.08143 -0.28906 -0.15625 0
EL    4.08143  0.19656  0.00000 0
DT    4.09882 -0.28906 -0.15625 0
EL    4.09883  0.19656  0.00000 0
DT    4.11966 -0.30469 -0.15625 0
EL    4.11967  0.32938  0.00000 0
DT    4.14070 -0.31250 -0.16406 0
EL    4.14071  0.45438  0.00000 0
DT    4.15918 -0.31250 -0.16406 0
EL    4.15918  0.51688  0.00000 0
DT    4.18000 -0.31250 -0.17188 0
EL    4.18001  0.54813  0.00000 0
DT    4.20029 -0.32031 -0.16406 0
EL    4.20030  0.55594  0.00000 0
DT    4.21890 -0.32031 -0.16406 0
EL    4.21890  0.55594  0.00000 0
DT    4.24261 -0.32031 -0.16406 0
EL    4.24261  0.55594  0.00000 0
DT    4.25915 -0.32031 -0.16406 0
EL    4.25916  0.55594  0.00000 0
DT    4.27907 -0.32031 -0.16406 0
EL    4.27907  0.55594  0.00000 0
DT    4.29916 -0.32031 -0.16406 0
EL    4.29916  0.55594  0.00000 0
DT    4.31900 -0.32031 -0.16406 0
EL    4.31901  0.55594  0.00000 0
DT    4.33905 -0.32031 -0.16406 0
EL    4.33906  0.55594  0.00000 0
DT    4.35884 -0.32031 -0.16406 0
EL    4.35885  0.55594  0.00000 0
DT    4.37902 -0.32031 -0.16406 0
EL    4.37903  0.55594  0.00000 0
DT    4.39957 -0.32031 -0.16406 0
EL    4.39958  0.43875  0.00000 0
DT    4.41931 -0.32031 -0.16406 0
EL    4.41931  0.26688  0.00000 0
DT    4.43932 -0.32031 -0.16406 0
EL    4.43932  0.14188  0.00000 0
DT    4.45952 -0.32031 -0.16406 0
EL    4.45953  0.00000  0.00000 0
DT    4.47937 -0.32031 -0.16406 0
DT    4.49993 -0.32031 -0.16406 0
DT    4.51996 -0.32031 -0.15625 0
DT    4.53951 -0.32031 -0.15625 0
DT    4.56014 -0.32031 -0.14844 0
DT    4.57968 -0.32031 -0.14063 0
DT    4.59969 -0.32813 -0.14063 0
DT    4.61937 -0.32813 -0.14063 0
DT    4.63970 -0.33594 -0.14063 0
DT    4.66053 -0.34375 -0.13281 0
DT    4.67971 -0.35156 -0.13281 0
DT    4.70075 -0.35938 -0.12500 0
DT    4.72001 -0.35938 -0.12500 0
DT    4.74059 -0.35938 -0.12500 0
DT    4.76288 -0.35938 -0.12500 0
DT    4.78053 -0.35156 -0.12500 0
DT    4.79942 -0.35938 -0.12500 0
DT    4.82034 -0.35156 -0.12500 0
DT    4.83949 -0.35156 -0.11719 0
DT    4.85892 -0.35156 -0.11719 0
DT    4.88334 -0.35156 -0.11719 0
DT    4.89961 -0.35938 -0.11719 0
DT    4.91964 -0.35156 -0.11719 0
DT    4.93964 -0.35156 -0.11719 0
DT    4.95923 -0.35156 -0.11719 0
DT    4.97991 -0.35156 -0.11719 0
DT    4.99925 -0.35156 -0.11719 0
DT    5.01903 -0.35156 -0.11719 0
DT    5.03917 -0.35156 -0.11719 0
DT    5.05975 -0.35156 -0.12500 0
DT    5.07884 -0.35156 -0.12500 0
DT    5.09916 -0.35156 -0.12500 0
DT    5.12007 -0.35938 -0.13281 0
DT    5.14035 -0.35156 -0.14063 0
DT    5.15961 -0.35156 -0.14063 0
DT    5.17981 -0.35156 -0.16406 0
DT    5.20081 -0.35156 -0.17969 0
DT    5.21993 -0.35156 -0.19531 0
DT    5.23976 -0.35156 -0.21094 0
DT    5.25977 -0.35156 -0.21875 0
DT    5.28026 -0.33594 -0.22656 0
DT    5.30091 -0.32031 -0.21875 0
DT    5.32061 -0.30469 -0.21094 0
CA    5.33837  0.00000  0.00000 1
DT    5.34102 -0.28125 -0.18750 0
DT    5.36109 -0.25781 -0.14844 0
DT    5.38090 -0.21875 -0.09375 0
DT    5.40091 -0.16406 -0.03906 0
DT    5.42136 -0.08594  0.03150 0
DT    5.44048  0.05512  0.03150 0
DT    5.46091  0.04724  0.01575 0
DT    5.48064  0.03937  0.03150 0
DT    5.49986  0.03150  0.03150 0
DT    5.51966  0.03150  0.03150 0
DT    5.53936  0.03150  0.03150 0
DT    5.55975  0.03150  0.02362 0
DT    5.58021  0.04724  0.02362 0
DT    5.60066  0.05512  0.03150 0
DT    5.61999  0.05512  0.03150 0
DT    5.64022  0.04724  0.03150 0
DT    5.65884  0.04724  0.03150 0
DT    5.68014  0.04724  0.05512 0
DT    5.70040  0.05512  0.08661 0
DT    5.72047  0.07087  0.14173 0
DT    5.74012  0.14961  0.21260 0
DT    5.76026  0.18898  0.24409 0
DT    5.78095  0.27559  0.30709 0
DT    5.80072  0.32283  0.32283 0
DT    5.82089  0.37795  0.35433 0
DT    5.84149  0.38583  0.36220 0
DT    5.85977  0.38583  0.37008 0
DT    5.87948  0.38583  0.37795 0
DT    5.89993  0.38583  0.38583 0
DT    5.91965  0.38583  0.39370 0
DT    5.93998  0.38583  0.40945 0
DT    5.95987  0.38583  0.42520 0
DT    5.97993  0.38583  0.44094 0
DT    5.99982  0.38583  0.44094 0
DT    6.02163  0.38583  0.44882 0
DT    6.04034  0.39370  0.44882 0
DT    6.05999  0.39370  0.44882 0
DT    6.07984  0.40945  0.44882 0
CA    6.09800  0.00000  0.00000 0
DT    6.10079  0.41732  0.44882 0
DT    6.11983  0.42520  0.44882 0
DT    6.13918  0.42520  0.44882 0
DT    6.16142  0.42520  0.44094 0
DT    6.17982  0.43307  0.44094 0
DT    6.19870  0.43307  0.44094 0
DT    6.21963  0.43307  0.44094 0
DT    6.23940  0.43307  0.44094 0
DT    6.25942  0.43307  0.44094 0
DT    6.27940  0.43307  0.44094 0
DT    6.29905  0.43307  0.44094 0
DT    6.31976  0.43307  0.44094 0
DT    6.33939  0.43307  0.44094 0
EL    6.33940 -0.14024  0.00000 0
FB    6.35783  0.00000  0.00000 0
DT    6.35986  0.43307  0.44094 0
EL    6.35986 -0.26622  0.00000 0
DT    6.38045  0.43307  0.43307 0
EL    6.38045 -0.43157  0.00000 0
DT    6.39938  0.43307  0.43307 0
EL    6.39939 -0.50244  0.00000 0
DT    6.41914  0.43307  0.43307 0
EL    6.41914 -0.50244  0.00000 0
DT    6.44059  0.43307  0.41732 0
EL    6.44059 -0.56543  0.00000 0
DT    6.46134  0.42520  0.37008 0
EL    6.46134 -0.62843  0.00000 0
DT    6.48103  0.40157  0.33858 0
EL    6.48104 -0.66780  0.00000 0
DT    6.50136  0.34646  0.29921 0
EL    6.50137 -0.73079  0.00000 0
DT    6.52131  0.21260  0.21260 0
EL    6.52132 -0.84102  0.00000 0
DT    6.54172  0.11811  0.13386 0
EL    6.54172 -0.91976  0.00000 0
DT    6.56047  0.04724  0.02362 0
EL    6.56047 -1.00638  0.00000 0
DT    6.57954  0.05512  0.02362 0
EL    6.57955 -1.03000  0.00000 0
DT    6.60021  0.06299  0.02362 0
EL    6.60022 -1.03000  0.00000 0
DT    6.61887  0.06299  0.02362 0
EL    6.61888 -1.03000  0.00000 0
DT    6.64002  0.05512  0.02362 0
EL    6.64003 -1.03000  0.00000 0
DT    6.65954  0.05512  0.02362 0
EL    6.65954 -1.03000  0.00000 0
DT    6.67931  0.05512  0.02362 0
EL    6.67932 -1.03000  0.00000 0
DT    6.70033  0.05512  0.02362 0
EL    6.70034 -1.03000  0.00000 0
DT    6.71941  0.05512  0.02362 0
EL    6.71942 -1.03000  0.00000 0
DT    6.74028  0.05512  0.02362 0
EL    6.74029 -1.03000  0.00000 0
DT    6.75969  0.05512  0.02362 0
EL    6.75969 -1.03000  0.00000 0
DT    6.77935  0.05512  0.02362 0
EL    6.77935 -1.03000  0.00000 0
DT    6.79961  0.05512  0.02362 0
EL    6.79961 -1.03000  0.00000 0
DT    6.81869  0.05512  0.02362 0
EL    6.81869 -1.03000  0.00000 0
DT    6.83940  0.05512  0.02362 0
EL    6.83940 -1.03000  0.00000 0
DT    6.86023  0.05512  0.03150 0
EL    6.86023 -1.03000  0.00000 0
DT    6.87958  0.05512  0.03150 0
EL    6.87958 -1.03000  0.00000 0
DT    6.89879  0.05512  0.03150 0
EL    6.89880 -1.03000  0.00000 0
DT    6.91917  0.05512  0.03150 0
EL    6.91917 -1.03000  0.00000 0
DT    6.93902  0.05512  0.03150 0
EL    6.93902 -1.03000  0.00000 0
DT    6.95913  0.05512  0.03150 0
EL    6.95914 -1.03000  0.00000 0
DT    6.97880  0.05512  0.03150 0
EL    6.97880 -1.03000  0.00000 0
DT    6.99884  0.05512  0.03150 0
EL    6.99884 -1.03000  0.00000 0
DT    7.01931  0.05512  0.03150 0
EL    7.01932 -1.03000  0.00000 0
DT    7.03964  0.06299  0.03150 0
EL    7.03964 -1.03000  0.00000 0
DT    7.05961  0.05512  0.03150 0
EL    7.05961 -1.03000  0.00000 0
DT    7.08229  0.05512  0.03150 0
EL    7.08229 -1.03000  0.00000 0
DT    7.09901  0.05512  0.03150 0
EL    7.09901 -1.03000  0.00000 0
DT    7.11935  0.05512  0.03150 0
EL    7.11936 -1.03000  0.00000 0
DT    7.14124  0.05512  0.03150 0
EL    7.14125 -1.03000  0.00000 0
DT    7.15897  0.05512  0.03150 0
EL    7.15898 -1.03000  0.00000 0
DT    7.17929  0.05512  0.03150 0
EL    7.17929 -1.03000  0.00000 0
DT    7.19929  0.05512  0.03150 0
EL    7.19929 -0.77803  0.00000 0
DT    7.21915  0.05512  0.03150 0
EL    7.21915 -0.39220  0.00000 0
DT    7.23960  0.05512  0.03150 0
EL    7.23960 -0.14024  0.00000 0
DT    7.25928  0.05512  0.03150 0
EL    7.25929  0.00000  0.00000 0
DT    7.27950  0.04724  0.03150 0
DT    7.29937  0.04724  0.02362 0
DT    7.31974  0.04724  0.03150 0
DT    7.34017  0.04724  0.03150 0
DT    7.35994  0.04724  0.02362 0
DT    7.38003  0.04724  0.03150 0
DT    7.40001  0.04724  0.02362 0
DT    7.41916  0.04724  0.02362 0
DT    7.44124  0.04724  0.02362 0
DT    7.45927  0.04724  0.02362 0
DT    7.47977  0.07087  0.02362 0
DT    7.50038  0.09449  0.02362 0
DT    7.51996  0.14173  0.02362 0
DT    7.53974  0.16535  0.02362 0
DT    7.55939  0.21260  0.02362 0
DT    7.57964  0.24409  0.02362 0
DT    7.60023  0.27559  0.02362 0
DT    7.61955  0.29921  0.02362 0
DT    7.63960  0.32283  0.02362 0
DT    7.65999  0.33071  0.02362 0
DT    7.67936  0.36220  0.02362 0
DT    7.69975  0.38583  0.02362 0
DT    7.71969  0.40945  0.02362 0
DT    7.73950  0.42520  0.02362 0
DT    7.75984  0.44094  0.02362 0
DT    7.77893  0.44094  0.02362 0
DT    7.79961  0.45669  0.02362 0
DT    7.82085  0.48031  0.03150 0
DT    7.84042  0.48819  0.02362 0
DT    7.86021  0.50394  0.02362 0
DT    7.87952  0.50394  0.02362 0
DT    7.89949  0.48819  0.02362 0
DT    7.91921  0.48819  0.02362 0
DT    7.93873  0.48819  0.02362 0
DT    7.95935  0.48819  0.03150 0
DT    7.97984  0.48819  0.02362 0
DT    7.99889  0.48819  0.02362 0
DT    8.01983  0.48819  0.02362 0
EL    8.20434  0.00000  0.00000 1
XX 9999.00000 999.00000 999.00000 0
