DT    0.00026  0.05512  0.03937 0
DT    0.02042  0.05512  0.03937 0
DT    0.04058  0.05512  0.04724 0
DT    0.06046  0.05512  0.03937 0
DT    0.08060  0.05512  0.04724 0
DT    0.10052  0.04724  0.04724 0
DT    0.12116  0.03937  0.04724 0
DT    0.13960  0.03937  0.04724 0
DT    0.16031  0.03937  0.05512 0
DT    0.18330  0.04724  0.08661 0
DT    0.20022  0.04724  0.14961 0
DT    0.22123  0.09449  0.22835 0
DT    0.23955  0.09449  0.22835 0
DT    0.26060  0.13386  0.25197 0
DT    0.28110  0.22047  0.31496 0
DT    0.30047  0.25984  0.37795 0
DT    0.32044  0.36220  0.48031 0
DT    0.34139  0.40945  0.52756 0
DT    0.36093  0.44882  0.59843 0
DT    0.38287  0.46457  0.64567 0
DT    0.40021  0.46457  0.67717 0
DT    0.42127  0.47244  0.69291 0
DT    0.44128  0.47244  0.70866 0
DT    0.46001  0.48819  0.70866 0
DT    0.47992  0.51181  0.70866 0
DT    0.50029  0.54331  0.70866 0
DT    0.52023  0.57480  0.70866 0
DT    0.54023  0.59055  0.70866 0
DT    0.56019  0.60630  0.70866 0
DT    0.57991  0.60630  0.70866 0
DT    0.60323  0.61417  0.71654 0
DT    0.62172  0.62205  0.70866 0
DT    0.63960  0.62205  0.70866 0
DT    0.66023  0.63780  0.70866 0
DT    0.68034  0.65354  0.70866 0
DT    0.70045  0.67717  0.70866 0
DT    0.72080  0.70079  0.70866 0
DT    0.74111  0.70866  0.70866 0
DT    0.76123  0.72441  0.70866 0
DT    0.78089  0.73228  0.70866 0
DT    0.80122  0.74803  0.70866 0
DT    0.82045  0.75591  0.70866 0
DT    0.84413  0.76378  0.70079 0
DT    0.86054  0.77165  0.70079 0
DT    0.88101  0.77953  0.69291 0
DT    0.90067  0.78740  0.68504 0
DT    0.92064  0.79528  0.67717 0
DT    0.94322  0.83465  0.65354 0
DT    0.96263  0.85827  0.63780 0
DT    0.98241  0.89764  0.60630 0
DT    1.00201  0.92126  0.59055 0
DT    1.02143  0.92913  0.56693 0
DT    1.04039  0.92913  0.55906 0
DT    1.06035  0.92913  0.55118 0
DT    1.08056  0.92913  0.53543 0
DT    1.10015  0.92126  0.53543 0
DT    1.12024  0.92126  0.53543 0
DT    1.14001  0.92126  0.53543 0
DT    1.15934  0.92126  0.53543 0
DT    1.18284  0.92126  0.54331 0
DT    1.19986  0.91339  0.54331 0
DT    1.22101  0.90551  0.55118 0
DT    1.24093  0.87402  0.57480 0
DT    1.26124  0.84252  0.60630 0
DT    1.28334  0.78740  0.65354 0
DT    1.30209  0.77165  0.67717 0
DT    1.32151  0.74016  0.69291 0
DT    1.34354  0.73228  0.70866 0
DT    1.36247  0.72441  0.73228 0
DT    1.38183  0.72441  0.74016 0
DT    1.40093  0.72441  0.75591 0
DT    1.42009  0.72441  0.75591 0
DT    1.44347  0.71654  0.76378 0
DT    1.46020  0.71654  0.77165 0
DT    1.48037  0.70866  0.77165 0
DT    1.50196  0.70079  0.77953 0
DT    1.52095  0.67717  0.78740 0
DT    1.53998  0.66142  0.78740 0
DT    1.55969  0.66142  0.78740 0
DT    1.58029  0.65354  0.78740 0
DT    1.59979  0.65354  0.78740 0
DT    1.61929  0.65354  0.78740 0
DT    1.63962  0.65354  0.78740 0
DT    1.66029  0.65354  0.78740 0
DT    1.67996  0.65354  0.78740 0
DT    1.69955  0.65354  0.78740 0
DT    1.71939  0.65354  0.78740 0
DT    1.73954  0.65354  0.78740 0
DT    1.76037  0.65354  0.78740 0
DT    1.78017  0.64567  0.78740 0
DT    1.79973  0.64567  0.78740 0
DT    1.82047  0.63780  0.78740 0
DT    1.83963  0.63780  0.78740 0
DT    1.85947  0.63780  0.78740 0
DT    1.87948  0.63780  0.78740 0
DT    1.90028  0.63780  0.77953 0
DT    1.91997  0.63780  0.77953 0
DT    1.94048  0.64567  0.77165 0
DT    1.95985  0.64567  0.77165 0
DT    1.98048  0.64567  0.76378 0
DT    2.00116  0.64567  0.75591 0
DT    2.02027  0.64567  0.75591 0
DT    2.04044  0.64567  0.76378 0
DT    2.05977  0.64567  0.76378 0
DT    2.08041  0.63780  0.76378 0
DT    2.09948  0.63780  0.76378 0
DT    2.11972  0.63780  0.76378 0
DT    2.13949  0.63780  0.76378 0
DT    2.15965  0.63780  0.76378 0
DT    2.18015  0.63780  0.76378 0
DT    2.19990  0.63780  0.76378 0
DT    2.21940  0.63780  0.76378 0
DT    2.23941  0.63780  0.76378 0
DT    2.25989  0.63780  0.75591 0
DT    2.27960  0.63780  0.75591 0
DT    2.30000  0.63780  0.74803 0
DT    2.31997  0.64567  0.74803 0
DT    2.34049  0.64567  0.72441 0
DT    2.36029  0.63780  0.70866 0
DT    2.38098  0.64567  0.70866 0
DT    2.40054  0.65354  0.70866 0
DT    2.42170  0.67717  0.70079 0
DT    2.44174  0.70079  0.70079 0
DT    2.45984  0.70866  0.70079 0
DT    2.47987  0.72441  0.70079 0
DT    2.50104  0.73228  0.69291 0
DT    2.51982  0.74016  0.69291 0
DT    2.53981  0.74016  0.68504 0
DT    2.55952  0.74016  0.68504 0
DT    2.57974  0.74016  0.68504 0
DT    2.60008  0.74016  0.68504 0
DT    2.62036  0.73228  0.68504 0
DT    2.63973  0.73228  0.69291 0
DT    2.65982  0.73228  0.69291 0
DT    2.67961  0.73228  0.69291 0
DT    2.70023  0.73228  0.70079 0
DT    2.72021  0.73228  0.70866 0
DT    2.74076  0.72441  0.72441 0
DT    2.76135  0.71654  0.74803 0
DT    2.78108  0.70079  0.77953 0
DT    2.80250  0.63780  0.79528 0
DT    2.82250  0.59843  0.83465 0
DT    2.84274  0.48031  0.88976 0
DT    2.86164  0.44882  0.92126 0
DT    2.88057  0.36220  0.95276 0
DT    2.90039  0.28346  0.96063 0
DT    2.92216  0.14961  0.97638 0
DT    2.94036  0.06299  0.99213 0
DT    2.96104  0.01575  1.00000 0
DT    2.98014  0.00787  1.00000 0
DT    3.00024  0.00000  1.00000 0
DT    3.02016  0.00000  1.00000 0
DT    3.04013 -0.00781  1.00000 0
DT    3.06176 -0.04688  0.99213 0
DT    3.08122 -0.09375  0.97638 0
DT    3.10043 -0.12500  0.96850 0
DT    3.12212 -0.14844  0.96063 0
DT    3.14047 -0.16406  0.94488 0
DT    3.16062 -0.17969  0.92126 0
DT    3.18080 -0.20313  0.79528 0
DT    3.20094 -0.21094  0.71654 0
DT    3.22142 -0.22656  0.52756 0
DT    3.24099 -0.23438  0.37795 0
DT    3.26160 -0.25000  0.18110 0
DT    3.28226 -0.26563  0.12598 0
DT    3.30094 -0.27344  0.10236 0
DT    3.31994 -0.27344  0.10236 0
DT    3.33988 -0.27344  0.10236 0
EL    3.33989  0.06375  0.00000 0
DT    3.36023 -0.27344  0.09449 0
EL    3.36024  0.07938  0.00000 0
DT    3.38013 -0.27344  0.09449 0
EL    3.38015  0.09500  0.00000 0
DT    3.40030 -0.27344  0.07874 0
EL    3.40032  0.11063  0.00000 0
DT    3.42032 -0.27344  0.04724 0
EL    3.42034  0.14969  0.00000 0
DT    3.44219 -0.27344  0.03937 0
EL    3.44221  0.18094  0.00000 0
DT    3.46056 -0.27344  0.03937 0
EL    3.46060  0.21219  0.00000 0
DT    3.48324 -0.26563  0.03150 0
EL    3.48326  0.23563  0.00000 0
DT    3.50333 -0.26563  0.02362 0
EL    3.50354  0.33719  0.00000 0
DT    3.52452 -0.25781  0.03937 0
EL    3.52462  0.54031  0.00000 0
DT    3.54150 -0.25000  0.03937 0
EL    3.54151  0.70438  0.00000 0
DT    3.56077 -0.24219  0.03937 0
EL    3.56078  0.88406  0.00000 0
DT    3.58151 -0.23438  0.03150 0
EL    3.58153  0.95438  0.00000 0
DT    3.60145 -0.23438  0.00000 0
EL    3.60148  0.97000  0.00000 0
DT    3.61990 -0.23438 -0.06250 0
EL    3.61991  0.97000  0.00000 0
DT    3.64014 -0.23438 -0.08594 0
EL    3.64015  0.97000  0.00000 0
DT    3.66023 -0.23438 -0.14063 0
EL    3.66025  0.97000  0.00000 0
DT    3.68038 -0.23438 -0.16406 0
EL    3.68039  0.97000  0.00000 0
DT    3.70037 -0.23438 -0.21875 0
EL    3.70038  0.97000  0.00000 0
DT    3.71981 -0.23438 -0.24219 0
EL    3.71983  0.97000  0.00000 0
DT    3.73986 -0.23438 -0.25781 0
EL    3.73987  0.97000  0.00000 0
DT    3.76040 -0.23438 -0.27344 0
EL    3.76115  0.97000  0.00000 0
DT    3.77994 -0.23438 -0.29688 0
EL    3.77995  0.97000  0.00000 0
DT    3.79961 -0.23438 -0.30469 0
EL    3.79963  0.97000  0.00000 0
DT    3.81953 -0.23438 -0.30469 0
EL    3.81954  0.97000  0.00000 0
DT    3.84056 -0.24219 -0.31250 0
EL    3.84060  0.97000  0.00000 0
DT    3.85999 -0.24219 -0.31250 0
EL    3.86000  0.97000  0.00000 0
DT    3.88032 -0.25000 -0.31250 0
EL    3.88033  0.97000  0.00000 0
DT    3.90013 -0.25781 -0.31250 0
EL    3.90015  0.97000  0.00000 0
DT    3.92050 -0.26563 -0.31250 0
EL    3.92051  0.97000  0.00000 0
DT    3.94012 -0.27344 -0.31250 0
EL    3.94014  0.97000  0.00000 0
DT    3.96021 -0.28906 -0.31250 0
EL    3.96022  0.97000  0.00000 0
DT    3.98004 -0.29688 -0.31250 0
EL    3.98006  0.97000  0.00000 0
DT    4.00043 -0.30469 -0.32031 0
EL    4.00045  0.97000  0.00000 0
DT    4.02022 -0.30469 -0.32813 0
EL    4.02023  0.97000  0.00000 0
DT    4.04013 -0.30469 -0.33594 0
EL    4.04014  0.97000  0.00000 0
FB    4.05836  0.00000  0.00000 1
DT    4.06035 -0.30469 -0.34375 0
EL    4.06036  0.97000  0.00000 0
DT    4.08019 -0.30469 -0.35156 0
EL    4.08021  0.97000  0.00000 0
DT    4.10011 -0.30469 -0.35938 0
EL    4.10012  0.97000  0.00000 0
DT    4.12082 -0.29688 -0.35938 0
EL    4.12084  0.97000  0.00000 0
DT    4.13982 -0.29688 -0.35938 0
EL    4.13984  0.97000  0.00000 0
DT    4.16057 -0.29688 -0.35156 0
EL    4.16059  0.97000  0.00000 0
DT    4.18002 -0.29688 -0.35156 0
EL    4.18005  0.97000  0.00000 0
DT    4.19975 -0.29688 -0.35156 0
EL    4.19976  0.97000  0.00000 0
DT    4.21975 -0.29688 -0.35156 0
EL    4.21976  0.97000  0.00000 0
DT    4.23988 -0.29688 -0.35156 0
EL    4.23990  0.97000  0.00000 0
DT    4.26082 -0.29688 -0.34375 0
EL    4.26083  0.88406  0.00000 0
DT    4.27973 -0.29688 -0.34375 0
EL    4.27975  0.70438  0.00000 0
DT    4.29988 -0.29688 -0.34375 0
EL    4.29989  0.50906  0.00000 0
DT    4.32019 -0.29688 -0.34375 0
EL    4.32021  0.21219  0.00000 0
DT    4.34152 -0.29688 -0.34375 0
EL    4.34156  0.00000  0.00000 0
DT    4.35984 -0.29688 -0.34375 0
DT    4.37975 -0.29688 -0.34375 0
DT    4.39962 -0.29688 -0.34375 0
DT    4.41941 -0.29688 -0.34375 0
DT    4.43974 -0.29688 -0.34375 0
DT    4.45994 -0.28906 -0.34375 0
DT    4.47946 -0.28906 -0.34375 0
DT    4.49982 -0.28906 -0.34375 0
DT    4.51955 -0.28906 -0.34375 0
DT    4.53988 -0.28906 -0.34375 0
DT    4.55976 -0.28906 -0.34375 0
DT    4.57994 -0.28906 -0.34375 0
DT    4.60085 -0.28906 -0.33594 0
DT    4.61933 -0.28906 -0.33594 0
DT    4.63945 -0.28906 -0.33594 0
DT    4.65926 -0.28906 -0.33594 0
DT    4.67957 -0.28906 -0.33594 0
DT    4.70042 -0.28906 -0.32813 0
DT    4.71943 -0.28906 -0.32813 0
DT    4.73918 -0.28906 -0.32813 0
DT    4.75962 -0.28906 -0.32813 0
DT    4.78037 -0.28906 -0.32031 0
DT    4.79984 -0.28906 -0.32031 0
DT    4.82014 -0.28906 -0.31250 0
DT    4.83979 -0.28906 -0.30469 0
DT    4.86069 -0.28906 -0.29688 0
DT    4.87984 -0.28906 -0.29688 0
DT    4.90024 -0.28906 -0.28125 0
DT    4.92069 -0.28906 -0.26563 0
CA    4.93900  0.00000  0.00000 1
DT    4.94137 -0.27344 -0.24219 0
DT    4.96249 -0.24219 -0.15625 0
DT    4.98304 -0.21875 -0.08594 0
DT    5.00146 -0.15625  0.03150 0
DT    5.02591  0.00787  0.03937 0
DT    5.04190  0.09449  0.03150 0
DT    5.05986  0.08661  0.03150 0
DT    5.08085  0.03150  0.03937 0
DT    5.09976  0.03937  0.03937 0
DT    5.12029  0.05512  0.03937 0
DT    5.13999  0.06299  0.03937 0
DT    5.15961  0.06299  0.03937 0
DT    5.18401  0.07087  0.04724 0
DT    5.20104  0.10236  0.07087 0
DT    5.22211  0.14961  0.11024 0
DT    5.24086  0.20472  0.15748 0
DT    5.26036  0.25197  0.18110 0
DT    5.28112  0.31496  0.22835 0
DT    5.30133  0.35433  0.25197 0
DT    5.32041  0.39370  0.30709 0
DT    5.34055  0.40157  0.32283 0
DT    5.36054  0.41732  0.37795 0
DT    5.38121  0.43307  0.41732 0
DT    5.40112  0.44094  0.48819 0
DT    5.42039  0.44094  0.52756 0
CA    5.43837  0.00000  0.00000 0
DT    5.44247  0.44094  0.56693 0
DT    5.46005  0.44094  0.58268 0
DT    5.48026  0.44882  0.58268 0
DT    5.50070  0.45669  0.58268 0
EL    5.50072 -0.07724  0.00000 0
DT    5.51993  0.45669  0.58268 0
EL    5.51994 -0.12449  0.00000 0
DT    5.54080  0.46457  0.58268 0
EL    5.54082 -0.17961  0.00000 0
DT    5.55947  0.46457  0.58268 0
EL    5.55948 -0.18748  0.00000 0
DT    5.58012  0.46457  0.58268 0
EL    5.58013 -0.19535  0.00000 0
DT    5.60125  0.46457  0.57480 0
EL    5.60127 -0.23472  0.00000 0
DT    5.62030  0.46457  0.57480 0
EL    5.62031 -0.30559  0.00000 0
DT    5.64020  0.46457  0.57480 0
EL    5.64022 -0.37646  0.00000 0
DT    5.66015  0.46457  0.57480 0
EL    5.66017 -0.45520  0.00000 0
DT    5.68037  0.46457  0.57480 0
EL    5.68038 -0.51031  0.00000 0
DT    5.70074  0.46457  0.57480 0
EL    5.70075 -0.53394  0.00000 0
DT    5.71985  0.46457  0.57480 0
EL    5.71987 -0.53394  0.00000 0
DT    5.74006  0.46457  0.57480 0
EL    5.74007 -0.54181  0.00000 0
DT    5.76170  0.46457  0.55906 0
EL    5.76171 -0.54969  0.00000 0
DT    5.78136  0.46457  0.55118 0
EL    5.78138 -0.57331  0.00000 0
FB    5.79938  0.00000  0.00000 0
DT    5.80365  0.46457  0.54331 0
EL    5.80366 -0.69929  0.00000 0
DT    5.82094  0.46457  0.53543 0
EL    5.82095 -0.88039  0.00000 0
DT    5.83959  0.46457  0.53543 0
EL    5.83960 -1.00638  0.00000 0
DT    5.85993  0.46457  0.52756 0
EL    5.85994 -1.03000  0.00000 0
DT    5.88016  0.46457  0.51181 0
EL    5.88017 -1.03000  0.00000 0
DT    5.89990  0.46457  0.48031 0
EL    5.89992 -1.03000  0.00000 0
DT    5.92026  0.46457  0.47244 0
EL    5.92027 -1.03000  0.00000 0
DT    5.93983  0.46457  0.46457 0
EL    5.93984 -1.03000  0.00000 0
DT    5.96056  0.46457  0.44094 0
EL    5.96058 -1.03000  0.00000 0
DT    5.98054  0.46457  0.40945 0
EL    5.98055 -1.03000  0.00000 0
DT    6.00084  0.44094  0.37795 0
EL    6.00085 -1.03000  0.00000 0
DT    6.02155  0.40157  0.31496 0
EL    6.02156 -1.03000  0.00000 0
DT    6.04042  0.33858  0.28346 0
EL    6.04043 -1.03000  0.00000 0
DT    6.06044  0.26772  0.25984 0
EL    6.06045 -1.03000  0.00000 0
DT    6.08100  0.17323  0.23622 0
EL    6.08101 -1.03000  0.00000 0
DT    6.10124  0.12598  0.22047 0
EL    6.10126 -1.03000  0.00000 0
DT    6.12056  0.07087  0.18110 0
EL    6.12058 -1.03000  0.00000 0
DT    6.14037  0.06299  0.15748 0
EL    6.14038 -1.03000  0.00000 0
DT    6.15991  0.06299  0.13386 0
EL    6.15992 -1.03000  0.00000 0
DT    6.17989  0.06299  0.13386 0
EL    6.17990 -1.03000  0.00000 0
DT    6.20012  0.06299  0.13386 0
EL    6.20013 -1.03000  0.00000 0
DT    6.21962  0.06299  0.13386 0
EL    6.21963 -1.03000  0.00000 0
DT    6.24073  0.06299  0.12598 0
EL    6.24074 -1.03000  0.00000 0
DT    6.25998  0.06299  0.11811 0
EL    6.25999 -1.03000  0.00000 0
DT    6.28036  0.06299  0.10236 0
EL    6.28038 -1.03000  0.00000 0
DT    6.29980  0.06299  0.07874 0
EL    6.29981 -1.03000  0.00000 0
DT    6.32027  0.06299  0.05512 0
EL    6.32028 -0.95913  0.00000 0
DT    6.34244  0.06299  0.04724 0
EL    6.34256 -0.81740  0.00000 0
DT    6.36088  0.06299  0.03937 0
EL    6.36089 -0.45520  0.00000 0
DT    6.38096  0.06299  0.03937 0
EL    6.38097 -0.25047  0.00000 0
DT    6.40052  0.06299  0.03937 0
EL    6.40054  0.00000  0.00000 0
DT    6.42053  0.06299  0.04724 0
DT    6.44046  0.06299  0.04724 0
DT    6.45933  0.06299  0.04724 0
DT    6.47951  0.06299  0.04724 0
DT    6.49977  0.06299  0.04724 0
DT    6.51995  0.06299  0.03937 0
DT    6.54006  0.06299  0.04724 0
DT    6.55971  0.06299  0.04724 0
DT    6.57937  0.06299  0.04724 0
DT    6.59981  0.06299  0.04724 0
DT    6.61993  0.06299  0.04724 0
DT    6.63959  0.06299  0.04724 0
DT    6.66011  0.06299  0.04724 0
DT    6.67974  0.06299  0.04724 0
DT    6.69972  0.06299  0.03937 0
DT    6.71960  0.06299  0.03937 0
DT    6.73970  0.06299  0.03937 0
DT    6.75945  0.06299  0.03937 0
DT    6.77940  0.06299  0.03937 0
DT    6.79961  0.06299  0.03937 0
DT    6.82013  0.06299  0.03937 0
EL    7.03720  0.00000  0.00000 1
XX 9999.00000 999.00000 999.00000 0
