0000    0.00097  0.00096  0.03937  0.01575 273.22103 264.28710  0.00000  0.00000
0001    0.02019  0.01909  0.03937  0.01575 273.22103 264.28710  0.00000  0.00000
0002    0.03968  0.01947  0.03937  0.01575 273.22103 264.28710  0.00000  0.00000
0003    0.06051  0.02081  0.03937  0.01575 273.22103 264.28710  0.00000  0.00000
0004    0.08121  0.02068  0.03937  0.02362 273.22103 264.28710  0.00000  0.00000
0005    0.10050  0.01927  0.03937  0.02362 273.22103 264.28710  0.00000  0.00000
0006    0.12136  0.02084  0.03937  0.02362 273.22103 264.28710  0.00000  0.00000
0007    0.13996  0.01857  0.03937  0.02362 273.22103 264.28710  0.00000  0.00000
0008    0.15997  0.01999  0.03937  0.02362 273.22103 264.28710  0.00000  0.00000
0009    0.18028  0.02029  0.03937  0.02362 273.22103 264.28710  0.00000  0.00000
0010    0.20005  0.01975  0.03937  0.02362 273.22103 264.28710  0.00000  0.00000
0011    0.22034  0.02026  0.03937  0.02362 273.22103 264.28710  0.00000  0.00000
0012    0.23992  0.01957  0.03937  0.02362 273.22103 264.28710  0.00000  0.00000
0013    0.26013  0.02019  0.03937  0.02362 273.22103 264.28710  0.00000  0.00000
0014    0.28086  0.02070  0.03937  0.02362 273.22103 264.28710  0.00000  0.00000
0015    0.30092  0.02004  0.03937  0.02362 273.22103 264.28710  0.00000  0.00000
0016    0.32007  0.01911  0.03937  0.02362 273.22103 264.28710  0.00000  0.00000
0017    0.33999  0.01990  0.03937  0.02362 273.22103 264.28710  0.00000  0.00000
0018    0.36000  0.01999  0.03937  0.02362 273.22103 264.28710  0.00000  0.00000
0019    0.38045  0.02043  0.03937  0.02362 273.22103 264.28710  0.00000  0.00000
0020    0.39978  0.01931  0.03937  0.02362 273.22103 264.28710  0.00000  0.00000
0021    0.41978  0.01998  0.03937  0.02362 273.22103 264.28710  0.00000  0.00000
0022    0.44072  0.02092  0.03937  0.02362 273.22103 264.28710  0.00000  0.00000
0023    0.45999  0.01924  0.03937  0.02362 273.22103 264.28710  0.00000  0.00000
0024    0.48014  0.02013  0.03937  0.02362 273.22103 264.28710  0.00000  0.00000
0025    0.50062  0.02046  0.03937  0.02362 273.22103 264.28710  0.00000  0.00000
0026    0.52062  0.01998  0.03937  0.02362 273.22103 264.28710  0.00000  0.00000
0027    0.54143  0.02080  0.03937  0.02362 273.22103 264.28710  0.00000  0.00000
0028    0.56075  0.01929  0.03937  0.02362 273.22103 264.28710  0.00000  0.00000
0029    0.58030  0.01953  0.03937  0.02362 273.22103 264.28710  0.00000  0.00000
0030    0.60079  0.02047  0.03937  0.02362 273.22103 264.28710  0.00000  0.00000
0031    0.62049  0.01968  0.03937  0.02362 273.22103 264.28710  0.00000  0.00000
0032    0.64047  0.01996  0.04724  0.02362 273.22103 264.28710  0.00000  0.00000
0033    0.66117  0.02067  0.09449  0.04724 273.22103 264.28710  0.00000  0.00000
0034    0.68197  0.02078  0.13386  0.08661 273.22103 264.28710  0.00000  0.00000
0035    0.70214  0.02015  0.17323  0.16535 273.22103 264.28710  0.00000  0.00000
0036    0.72353  0.02123  0.22835  0.19685 273.17194 264.28710  0.00000  0.00000
0037    0.74161  0.01805  0.30709  0.27559 273.12285 264.28710 -1.83347  0.00000
0038    0.76167  0.02004  0.35433  0.30709 273.07376 264.18893 -2.41460 -3.76540
0039    0.78157  0.01989  0.37795  0.35433 272.92650 264.09075 -3.65111 -4.33245
0040    0.80165  0.02005  0.41732  0.39370 272.77924 263.89440 -4.58723 -5.74048
0041    0.82154  0.01988  0.44094  0.41732 272.58289 263.69805 -7.74402 -7.41715
0042    0.84140  0.01983  0.48031  0.45669 272.28836 263.45261 -12.16035 -11.25049
0043    0.86234  0.02064  0.51969  0.47244 271.94475 263.15809 -15.74859 -14.13609
0044    0.88222  0.01961  0.55906  0.50394 271.55205 262.81448 -19.14911 -16.55713
0045    0.90146  0.01907  0.57480  0.51969 271.11026 262.37269 -22.12290 -20.44605
0046    0.92198  0.02049  0.59055  0.54331 270.61939 261.93090 -25.21886 -23.10799
0047    0.94124  0.01924  0.59055  0.55906 270.03034 261.44003 -28.42447 -25.89973
0048    0.96165  0.02039  0.59843  0.58268 269.39220 260.80189 -32.14826 -29.17421
0049    0.98170  0.02003  0.60630  0.59843 268.70498 260.16375 -35.04986 -32.18167
0050    1.00066  0.01894  0.60630  0.60630 268.01775 259.52561 -37.78810 -35.63870
0051    1.02082  0.02014  0.60630  0.61417 267.18326 258.74021 -40.16619 -38.85334
0052    1.04031  0.01947  0.60630  0.61417 266.34878 257.90573 -42.84125 -42.10249
0053    1.06103  0.02070  0.60630  0.62205 265.46520 257.02215 -45.09253 -45.58265
0054    1.08107  0.02002  0.60630  0.62205 264.48345 256.04040 -48.09341 -47.77233
0055    1.09986  0.01876  0.60630  0.62205 263.55079 255.15683 -49.95929 -49.65732
0056    1.12098  0.02110  0.60630  0.62992 262.47086 254.07690 -51.49597 -51.92466
0057    1.14083  0.01983  0.60630  0.63780 261.44003 252.99698 -53.75417 -53.86358
0058    1.16520  0.02435  0.60630  0.63780 260.11466 251.67161 -55.43697 -55.77650
0059    1.18166  0.01643  0.61417  0.63780 259.13291 250.68986 -59.36759 -58.46917
0060    1.20031  0.01863  0.61417  0.63780 258.00390 249.60994 -60.08630 -59.41286
0061    1.22052  0.02020  0.61417  0.63780 256.77671 248.38275 -61.01237 -62.31948
0062    1.24051  0.01997  0.61417  0.63780 255.54953 247.10648 -63.41727 -63.67847
0063    1.26092  0.02039  0.61417  0.63780 254.22416 245.78111 -63.75704 -63.91560
0064    1.28148  0.02054  0.61417  0.63780 252.89880 244.45575 -65.55883 -67.56710
0065    1.30058  0.01908  0.61417  0.63780 251.62253 243.13039 -66.17216 -68.32417
0066    1.32033  0.01973  0.61417  0.63780 250.29716 241.80503 -67.04569 -67.99341
0067    1.34043  0.02008  0.61417  0.63780 248.92271 240.43058 -69.65829 -68.64569
0068    1.36076  0.02031  0.61417  0.64567 247.54826 238.95795 -67.61876 -71.56030
0069    1.38023  0.01945  0.61417  0.64567 246.12472 237.58350 -73.46668 -72.30287
0070    1.40152  0.02126  0.62205  0.65354 244.60301 236.01270 -73.34867 -74.09769
0071    1.42082  0.01929  0.62205  0.66142 243.17948 234.54008 -74.78576 -76.11527
0072    1.44021  0.01937  0.62205  0.66142 241.65776 233.06745 -76.76399 -77.94141
0073    1.46044  0.02021  0.62205  0.66142 240.08696 231.44756 -78.81617 -82.18370
0074    1.48141  0.02095  0.62205  0.66929 238.46708 229.68041 -79.40841 -83.10478
0075    1.50069  0.01925  0.62205  0.66929 236.94536 228.10961 -78.92452 -82.62150
0076    1.52047  0.01969  0.62205  0.66929 235.32547 226.44064 -80.61205 -84.90737
0077    1.54094  0.02044  0.62205  0.67717 233.65650 224.72258 -82.62359 -83.14278
0078    1.56012  0.01916  0.62205  0.67717 232.08570 223.15178 -82.15206 -83.91384
0079    1.58088  0.02074  0.62205  0.66929 230.36764 221.38463 -83.39563 -85.64437
0080    1.60025  0.01935  0.62205  0.66929 228.74775 219.71565 -82.83971 -84.92427
0081    1.62010  0.01983  0.62205  0.66929 227.07878 217.99759 -84.89122 -88.66401
0082    1.64017  0.02004  0.62205  0.66929 225.31163 216.23044 -87.14892 -89.35154
0083    1.66046  0.02027  0.62205  0.66929 223.59356 214.41420 -86.28949 -89.81502
0084    1.68058  0.02011  0.62205  0.66929 221.82641 212.59796 -88.51373 -88.31785
0085    1.70006  0.01946  0.62205  0.66929 220.05926 210.83081 -89.57736 -89.44189
0086    1.72070  0.02062  0.62205  0.66929 218.24303 208.96549 -88.55604 -91.66581
0087    1.73995  0.01922  0.62205  0.66929 216.52496 207.24743 -88.84937 -91.64699
0088    1.76027  0.02031  0.62205  0.66929 214.75781 205.38210 -88.54726 -91.72148
0089    1.78035  0.02005  0.62205  0.66929 212.94158 203.51678 -88.94516 -92.84390
0090    1.80035  0.01999  0.62205  0.66929 211.22351 201.65145 -89.50631 -93.74463
0091    1.82032  0.01995  0.62205  0.66929 209.35819 199.78613 -92.80529 -92.79388
0092    1.84017  0.01983  0.62205  0.66929 207.49286 197.96989 -92.62666 -93.01632
0093    1.86068  0.02049  0.62205  0.67717 205.62754 196.05548 -91.16107 -93.88268
0094    1.88075  0.02005  0.62205  0.67717 203.76221 194.14106 -92.25933 -95.92461
0095    1.90152  0.02075  0.62205  0.68504 201.84780 192.12848 -92.52104 -96.23302
0096    1.92102  0.01948  0.62205  0.68504 200.03156 190.26315 -93.26373 -95.37572
0097    1.94075  0.01971  0.62205  0.68504 198.21533 188.39782 -93.10276 -93.95366
0098    1.96126  0.02049  0.62205  0.69291 196.30091 186.43433 -93.36484 -95.27021
0099    1.98048  0.01921  0.62205  0.69291 194.48468 184.56900 -95.83378 -97.13661
0100    2.00002  0.01952  0.62205  0.69291 192.57026 182.60550 -97.94483 -102.41605
0101    2.02036  0.02032  0.62205  0.69291 190.60676 180.54383 -97.33500 -102.47698
0102    2.04040  0.02002  0.61417  0.69291 188.64326 178.48215 -98.45560 -103.23344
0103    2.06007  0.01966  0.61417  0.69291 186.72885 176.46956 -96.56051 -102.49945
0104    2.08066  0.02056  0.61417  0.69291 184.71626 174.40789 -99.37244 -98.59105
0105    2.10162  0.02095  0.59843  0.70079 182.60550 172.29713 -100.59429 -103.47826
0106    2.12099  0.01934  0.54331  0.70079 180.69109 170.33362 -98.29295 -100.93455
0107    2.14169  0.02068  0.48819  0.70079 178.67850 168.17378 -97.34948 -103.69905
0108    2.16115  0.01944  0.40945  0.70079 176.81318 166.16119 -95.24248 -105.78291
0109    2.18247  0.02130  0.33858  0.70866 174.80059 163.95225 -95.11699 -104.09708
0110    2.20143  0.01893  0.26772  0.71654 173.03344 161.98875 -90.24599 -99.41269
0111    2.22095  0.01951  0.18110  0.71654 171.31538 159.97616 -85.44535 -103.26819
0112    2.24173  0.02076  0.13386  0.72441 169.69549 157.86540 -76.63994 -102.40003
0113    2.26121  0.01945  0.03937  0.73228 168.22286 155.90190 -73.24525 -102.04347
0114    2.28177  0.02055  0.04724  0.74016 166.79933 153.79114 -69.31109 -104.13794
0115    2.30076  0.01897  0.01575  0.74016 165.47396 151.77855 -69.78157 -108.74020
0116    2.32052  0.01973  0.00000  0.74016 163.95225 149.56961 -83.59801 -109.81052
0117    2.34090  0.02037 -0.04688  0.74016 162.23419 147.36068 -82.35674 -109.14154
0118    2.36038  0.01946 -0.10156  0.74016 160.81065 145.24991 -65.29330 -108.83905
0119    2.38051  0.02011 -0.17969  0.74016 159.82890 142.94280 -47.08994 -114.41241
0120    2.40129  0.02077 -0.22656  0.73228 158.65080 140.63569 -60.17837 -110.94098
0121    2.42055  0.01923 -0.28906  0.73228 157.61996 138.52493 -51.23181 -108.66197
0122    2.44130  0.02074 -0.32813  0.72441 156.93274 136.31599 -30.23365 -103.41286
0123    2.46112  0.01980 -0.33594  0.71654 156.58913 134.25431 -19.86829 -104.80161
0124    2.48203  0.02089 -0.34375  0.67717 156.19643 132.09446 -18.40151 -99.93078
0125    2.50191  0.01985 -0.35156  0.66142 155.55829 130.13096 -31.32288 -98.22116
0126    2.52156  0.01963 -0.35156  0.55906 154.96924 128.21655 -29.88093 -101.87828
0127    2.54091  0.01933 -0.35156  0.48819 154.47836 126.25305 -24.72623 -98.99767
0128    2.56067  0.01974 -0.35156  0.32283 154.13475 124.33864 -18.52177 -94.39087
0129    2.58056  0.01987 -0.35156  0.32283 154.13475 122.62058 -16.28717 -83.03800
0130    2.60156  0.02097 -0.34375  0.22047 154.33110 120.95160 -1.77391 -78.18846
0131    2.62108  0.01950 -0.34375  0.16535 154.67471 119.47897 16.02271 -74.61467
0132    2.64039  0.01929 -0.34375  0.11024 155.01833 118.10453 18.47885 -68.89280
0133    2.66094  0.02052 -0.34375  0.07874 155.01833 116.68099 17.09306 -68.42894
0134    2.68100  0.02004 -0.34375  0.02362 154.96924 115.40471  7.53355 -64.58712
0135    2.70064  0.01963 -0.34375  0.01575 155.11650 114.07935  5.11857 -67.37051
0136    2.71994  0.01928 -0.34375  0.01575 155.26376 112.85216  4.56670 -65.59299
0137    2.73960  0.01965 -0.34375  0.01575 155.50920 111.52680  7.08507 -65.48536
0138    2.75963  0.02001 -0.34375  0.01575 155.70555 110.29961 10.26659 -62.48051
0139    2.77965  0.01999 -0.34375  0.01575 155.95099 109.07243 11.02826 -58.44898
0140    2.80025  0.02058 -0.35156  0.01575 156.24551 107.89433 13.01515 -56.53483
0141    2.81989  0.01962 -0.35156  0.01575 156.49095 106.81440 14.02428 -53.94705
0142    2.83963  0.01972 -0.35156  0.01575 156.83456 105.78356 16.05518 -52.45876
0143    2.86009  0.02044 -0.35156  0.00787 157.17818 104.75273 17.07326 -48.94214
0144    2.88131  0.02119 -0.34375  0.00000 157.61996 103.82006 18.44181 -44.46170
0145    2.90063  0.01931 -0.34375  0.01575 158.01266 103.03466 20.43792 -40.69261
0146    2.92081  0.02015 -0.34375  0.00787 158.40536 102.24926 20.90075 -38.10121
0147    2.94051  0.01968 -0.32813  0.00787 158.84715 101.56204 21.21428 -35.54013
0148    2.96024  0.01971 -0.32813  0.00000 159.28894 100.87481 22.29102 -32.22117
0149    2.98167  0.02141 -0.32031 -0.03906 159.68164 100.28576 20.21247 -28.82777
0150    2.99998  0.01829 -0.32031 -0.06250 160.02525 99.79489 19.18511 -25.70571
0151    3.02035  0.02035 -0.32031 -0.10938 160.41795 99.35310 18.35997 -22.56897
0152    3.04030  0.01993 -0.32031 -0.11719 160.76156 99.10766 17.29691 -16.62698
0153    3.06018  0.01986 -0.32031 -0.14063 161.05609 98.86223 16.51346 -13.08770
0154    3.08103  0.02082 -0.32031 -0.15625 161.39970 98.61679 15.73733 -12.17670
0155    3.10046  0.01941 -0.32031 -0.18750 161.69423 98.42044 15.35066 -10.96454
0156    3.12024  0.01976 -0.32031 -0.21094 161.98875 98.37135 15.10763 -9.91510
0157    3.14086  0.02060 -0.32031 -0.25781 162.33236 98.37135 15.55881 -9.91510
0158    3.16118  0.02030 -0.31250 -0.29688 162.67598 98.37135 17.13423 -9.91510
0159    3.18160  0.02040 -0.29688 -0.38281 163.06867 98.51861 18.51105 -2.55237
0160    3.20090  0.01928 -0.28125 -0.42969 163.46138 98.66588 19.49414  0.00000
0161    3.22063  0.01971 -0.26563 -0.45313 163.80499 98.91131 19.16593  4.35460
0162    3.24155  0.02085 -0.25000 -0.48438 164.24677 99.25493 19.85439 14.96855
0163    3.26109  0.01949 -0.24219 -0.50000 164.63948 99.69671 20.21555 21.47624
0164    3.28057  0.01946 -0.24219 -0.50781 165.03218 100.18759 20.73963 25.27346
0165    3.30040  0.01981 -0.24219 -0.50781 165.47396 100.72755 21.33326 28.33767
0166    3.32084  0.02042 -0.24219 -0.50000 165.91575 101.36569 21.52271 30.86197
0167    3.33975  0.01888 -0.24219 -0.50000 166.30845 102.00382 21.83399 32.86522
0168    3.36014  0.02037 -0.24219 -0.50000 166.79933 102.69105 22.43897 34.09245
0169    3.37951  0.01935 -0.24219 -0.50000 167.24111 103.37828 22.88403 36.68955
0170    3.40046  0.02094 -0.26563 -0.50000 167.73199 104.16368 23.46680 37.40499
0171    3.42086  0.02038 -0.27344 -0.49219 168.22286 104.94908 24.98034 38.55398
0172    3.44070  0.01981 -0.28906 -0.48438 168.71374 105.73448 25.53688 40.03972
0173    3.46096  0.02024 -0.29688 -0.47656 169.25370 106.56896 26.60403 40.94617
0174    3.48073  0.01976 -0.30469 -0.46875 169.84275 107.35436 27.99848 40.52080
0175    3.50035  0.01960 -0.32031 -0.46875 170.43180 108.18885 30.47427 42.14967
0176    3.52090  0.02052 -0.33594 -0.46094 171.06994 109.12151 32.55981 44.93711
0177    3.54099  0.02007 -0.35156 -0.45313 171.80625 110.00509 34.96510 44.80238
0178    3.56105  0.02005 -0.35938 -0.45313 172.49348 110.93775 35.87179 45.74471
0179    3.57951  0.01844 -0.35938 -0.45313 173.18070 111.77224 36.95972 46.64871
0180    3.60014  0.02061 -0.35938 -0.44531 173.91701 112.75399 36.42506 48.03952
0181    3.62026  0.02010 -0.35938 -0.43750 174.70241 113.73574 37.74757 48.16183
0182    3.64021  0.01993 -0.36719 -0.43750 175.48781 114.66840 39.52677 47.51453
0183    3.66040  0.02017 -0.36719 -0.42188 176.27321 115.65015 40.82036 47.67211
0184    3.68063  0.02021 -0.37500 -0.41406 177.10770 116.63190 40.86692 48.48172
0185    3.70080  0.02015 -0.38281 -0.39844 177.94219 117.61365 41.51619 48.23447
0186    3.72132  0.02050 -0.39063 -0.39063 178.82576 118.59540 43.15157 49.44922
0187    3.74004  0.01870 -0.39063 -0.38281 179.66025 119.52806 44.73929 48.39759
0188    3.75960  0.01954 -0.39063 -0.38281 180.54383 120.50981 46.65868 49.88592
0189    3.78023  0.02060 -0.39063 -0.38281 181.52558 121.54065 48.03388 50.36191
0190    3.80042  0.02016 -0.38281 -0.38281 182.55641 122.57149 49.00566 51.39433
0191    3.82028  0.01984 -0.38281 -0.38281 183.53816 123.60233 49.64727 51.62540
0192    3.83953  0.01922 -0.38281 -0.38281 184.51991 124.58408 51.22887 52.20658
0193    3.85992  0.02037 -0.37500 -0.38281 185.50166 125.66400 49.13787 51.82434
0194    3.88108  0.02114 -0.36719 -0.37500 186.53250 126.74393 47.58662 50.58403
0195    3.90082  0.01972 -0.35938 -0.36719 187.46516 127.72568 47.35639 50.06757
0196    3.92106  0.02021 -0.35156 -0.35938 188.44691 128.75651 49.81682 50.21919
0197    3.94074  0.01966 -0.34375 -0.35156 189.42866 129.73826 48.97412 50.03797
0198    3.96139  0.02061 -0.33594 -0.34375 190.45950 130.76910 49.23595 51.69908
0199    3.98116  0.01975 -0.33594 -0.33594 191.44125 131.79994 50.26393 51.90654
0200    4.00053  0.01935 -0.33594 -0.33594 192.37391 132.78169 47.15803 51.08917
0201    4.02239  0.02185 -0.32813 -0.32813 192.96296 133.61618 28.23604 35.10952
0202    4.04023  0.01782 -0.32813 -0.32813 193.01205 133.81253 24.30453 23.26532
0203    4.06109  0.02084 -0.32031 -0.32031 192.81570 133.71435  3.91935  8.32253
0204    4.08113  0.02001 -0.31250 -0.32031 192.61935 133.76344 -3.11997  8.32253
0205    4.10083  0.01958 -0.31250 -0.32031 192.52118 133.76344 -5.76792  8.32253
0206    4.11965  0.01879 -0.31250 -0.32031 192.47209 133.71435 -5.14718  8.32253
0207    4.14060  0.02093 -0.31250 -0.31250 192.47209 133.71435 -5.14718  8.32253
0208    4.16078  0.02016 -0.30469 -0.30469 192.57026 133.86161 -3.55511  2.78728
0209    4.18122  0.02041 -0.29688 -0.29688 192.86479 134.20522  1.90595  2.68410
0210    4.20182  0.02059 -0.28906 -0.28906 193.20840 134.74519 18.24268 23.95225
0211    4.22146  0.01962 -0.27344 -0.28125 193.35566 134.79428 15.44885 19.88266
0212    4.24127  0.01979 -0.26563 -0.28125 193.35566 134.69610 15.44885  7.59944
0213    4.26128  0.01999 -0.23438 -0.27344 193.35566 134.79428 15.44885  4.68438
0214    4.28083  0.01953 -0.20313 -0.26563 193.35566 134.84336 15.44885  4.28619
0215    4.30085  0.02000 -0.14063 -0.25781 193.35566 134.89245 15.44885  3.21548
0216    4.32082  0.01995 -0.06250 -0.24219 193.40475 134.84336  3.80856  3.21548
0217    4.34101  0.02007  0.03150 -0.22656 193.35566 134.84336  3.80856  3.21548
0218    4.36090  0.01987  0.04724 -0.21875 193.30658 134.84336  2.34796  3.21548
0219    4.38071  0.01978  0.03937 -0.19531 193.25749 134.84336  1.59130  3.21548
0220    4.40101  0.02028  0.03937 -0.17969 193.20840 134.84336  0.97471  3.21548
0221    4.42123  0.02020  0.06299 -0.10938 193.11022 134.79428  0.00000  0.89592
0222    4.44087  0.01963  0.11024 -0.05469 193.06114 134.79428 -0.42368  0.89592
0223    4.46116  0.02027  0.25197  0.02362 192.96296 134.79428 -1.19936  0.89592
0224    4.48098  0.01980  0.39370  0.03150 192.91388 134.79428 -1.49192  0.89592
0225    4.50130  0.02030  0.62205  0.01575 192.76661 134.79428 -3.93113  0.89592
0226    4.52043  0.01910  0.71654  0.01575 192.57026 134.79428 -5.54159  0.89592
0227    4.54027  0.01983  0.86614  0.01575 192.27574 134.74519 -11.66132  0.30532
0228    4.56375  0.02346  0.91339  0.01575 191.83395 134.69610 -19.45265  0.00000
0229    4.58270  0.01892  0.96063  0.01575 191.34308 134.64701 -25.26539 -0.26930
0230    4.61366  0.03087  0.98425  0.00787 190.36133 134.49975 -33.09299 -0.51357
0231    4.63911  0.02542  1.00000  0.00787 189.42866 134.35249 -38.77048 -1.39962
0232    4.65995  0.02058  1.00000  0.00787 188.49600 134.20522 -44.71891 -4.51285
0233    4.67610  0.01612  1.00000  0.00787 187.75969 134.05796 -46.71997 -6.38975
0234    4.68108  0.00496  1.00000  0.00787 187.51425 134.00888 -47.45046 -6.93271
0235    4.70006  0.01897  1.00000  0.00787 186.53250 133.81253 -53.51040 -9.07414
0236    4.72102  0.02093  1.00000  0.00787 185.35440 133.56709 -57.39818 -11.32633
0237    4.74000  0.01896  1.00000  0.00787 184.22539 133.27256 -61.17890 -13.88651
0238    4.76038  0.02036  1.00000  0.01575 182.90003 132.92895 -63.45416 -16.54095
0239    4.78014  0.01974  1.00000  0.01575 181.67284 132.53625 -62.02420 -18.84079
0240    4.79957  0.01941  1.00000  0.01575 180.39656 132.14355 -65.82079 -20.60933
0241    4.81966  0.02007  1.00000  0.01575 179.07120 131.65268 -65.53870 -23.75899
0242    4.83949  0.01981  1.00000  0.01575 177.79493 131.16180 -66.49531 -25.47981
0243    4.85954  0.02003  1.00000  0.01575 176.42048 130.62184 -67.78309 -27.48360
0244    4.88069  0.02112  1.00000  0.00000 174.99694 129.98370 -68.17566 -29.56232
0245    4.90016  0.01945  1.00000 -0.03906 173.57340 129.39465 -74.67313 -31.66946
0246    4.92024  0.02006  1.00000 -0.04688 172.10078 128.70743 -73.81412 -32.60837
0247    4.94035  0.02009  1.00000 -0.05469 170.52998 128.11838 -77.64859 -30.79333
0248    4.96077  0.02040  1.00000 -0.06250 168.95918 127.57841 -78.80858 -26.83374
0249    4.98069  0.01991  1.00000 -0.05469 167.33929 126.98936 -80.94838 -28.06283
0250    5.00001  0.01929  1.00000 -0.05469 165.76849 126.44940 -83.83144 -27.92172
0251    5.02049  0.02046  1.00000 -0.04688 164.05043 125.90944 -82.12801 -27.85762
0252    5.04076  0.02025  1.00000 -0.03906 162.43054 125.36948 -79.55770 -27.02439
0253    5.05974  0.01896  1.00000 -0.03906 160.85974 124.87860 -85.36140 -25.09926
0254    5.07961  0.01985  1.00000 -0.03906 159.14168 124.38773 -86.70099 -23.29640
0255    5.10041  0.02078  1.00000 -0.02344 157.27635 123.94594 -92.22553 -22.49192
0256    5.11954  0.01911  1.00000 -0.02344 155.46011 123.55324 -93.87371 -21.46258
0257    5.13991  0.02035  1.00000 -0.02344 153.49661 123.06236 -99.67511 -23.39438
0258    5.15983  0.01990  1.00000 -0.02344 151.48403 122.57149 -99.25389 -23.70690
0259    5.18034  0.02049  1.00000 -0.03125 149.47144 122.08061 -98.24180 -24.07554
0260    5.20064  0.02027  1.00000 -0.05469 147.50794 121.54065 -96.21981 -26.41719
0261    5.22034  0.01968  1.00000 -0.07813 145.59353 121.04978 -99.91553 -26.38560
0262    5.24067  0.02032  1.00000 -0.10938 143.53185 120.60799 -101.22595 -21.76800
0263    5.26055  0.01986  1.00000 -0.14063 141.47018 120.21529 -104.50041 -20.47146
0264    5.28015  0.01957  1.00000 -0.21094 139.40850 119.87168 -103.23344 -17.55752
0265    5.30063  0.02046  1.00000 -0.26563 137.29774 119.62624 -102.82473 -15.27260
0266    5.32043  0.01978  1.00000 -0.28125 135.23606 119.42989 -105.55771 -11.19700
0267    5.34047  0.02002  1.00000 -0.28906 133.12530 119.38080 -106.51745 -9.59064
0268    5.36011  0.01962  1.00000 -0.28906 131.06363 119.28263 -105.79773 -7.11204
0269    5.38046  0.02033  1.00000 -0.25781 128.85469 119.23354 -107.83721 -6.15581
0270    5.40094  0.02045  1.00000 -0.19531 126.64575 119.23354 -109.30194 -6.15581
0271    5.42049  0.01954  1.00000 -0.10156 124.53499 119.28263 -108.71371 -6.15581
0272    5.44119  0.02068  1.00000 -0.00781 122.27696 119.28263 -110.21858 -6.15581
0273    5.46162  0.02041  1.00000  0.01575 119.96985 119.33171 -114.64756 -2.53920
0274    5.48112  0.01948  0.99213  0.01575 117.76091 119.38080 -112.68681 -1.69065
0275    5.50068  0.01954  0.92913  0.01575 115.55198 119.38080 -111.00621 -1.69065
0276    5.52112  0.02042  0.87402  0.03150 113.29395 119.38080 -107.31267 -1.69065
0277    5.54066  0.01953  0.75591  0.11811 111.33045 119.38080 -97.07418 -1.69065
0278    5.56112  0.02044  0.68504  0.15748 109.31786 119.38080 -98.93482 -1.69065
0279    5.58069  0.01955  0.62205  0.25197 107.35436 119.28263 -97.92334 -1.07384
0280    5.60062  0.01991  0.59843  0.36220 105.53813 119.13536 -91.44382 -1.06271
0281    5.62084  0.02020  0.52756  0.52756 103.67280 118.59540 -89.70095 -29.06056
0282    5.64067  0.01981  0.43307  0.55118 101.95474 118.05544 -85.56749 -26.30726
0283    5.66115  0.02046  0.28346  0.58268 100.28576 117.51548 -79.57253 -25.44686
0284    5.68087  0.01970  0.21260  0.59843 98.76405 116.97551 -73.53712 -29.14952
0285    5.70091  0.02002  0.05512  0.62205 97.38960 116.09194 -66.40086 -45.77649
0286    5.72093  0.02000  0.05512  0.65354 96.16241 115.01201 -60.99758 -58.26894
0287    5.74048  0.01953  0.05512  0.67717 95.08249 113.78483 -55.41163 -62.03399
0288    5.76051  0.02002  0.06299  0.68504 94.05165 112.60673 -50.80733 -58.53820
0289    5.77961  0.01908  0.06299  0.68504 93.16808 111.57589 -46.42459 -52.45512
0290    5.80022  0.02060  0.05512  0.68504 92.23541 110.44687 -44.53411 -55.39631
0291    5.81994  0.01970  0.05512  0.68504 91.40093 109.31786 -42.85733 -58.31289
0292    5.83964  0.01968  0.05512  0.68504 90.51735 108.09068 -42.68460 -63.17568
0293    5.85958  0.01991  0.05512  0.68504 89.68286 106.81440 -41.95387 -65.33675
0294    5.88034  0.02074  0.05512  0.68504 88.79929 105.39086 -44.22815 -67.21691
0295    5.89999  0.01963  0.05512  0.68504 87.96480 104.06550 -41.19963 -69.03523
0296    5.92021  0.02020  0.05512  0.68504 87.17940 102.64196 -37.73016 -69.66570
0297    5.93978  0.01955  0.05512  0.68504 86.49218 101.26751 -35.60277 -71.37145
0298    5.95961  0.01980  0.05512  0.68504 85.80495 99.84398 -33.99835 -69.77662
0299    5.97991  0.02029  0.05512  0.68504 85.16681 98.46953 -32.98681 -68.87492
0300    5.99976  0.01982  0.05512  0.68504 84.52867 96.99690 -30.41329 -73.06808
0301    6.01957  0.01979  0.05512  0.68504 83.93962 95.57336 -29.34942 -74.75614
0302    6.03991  0.02032  0.05512  0.68504 83.35057 94.00256 -30.97541 -75.62802
0303    6.05966  0.01972  0.05512  0.68504 82.71244 92.48085 -30.79275 -79.32756
0304    6.07966  0.01998  0.05512  0.68504 82.12339 90.91005 -30.68496 -80.22144
0305    6.10019  0.02051  0.05512  0.68504 81.48525 89.24108 -31.59221 -80.72606
0306    6.12022  0.02001  0.05512  0.68504 80.84711 87.57210 -30.37123 -82.67856
0307    6.14043  0.02019  0.05512  0.68504 80.25806 85.95221 -28.56407 -79.59060
0308    6.16044  0.01998  0.05512  0.68504 79.76719 84.38141 -26.58516 -79.67780
0309    6.17996  0.01951  0.05512  0.68504 79.22723 82.85970 -26.12017 -76.92941
0310    6.19998  0.01999  0.05512  0.68504 78.68726 81.33799 -26.59221 -75.89051
0311    6.22011  0.02010  0.05512  0.70079 78.19639 79.76719 -26.03711 -76.84089
0312    6.24021  0.02007  0.05512  0.71654 77.65643 78.24548 -26.07251 -76.85714
0313    6.26016  0.01993  0.05512  0.72441 77.11646 76.67468 -26.26138 -76.96077
0314    6.28044  0.02026  0.05512  0.74016 76.62559 75.10388 -25.07407 -79.41419
0315    6.30030  0.01984  0.05512  0.74803 76.13471 73.48399 -25.19375 -82.16856
0316    6.31964  0.01932  0.05512  0.74803 75.59475 71.86410 -26.43839 -85.37179
0317    6.34010  0.02044  0.05512  0.74803 75.05479 70.09695 -26.59992 -86.85670
0318    6.36042  0.02030  0.05512  0.74803 74.51483 68.37889 -27.09165 -87.49064
0319    6.37990  0.01946  0.05512  0.74803 73.97486 66.66083 -27.26591 -85.67576
0320    6.40031  0.02039  0.05512  0.74016 73.43490 64.99185 -28.31282 -81.69812
0321    6.42035  0.02002  0.05512  0.70079 72.84585 63.32287 -28.69263 -81.93198
0322    6.44036  0.01999  0.05512  0.65354 72.25680 61.75208 -29.37059 -77.84562
0323    6.46063  0.02025  0.05512  0.58268 71.66775 60.23036 -28.74312 -73.39089
0324    6.48020  0.01955  0.05512  0.46457 71.12779 58.75774 -27.40344 -72.48437
0325    6.50017  0.01995  0.05512  0.38583 70.58783 57.38329 -26.42615 -69.16265
0326    6.52087  0.02068  0.04724  0.31496 70.09695 55.95975 -24.97888 -67.02875
0327    6.54082  0.01992  0.03150  0.29921 69.65516 54.63439 -22.84904 -64.98686
0328    6.56126  0.02043  0.02362  0.28346 69.11520 53.35811 -25.44020 -62.85292
0329    6.58109  0.01981  0.00787  0.22835 68.47706 52.18001 -32.98935 -58.23679
0330    6.60104  0.01993  0.00000  0.19685 67.78984 51.05100 -32.82610 -56.22305
0331    6.62149  0.02043 -0.04688  0.11811 67.10261 49.92199 -34.47107 -55.20939
0332    6.64132  0.01981 -0.07813  0.04724 66.41539 48.84206 -34.47846 -52.33237
0333    6.66075  0.01941 -0.09375  0.01575 65.92451 47.90940 -26.07313 -46.77495
0334    6.68040  0.01963 -0.11719  0.01575 65.43364 46.97674 -24.54670 -50.87578
0335    6.70013  0.01970 -0.13281  0.01575 64.94276 45.89681 -24.94816 -55.31298
0336    6.71968  0.01953 -0.13281  0.01575 64.50098 44.86598 -23.22932 -53.08077
0337    6.73975  0.02005 -0.13281  0.01575 64.05919 43.83514 -21.60213 -50.08469
0338    6.76009  0.02032 -0.15625  0.01575 63.66649 42.90248 -20.85781 -46.35291
0339    6.78020  0.02009 -0.17188  0.01575 63.32287 42.01890 -18.18039 -41.38843
0340    6.80063  0.02041 -0.19531  0.01575 63.07744 41.23350 -14.09428 -37.31967
0341    6.82120  0.02055 -0.21875  0.01575 62.88109 40.54628 -11.11672 -35.48541
0342    6.84415  0.02293 -0.25000  0.03937 62.68474 39.76088 -8.92681 -32.91481
0343    6.86120  0.01703 -0.28125  0.05512 62.63565 39.22091 -8.30093 -30.31122
0344    6.88045  0.01923 -0.30469  0.05512 62.53748 38.68095 -7.04400 -27.81587
0345    6.90055  0.02007 -0.33594  0.05512 62.43930 38.23916 -6.03977 -23.34499
0346    6.92050  0.01993 -0.35156  0.05512 62.39021 37.84646 -5.46711 -20.29512
0347    6.94062  0.02009 -0.37500  0.05512 62.39021 37.45376 -5.46711 -19.76119
0348    6.96005  0.01941 -0.38281  0.05512 62.39021 37.06106 -5.46711 -19.02956
0349    6.98049  0.02043 -0.39063  0.05512 62.39021 36.76654 -5.46711 -16.71226
0350    7.00027  0.01976 -0.39063  0.05512 62.43930 36.52110 -5.46711 -14.19231
0351    7.02056  0.02027 -0.39063  0.06299 62.48839 36.32475 -2.12855 -12.08575
0352    7.04013  0.01955 -0.39063  0.06299 62.53748 36.12840 -1.50020 -10.16135
0353    7.06014  0.01998 -0.39063  0.07087 62.63565 36.03023 -0.46048 -8.47828
0354    7.08025  0.02009 -0.39063  0.07874 62.73382 36.03023  0.45346 -8.47828
0355    7.10065  0.02038 -0.35938  0.07874 62.83200 36.03023  1.38120 -8.47828
0356    7.12071  0.02004 -0.32813  0.08661 63.02835 36.07931  5.27103 -8.47828
0357    7.14092  0.02019 -0.31250  0.07874 63.17561 36.07931  7.28153 -8.47828
0358    7.16070  0.01976 -0.29688  0.08661 63.37196 36.07931  8.83272 -8.47828
0359    7.18004  0.01932 -0.29688  0.08661 63.51923 36.12840  8.80658 -2.39330
0360    7.20105  0.02099 -0.29688  0.09449 63.71558 36.17749  8.27986 -1.63174
0361    7.22072  0.01965 -0.29688  0.10236 63.81375 36.27566  7.76273 -0.48432
0362    7.24041  0.01967 -0.29688  0.11024 63.96101 36.32475  6.96861  0.00000
0363    7.26103  0.02059 -0.28906  0.11024 64.05919 36.42293  6.65290  0.86011
0364    7.28010  0.01906 -0.28125  0.11024 64.20645 36.47201  6.56363  1.24643
0365    7.30030  0.02018 -0.26563  0.11024 64.35371 36.52110  6.88682  1.61233
0366    7.32024  0.01992 -0.25000  0.11024 64.50098 36.61928  7.35084  3.19031
0367    7.34071  0.02044 -0.24219  0.10236 64.69732 36.61928  7.79717  3.19031
0368    7.36033  0.01958 -0.24219  0.09449 64.84459 36.66836  8.11063  3.17243
0369    7.38034  0.01999 -0.24219  0.07874 65.04094 36.71745  8.41601  2.96730
0370    7.40068  0.02032 -0.24219  0.06299 65.23729 36.76654  8.74113  2.83585
0371    7.42148  0.02078 -0.26563  0.03937 65.43364 36.81563  9.19549  2.73446
0372    7.44045  0.01895 -0.28125  0.03937 65.62999 36.86471  9.84385  2.69516
0373    7.46084  0.02036 -0.32031  0.03937 65.82634 36.96289 10.26530  2.69043
0374    7.48112  0.02026 -0.33594  0.04724 66.07178 37.06106 10.87463  2.84242
0375    7.50018  0.01904 -0.37500  0.04724 66.26813 37.15924 11.44027  3.21193
0376    7.52062  0.02042 -0.41406  0.04724 66.56265 37.30650 12.89088  4.58956
0377    7.54042  0.01978 -0.45313  0.04724 66.85718 37.40468 14.61753  5.39282
0378    7.56078  0.02034 -0.47656  0.04724 67.20079 37.55194 16.71047  6.04110
0379    7.58078  0.01998 -0.47656  0.03937 67.59349 37.69920 17.69308  6.31677
0380    7.60013  0.01933 -0.47656  0.03937 67.88801 37.79738 16.81185  6.22099
0381    7.62083  0.02068 -0.47656  0.03150 68.28071 37.89555 17.90926  6.16089
0382    7.64110  0.02024 -0.47656  0.01575 68.72250 38.09190 21.53452  6.57225
0383    7.66170  0.02058 -0.46875  0.00787 69.26246 38.28825 26.36724  7.95715
0384    7.68107  0.01935 -0.46094  0.00787 69.80243 38.48460 26.76220  9.96313
0385    7.70046  0.01938 -0.45313  0.00787 70.29330 38.73004 26.39113 11.10039
0386    7.71963  0.01914 -0.45313  0.00787 70.83326 38.97547 28.09978 12.52691
0387    7.74040  0.02076 -0.45313  0.00000 71.47140 39.27000 30.43120 13.63116
0388    7.75997  0.01955 -0.45313  0.01575 72.06045 39.56452 30.28130 14.23707
0389    7.78040  0.02041 -0.45313  0.02362 72.69859 39.85905 30.17900 14.29722
0390    7.80007  0.01965 -0.46094  0.02362 73.23855 40.10449 28.47980 13.70646
0391    7.82026  0.02018 -0.46094  0.01575 73.82760 40.34993 29.13922 13.23998
0392    7.84066  0.02038 -0.46094  0.00787 74.46574 40.64445 30.20453 13.36786
0393    7.85981  0.01913 -0.46094  0.00787 75.05479 40.93898 31.71017 14.13988
0394    7.88069  0.02086 -0.46094  0.00000 75.74201 41.28259 32.98570 16.05780
0395    7.90071  0.02000 -0.46094 -0.05469 76.42924 41.62620 34.52478 18.18382
0396    7.92050  0.01976 -0.46094 -0.09375 77.11646 42.01890 35.25489 19.50909
0397    7.94112  0.02060 -0.45313 -0.13281 77.90186 42.46069 36.50225 20.26312
0398    7.96033  0.01920 -0.45313 -0.17188 78.58909 42.85339 37.20272 19.85568
0399    7.98112  0.02077 -0.43750 -0.21875 79.37449 43.24609 37.83747 19.95690
0400    8.00118  0.02004 -0.42969 -0.25781 80.15989 43.63879 37.71465 20.34255
0401    8.02105  0.01985 -0.39844 -0.29688 80.89620 44.08057 37.94086 20.93163
0402    8.04140  0.02033 -0.35156 -0.33594 81.63251 44.66962 37.10668 30.28027
0403    8.06103  0.01961 -0.28906 -0.39063 82.36883 45.20959 37.05472 28.69867
0404    8.08155  0.02050 -0.25000 -0.43750 83.10514 45.84773 36.40858 29.76172
0405    8.10223  0.02066 -0.17969 -0.46875 83.89054 46.48586 36.18328 32.04982
0406    8.12138  0.01913 -0.10156 -0.48438 84.52867 47.17309 34.39499 34.85561
0407    8.14202  0.02061  0.03150 -0.50781 85.21590 47.90940 32.64545 37.22444
0408    8.16143  0.01938  0.04724 -0.52344 85.80495 48.69480 30.92613 39.68013
0409    8.18159  0.02013  0.03150 -0.53906 86.39400 49.48020 27.45547 40.63333
0410    8.20094  0.01933  0.03150 -0.53906 86.78670 50.36378 22.14380 43.98384
0411    8.22033  0.01937  0.03150 -0.53906 87.37575 51.19826 29.56936 43.27444
0412    8.24118  0.02083  0.05512 -0.53906 87.96480 52.08184 27.91942 41.71872
0413    8.26210  0.02089  0.04724 -0.54688 88.40659 52.96541 23.23482 42.43882
0414    8.28150  0.01938  0.06299 -0.54688 88.79929 53.79990 19.67742 44.07289
0415    8.30208  0.02055  0.07087 -0.54688 89.29016 54.73256 23.47061 45.33407
0416    8.32122  0.01912  0.06299 -0.54688 89.73195 55.56705 22.40569 43.54412
0417    8.34110  0.01987  0.06299 -0.54688 90.17374 56.45063 23.91019 42.65326
0418    8.36681  0.02569  0.04724 -0.53906 90.71370 57.48146 20.92445 40.15124
0419    8.37984  0.01291  0.04724 -0.53906 91.00823 58.02143 21.40059 41.62903
0420    8.39985  0.01999  0.04724 -0.53906 91.45001 58.90500 23.12171 44.87979
0421    8.42023  0.02036  0.04724 -0.53906 91.89180 59.83766 22.31559 45.91801
0422    8.43987  0.01962  0.04724 -0.53906 92.23541 60.72124 16.86152 44.30880
0423    8.45973  0.01984  0.04724 -0.53906 92.52994 61.55573 16.05281 42.28728
0424    8.48067  0.02092  0.04724 -0.53125 92.82446 62.14477 15.33857 26.77592
0425    8.50073  0.02004  0.03937 -0.53125 93.02081 62.48839 12.24649 20.29550
0426    8.52157  0.02081  0.03937 -0.51563 93.02081 62.63565 12.24649 17.02255
0427    8.54146  0.01987  0.03150 -0.49219 93.02081 62.58656 12.24649 17.02255
0428    8.56186  0.02038  0.02362 -0.45313 93.02081 62.53748 12.24649  5.81569
0429    8.58142  0.01954  0.03150 -0.37500 92.97172 62.48839 12.24649  3.19155
0430    8.60044  0.01900  0.03150 -0.29688 93.02081 62.39021 12.24649  0.93498
0431    8.62064  0.02019  0.03150 -0.10156 92.97172 62.29204 12.24649 -0.87292
0432    8.64103  0.02037  0.03937  0.01575 92.97172 62.19386 12.24649 -2.19649
0433    8.66107  0.02002  0.06299  0.03937 92.97172 62.04660  0.00000 -4.44087
0434    8.68131  0.02022  0.13386  0.01575 92.92264 61.94843  0.00000 -5.47852
0435    8.70116  0.01982  0.23622  0.00787 92.87355 61.85025 -1.59004 -5.29732
0436    8.72125  0.02007  0.35433  0.02362 92.77538 61.75208 -2.68791 -5.25020
0437    8.74132  0.02002  0.55906  0.07087 92.67720 61.70299 -3.51858 -5.21969
0438    8.76116  0.01983  0.66929  0.09449 92.43176 61.60481 -5.25392 -4.57050
0439    8.78189  0.02070  0.75591  0.16535 92.08815 61.55573 -14.16517 -4.30316
0440    8.80138  0.01947  0.82677  0.20472 91.74454 61.40846 -17.48214 -4.25421
0441    8.82118  0.01979  0.88189  0.29134 91.30275 61.21211 -21.52460 -5.38901
0442    8.84168  0.02048  0.88976  0.37795 90.76279 60.96668 -27.03339 -10.06966
0443    8.86051  0.01881  0.88976  0.40945 90.12465 60.72124 -32.69612 -12.64420
0444    8.88078  0.02024  0.88976  0.48031 89.43743 60.37763 -35.65074 -16.11749
0445    8.90081  0.02001  0.88976  0.51181 88.65203 59.98493 -39.20210 -19.80101
0446    8.92090  0.02007  0.88976  0.54331 87.81754 59.49405 -41.87978 -23.89395
0447    8.94177  0.02085  0.88189  0.54331 86.88488 58.90500 -45.31858 -27.68761
0448    8.96055  0.01875  0.88189  0.54331 86.00130 58.36504 -49.34583 -29.94464
0449    8.98138  0.02082  0.87402  0.54331 84.92138 57.67781 -51.71705 -32.63135
0450    9.00204  0.02064  0.82677  0.52756 83.79236 56.94150 -54.71402 -35.31335
0451    9.02187  0.01980  0.77953  0.48819 82.71244 56.20519 -54.89267 -38.34422
0452    9.04409  0.02221  0.74016  0.44094 81.43616 55.27253 -57.06422 -41.76540
0453    9.06169  0.01757  0.70079  0.38583 80.45441 54.53621 -58.84521 -41.88246
0454    9.08201  0.02030  0.61417  0.29134 79.22723 53.65264 -60.30257 -42.03921
0455    9.10238  0.02035  0.54331  0.22047 78.00004 52.81815 -59.71062 -43.00131
0456    9.12156  0.01915  0.33858  0.13386 76.87103 51.98366 -58.20330 -41.98222
0457    9.14154  0.01991  0.19685  0.05512 75.79110 51.14918 -53.93134 -42.25216
0458    9.16146  0.01987  0.05512  0.00787 74.71118 50.36378 -53.53666 -39.99079
0459    9.18099  0.01951  0.04724  0.02362 73.68034 49.67655 -51.93565 -35.35685
0460    9.20092  0.01991  0.06299  0.02362 72.74768 48.79298 -47.83844 -43.06280
0461    9.21988  0.01893  0.06299  0.02362 71.91319 48.00757 -42.98060 -42.26380
0462    9.23975  0.01985  0.06299  0.02362 71.07870 47.17309 -40.96257 -40.53134
0463    9.26150  0.02172  0.04724  0.01575 70.24421 46.33860 -37.92796 -37.26443
0464    9.28011  0.01859  0.04724  0.01575 69.60608 45.65138 -34.45438 -36.28129
0465    9.30005  0.01992  0.04724  0.01575 68.96794 44.96415 -32.30503 -33.82219
0466    9.32125  0.02118  0.04724  0.00000 68.32980 44.22784 -29.89986 -34.15507
0467    9.34173  0.02046  0.03937 -0.02344 67.74075 43.54061 -28.15030 -35.02672
0468    9.36195  0.02020  0.03937 -0.06250 67.15170 42.80430 -28.69649 -35.27554
0469    9.38141  0.01945  0.02362 -0.10938 66.56265 42.11708 -30.41272 -35.18010
0470    9.40145  0.02001  0.00787 -0.15625 65.92451 41.57711 -32.26692 -28.62620
0471    9.42200  0.02053 -0.02344 -0.21875 65.28637 41.03715 -31.40565 -25.13821
0472    9.43980  0.01779 -0.02344 -0.21875 64.79550 40.64445 -28.73908 -23.54170
0473    9.46093  0.02109 -0.05469 -0.25781 64.20645 40.34993 -26.66560 -16.98647
0474    9.48166  0.02070 -0.10938 -0.28125 63.71558 40.05540 -23.90233 -13.22566
0475    9.50123  0.01955 -0.14844 -0.29688 63.37196 39.85905 -19.00403 -11.66890
0476    9.52176  0.02051 -0.20313 -0.31250 63.17561 39.76088 -14.14746 -9.88210
0477    9.54140  0.01962 -0.23438 -0.32813 63.12653 39.71179 -11.29167 -8.10433
0478    9.56154  0.02012 -0.25781 -0.33594 63.12653 39.71179 -11.29167 -8.10433
0479    9.58174  0.02017 -0.28125 -0.34375 63.12653 39.71179 -11.29167 -8.10433
0480    9.60170  0.01995 -0.28906 -0.35156 63.12653 39.76088 -11.29167 -8.10433
0481    9.62162  0.01990 -0.30469 -0.36719 63.12653 39.90814 -11.29167 -1.40238
0482    9.64220  0.02056 -0.31250 -0.37500 63.12653 40.05540 -11.29167  0.68463
0483    9.66246  0.02025 -0.32813 -0.38281 63.17561 40.30084 -11.29167  8.21533
0484    9.68305  0.02057 -0.34375 -0.39063 63.22470 40.54628 -2.14590 11.58127
0485    9.70233  0.01926 -0.35938 -0.39844 63.27379 40.84080 -1.49633 13.34696
0486    9.72109  0.01874 -0.36719 -0.39844 63.37196 41.08624 -0.44182 13.90303
0487    9.74188  0.02076 -0.37500 -0.40625 63.42105 41.38076  0.00000 14.08328
0488    9.76013  0.01824 -0.37500 -0.40625 63.51923 41.62620  0.79974 14.10102
0489    9.77995  0.01980 -0.37500 -0.40625 63.71558 41.92073  4.51365 13.61696
0490    9.80069  0.02072 -0.37500 -0.39844 63.91193 42.21525  7.57028 14.19920
0491    9.82061  0.01989 -0.38281 -0.39844 64.15736 42.55886 10.92419 16.52775
0492    9.84155  0.02093 -0.39063 -0.39844 64.45189 42.95156 13.31690 18.13790
0493    9.86070  0.01913 -0.39844 -0.39844 64.89368 43.39335 20.97075 24.35433
0494    9.88072  0.02000 -0.40625 -0.39844 65.43364 44.03149 27.40068 31.05232
0495    9.90105  0.02023 -0.40625 -0.39063 65.97360 44.66962 28.42966 32.05348
0496    9.92010  0.01903 -0.40625 -0.39063 66.61174 45.30776 32.37172 34.28640
0497    9.93996  0.01984 -0.40625 -0.39063 67.34805 46.09316 37.63023 38.61357
0498    9.96006  0.02008 -0.40625 -0.39063 68.18254 46.92765 40.98070 41.41601
0499    9.97980  0.01972 -0.40625 -0.39063 69.01703 47.71305 43.15612 41.81735
0500   10.00080  0.02098 -0.39844 -0.39063 69.90060 48.59662 43.61162 40.56684
0501   10.01985  0.01903 -0.39844 -0.39063 70.73509 49.33294 43.28990 39.66603
0502   10.04033  0.02045 -0.40625 -0.39063 71.61866 50.11834 41.72830 38.95632
0503   10.06023  0.01989 -0.40625 -0.39063 72.40406 50.90374 41.29615 38.01667
0504   10.08003  0.01978 -0.40625 -0.39063 73.23855 51.64005 41.25953 36.35748
0505   10.10117  0.02112 -0.40625 -0.38281 74.02395 52.37636 37.82260 36.81447
0506   10.12156  0.02037 -0.40625 -0.37500 74.80935 53.11267 36.32963 35.86393
0507   10.14107  0.01950 -0.40625 -0.36719 75.54566 53.84899 37.65346 36.36542
0508   10.16113  0.02004 -0.40625 -0.33594 76.23289 54.58530 34.93126 36.24713
0509   10.18130  0.02014 -0.40625 -0.32813 76.87103 55.27253 32.58824 34.92368
0510   10.20062  0.01930 -0.40625 -0.30469 77.50916 55.91066 32.42196 33.69127
0511   10.22047  0.01983 -0.40625 -0.28906 78.14730 56.59789 32.98880 32.90830
0512   10.24055  0.02006 -0.40625 -0.27344 78.88361 57.28511 35.65760 35.07515
0513   10.26125  0.02068 -0.40625 -0.25781 79.66901 58.07051 39.71481 37.78883
0514   10.28068  0.01941 -0.40625 -0.24219 80.50350 58.80682 42.57981 39.97663
0515   10.30191  0.02121 -0.39844 -0.23438 81.43616 59.69040 44.90381 40.95557
0516   10.32089  0.01897 -0.39844 -0.22656 82.31974 60.47580 46.99797 41.55644
0517   10.34034  0.01942 -0.39844 -0.22656 83.30149 61.35938 49.45769 44.61405
0518   10.36143  0.02107 -0.37500 -0.21875 84.38141 62.29204 52.54018 44.21859
0519   10.38142  0.01997 -0.35938 -0.21094 85.41225 63.12653 51.76778 43.03033
0520   10.40011  0.01867 -0.34375 -0.21094 86.34491 63.91193 50.60828 42.37599
0521   10.42047  0.02034 -0.32813 -0.21094 87.37575 64.74641 50.68745 40.04315
0522   10.44055  0.02005 -0.32031 -0.21094 88.35750 65.53181 48.27930 38.48385
0523   10.46074  0.02017 -0.31250 -0.21094 89.33925 66.26813 45.81387 36.93775
0524   10.48114  0.02038 -0.31250 -0.20313 90.22283 67.00444 43.41587 36.06180
0525   10.50020  0.01904 -0.32031 -0.20313 91.00823 67.69166 41.54500 36.53091
0526   10.51960  0.01939 -0.32031 -0.20313 91.79362 68.37889 41.27706 35.42357
0527   10.53956  0.01994 -0.32031 -0.20313 92.62811 69.06611 39.37647 34.16292
0528   10.55968  0.02010 -0.32031 -0.20313 93.36443 69.75334 38.42481 34.37873
0529   10.58004  0.02035 -0.32031 -0.20313 94.14982 70.48965 37.90116 35.00337
0530   10.60027  0.02019 -0.31250 -0.20313 94.93523 71.17688 37.78708 35.10839
0531   10.61986  0.01957 -0.31250 -0.20313 95.67154 71.86410 38.87872 34.95452
0532   10.64008  0.02020 -0.31250 -0.20313 96.50603 72.60041 40.29908 36.33406
0533   10.66052  0.02042 -0.30469 -0.20313 97.34051 73.38581 41.28348 37.13939
0534   10.68030  0.01975 -0.30469 -0.20313 98.17500 74.12213 42.65233 38.18598
0535   10.70057  0.02025 -0.28906 -0.20313 99.05858 74.90752 43.34227 39.36937
0536   10.72040  0.01982 -0.28125 -0.20313 99.89306 75.69293 42.81882 38.54035
0537   10.74105  0.02063 -0.27344 -0.21094 100.62938 76.38015 34.82247 32.88317
0538   10.76022  0.01915 -0.26563 -0.21094 101.07116 76.82194 24.48786 24.22872
0539   10.78048  0.02024 -0.25000 -0.20313 101.16934 77.01829 18.34495 20.90845
0540   10.80034  0.01984 -0.23438 -0.20313 101.02208 76.96920  5.66575 20.90845
0541   10.82015  0.01979 -0.22656 -0.20313 100.77664 76.87103 -3.15006  4.68677
0542   10.84093  0.02076 -0.21094 -0.20313 100.48211 76.82194 -13.34064  2.72819
0543   10.86059  0.01964 -0.20313 -0.20313 100.23668 76.82194 -13.09251  2.72819
0544   10.88051  0.01990 -0.17969 -0.20313 100.04033 76.82194 -11.19526  2.72819
0545   10.90109  0.02056 -0.16406 -0.20313 99.94215 76.77285 -8.73652  0.72913
0546   10.92075  0.01964 -0.12500 -0.20313 99.94215 76.82194 -8.73652  0.72913
0547   10.94020  0.01943 -0.09375 -0.20313 99.99124 76.92011 -8.73652  0.55424
0548   10.96104  0.02083 -0.04688 -0.19531 100.04033 77.16555 -3.63945  1.25288
0549   10.98093  0.01987  0.00000 -0.18750 100.18759 77.36190 -0.82775  9.59400
0550   11.00207  0.02111  0.04724 -0.14844 100.23668 77.46008  0.00000 10.79124
0551   11.02050  0.01841  0.04724 -0.10156 100.18759 77.46008  0.00000 10.79124
0552   11.04117  0.02066  0.03937 -0.04688 100.08941 77.41099  0.00000 10.79124
0553   11.06090  0.01970  0.03937  0.02362 99.99124 77.26373  0.00000  1.89937
0554   11.08082  0.01990  0.06299  0.02362 99.84398 77.06738 -1.70544 -1.86503
0555   11.10056  0.01972  0.06299  0.02362 99.69671 76.87103 -4.44529 -9.72392
0556   11.12155  0.02097  0.04724  0.01575 99.50036 76.72376 -7.46543 -9.45980
0557   11.13942  0.01786  0.04724  0.01575 99.40219 76.57650 -7.87816 -8.58467
0558   11.16057  0.02112  0.06299  0.01575 99.20584 76.38015 -8.04541 -7.88611
0559   11.18010  0.01952  0.07087  0.01575 99.05858 76.28198 -8.19962 -7.84094
0560   11.20064  0.02051  0.07874  0.03150 98.81314 76.13471 -9.10632 -7.21320
0561   11.22080  0.02014  0.07087  0.08661 98.61679 76.03654 -9.58322 -6.37587
0562   11.24022  0.01940  0.07087  0.14961 98.51861 75.98745 -8.72574 -5.81353
0563   11.26112  0.02088  0.05512  0.21260 98.46953 75.98745 -7.73694 -5.81353
0564   11.28081  0.01967  0.04724  0.25984 98.46953 75.93836 -7.73694 -3.98156
0565   11.30080  0.01997  0.04724  0.32283 98.46953 75.88928 -7.73694 -3.60861
0566   11.32075  0.01993  0.04724  0.38583 98.46953 75.84019 -7.73694 -3.19592
0567   11.34054  0.01977  0.04724  0.45669 98.46953 75.74201 -7.73694 -3.09218
0568   11.36014  0.01958  0.04724  0.48031 98.46953 75.54566 -7.73694 -3.50162
0569   11.38029  0.02012  0.04724  0.53543 98.37135 75.25114 -2.69137 -12.17699
0570   11.40031  0.02000  0.04724  0.55118 98.27318 74.90752 -2.56427 -16.11852
0571   11.42034  0.02001  0.04724  0.57480 98.12591 74.51483 -2.51946 -19.49414
0572   11.44008  0.01972  0.04724  0.59843 97.92956 74.12213 -6.56315 -21.20406
0573   11.46029  0.02018  0.04724  0.60630 97.68413 73.63125 -9.85804 -24.01106
0574   11.48072  0.02041  0.04724  0.61417 97.43869 73.09129 -11.21954 -25.89584
0575   11.49981  0.01907  0.04724  0.61417 97.19325 72.55133 -12.39821 -27.34725
0576   11.52019  0.02037  0.04724  0.61417 96.94781 71.96228 -12.86244 -29.68784
0577   11.54003  0.01982  0.04724  0.61417 96.70238 71.32414 -12.85636 -31.03367
0578   11.55988  0.01982  0.04724  0.61417 96.40785 70.68600 -13.37244 -32.78741
0579   11.57992  0.02000  0.04724  0.61417 96.11333 69.99878 -13.94872 -33.87120
0580   11.60019  0.02024  0.04724  0.60630 95.81880 69.26246 -14.38854 -36.58005
0581   11.61951  0.01930  0.04724  0.60630 95.57336 68.52615 -14.52360 -39.35532
0582   11.63974  0.02021  0.04724  0.60630 95.22975 67.69166 -15.01023 -42.08949
0583   11.66011  0.02036  0.04724  0.59843 94.93523 66.80809 -15.43727 -43.93915
0584   11.67961  0.01947  0.04724  0.59843 94.59161 65.92451 -15.92018 -44.90278
0585   11.69954  0.01992  0.04724  0.59843 94.24800 65.04094 -17.10026 -46.26793
0586   11.71962  0.02005  0.04724  0.59843 93.90439 64.05919 -18.65548 -46.77718
0587   11.74064  0.02100  0.04724  0.60630 93.46260 63.07744 -20.50100 -48.45373
0588   11.76053  0.01987  0.04724  0.60630 93.02081 62.09569 -20.96596 -48.63881
0589   11.77999  0.01942  0.04724  0.60630 92.62811 61.16303 -21.15594 -48.47286
0590   11.80090  0.02088  0.04724  0.61417 92.18633 60.13219 -20.23939 -50.13712
0591   11.82106  0.02014  0.04724  0.62992 91.79362 59.10135 -20.03620 -50.96003
0592   11.84136  0.02029  0.04724  0.64567 91.35184 58.07051 -20.57137 -51.67976
0593   11.86066  0.01928  0.04724  0.65354 90.95914 57.03968 -20.84222 -51.20455
0594   11.87960  0.01892  0.04724  0.65354 90.56644 56.00884 -20.88421 -54.76651
0595   11.89976  0.02013  0.04724  0.65354 90.17374 54.87983 -20.47894 -55.41820
0596   11.91965  0.01987  0.04724  0.65354 89.73195 53.79990 -20.85223 -55.75211
0597   11.94046  0.02079  0.03150  0.65354 89.29016 52.57271 -21.41221 -57.81632
0598   11.95975  0.01927  0.03150  0.65354 88.84838 51.44370 -23.03247 -59.91249
0599   11.98094  0.02118  0.03937  0.64567 88.30841 50.16743 -24.85940 -60.56484
0600   12.00001  0.01905  0.03937  0.64567 87.81754 48.98933 -25.90117 -61.38969
0601   12.02046  0.02043  0.03937  0.62205 87.27758 47.71305 -27.24306 -61.42887
0602   12.04116  0.02067  0.03150  0.59055 86.68853 46.38769 -27.34695 -64.15954
0603   12.06086  0.01968  0.03150  0.54331 86.14856 45.16050 -28.45075 -62.39870
0604   12.08019  0.01931  0.03150  0.52756 85.60860 43.98240 -29.18713 -60.03375
0605   12.10101  0.02080  0.04724  0.50394 84.97046 42.70613 -30.66483 -60.50325
0606   12.12081  0.01978  0.03937  0.47244 84.38141 41.52803 -30.03809 -60.58689
0607   12.14085  0.02002  0.04724  0.44882 83.74328 40.34993 -30.63001 -57.69570
0608   12.16136  0.02049  0.05512  0.45669 83.15423 39.17183 -29.92985 -57.16923
0609   12.18000  0.01862  0.08661  0.45669 82.56518 38.09190 -29.94382 -57.49297
0610   12.20071  0.02068  0.11811  0.45669 81.97613 36.96289 -29.48942 -55.99122
0611   12.22155  0.02083  0.15748  0.47244 81.33799 35.78479 -30.40952 -56.72003
0612   12.24190  0.02032  0.16535  0.48819 80.69985 34.65578 -31.17439 -55.34384
0613   12.26094  0.01902  0.16535  0.52756 80.06171 33.57585 -33.86069 -55.16162
0614   12.28003  0.01908  0.16535  0.54331 79.37449 32.54501 -34.56538 -53.84911
0615   12.30059  0.02054  0.15748  0.55118 78.68726 31.41600 -35.21417 -54.86476
0616   12.32076  0.02015  0.14961  0.56693 77.95095 30.28699 -35.49593 -57.01915
0617   12.34072  0.01993  0.11811  0.58268 77.21464 29.15798 -36.45522 -56.35537
0618   12.36061  0.01987  0.09449  0.58268 76.47833 28.02896 -37.03697 -56.51010
0619   12.38037  0.01974  0.07874  0.58268 75.79110 26.94904 -36.56997 -56.00942
0620   12.40093  0.02054  0.06299  0.58268 75.05479 25.77094 -35.87441 -57.51217
0621   12.42144  0.02049  0.05512  0.57480 74.31847 24.59284 -35.06688 -56.87216
0622   12.44076  0.01930  0.06299  0.57480 73.63125 23.51291 -33.88921 -57.30371
0623   12.46059  0.01981  0.06299  0.55118 72.99311 22.33481 -33.37537 -58.12301
0624   12.48124  0.02062  0.06299  0.54331 72.30589 21.10763 -33.21863 -59.01181
0625   12.50161  0.02035  0.09449  0.50394 71.66775 19.92952 -32.22328 -58.93069
0626   12.52157  0.01994  0.14173  0.46457 70.98053 18.75143 -32.49042 -58.44898
0627   12.54121  0.01963  0.16535  0.44882 70.39148 17.57333 -31.62997 -58.19813
0628   12.56163  0.02040  0.18110  0.42520 69.75334 16.44431 -31.63445 -56.83233
0629   12.58197  0.02032  0.18898  0.41732 69.06611 15.31530 -32.27678 -55.57600
0630   12.60105  0.01906  0.18898  0.39370 68.42798 14.23538 -33.47016 -54.38727
0631   12.61987  0.01879  0.18898  0.39370 67.78984 13.20454 -34.08416 -54.72469
0632   12.64110  0.02121  0.18898  0.38583 67.05353 12.07552 -35.60987 -53.08651
0633   12.66034  0.01922  0.18898  0.38583 66.36630 11.04469 -35.48515 -54.09717
0634   12.68141  0.02105  0.18898  0.37795 65.62999  9.91568 -36.02607 -52.93395
0635   12.70085  0.01941  0.18898  0.37008 64.89368  8.93393 -36.38726 -49.85755
0636   12.72117  0.02030  0.18898  0.33071 64.15736  7.95217 -36.91914 -47.41242
0637   12.74162  0.02043  0.18110  0.31496 63.42105  7.01951 -36.90110 -45.77008
0638   12.76053  0.01890  0.18110  0.26772 62.73382  6.18502 -35.79384 -43.39994
0639   12.78131  0.02075  0.17323  0.22835 61.99751  5.35054 -33.97905 -40.98190
0640   12.80065  0.01932  0.16535  0.18898 61.35938  4.56514 -32.26798 -38.04377
0641   12.82092  0.02025  0.14961  0.17323 60.77033  3.82883 -30.64024 -36.30517
0642   12.84284  0.02190  0.09449  0.14961 60.13219  3.04343 -29.04010 -36.21464
0643   12.86144  0.01858  0.06299  0.13386 59.64131  2.40529 -26.25372 -34.57670
0644   12.88126  0.01979  0.05512  0.11024 59.15044  1.76715 -23.90838 -32.13868
0645   12.90083  0.01955  0.05512  0.07874 58.65956  1.22719 -25.91648 -28.90714
0646   12.92055  0.01969  0.05512  0.04724 58.11960  0.68723 -27.48183 -25.57053
0647   12.94088  0.02032  0.05512  0.02362 57.57964  0.09818 -26.24551 -29.05334
0648   12.96030  0.01940  0.05512  0.01575 57.13785 -0.53996 -24.08665 -33.27650
0649   12.97998  0.01966  0.05512  0.01575 56.64698 -1.22719 -23.71738 -35.92798
0650   13.00021  0.02020  0.05512  0.01575 56.05793 -1.91441 -29.21797 -34.60168
0651   13.01984  0.01962  0.05512  0.01575 55.46888 -2.60164 -30.54101 -35.17367
0652   13.03970  0.01984  0.05512  0.01575 54.87983 -3.33795 -30.20147 -37.80353
0653   13.06011  0.02038  0.05512  0.01575 54.24169 -4.12335 -29.75595 -37.36740
0654   13.07970  0.01957  0.05512  0.01575 53.60355 -4.81058 -34.36970 -36.13799
0655   13.10040  0.02068  0.05512  0.01575 52.91633 -5.59598 -32.95912 -36.77696
0656   13.11968  0.01926  0.05512  0.01575 52.32728 -6.33229 -30.12492 -38.42210
0657   13.14080  0.02110  0.06299  0.00787 51.68914 -7.16677 -30.39624 -40.06260
0658   13.16048  0.01966  0.05512  0.00787 51.10009 -7.85400 -28.11040 -33.31885
0659   13.18037  0.01987  0.05512  0.01575 50.60921 -8.49214 -26.25702 -31.72421
0660   13.20053  0.02014  0.06299  0.01575 50.11834 -9.03210 -23.02416 -26.97627
0661   13.22025  0.01970  0.06299  0.01575 49.72564 -9.47389 -20.91999 -23.63612
0662   13.24002  0.01975  0.06299  0.01575 49.38203 -9.86659 -18.90664 -20.21601
0663   13.26068  0.02065  0.06299  0.01575 49.03841 -10.21020 -16.15608 -17.81638
0664   13.28033  0.01963  0.06299  0.01575 48.79298 -10.55381 -14.39113 -17.02825
0665   13.30083  0.02048  0.06299  0.01575 48.54754 -10.89743 -12.53255 -16.33223
0666   13.32159  0.02074  0.05512  0.01575 48.35119 -11.24104 -11.37977 -15.68837
0667   13.33981  0.01820  0.05512  0.01575 48.05666 -11.53556 -12.29393 -16.78073
0668   13.35986  0.02002  0.05512  0.01575 47.66396 -11.87918 -20.11952 -17.18166
0669   13.37997  0.02002  0.05512  0.01575 47.46761 -12.12461 -15.58610 -13.78570
0670   13.40009  0.02010  0.04724  0.01575 47.46761 -11.97735 -11.75664 -6.01524
0671   13.42020  0.02009  0.04724  0.01575 47.51670 -11.78100 -5.93021  1.85443
0672   13.44105  0.02083  0.05512  0.00787 47.56579 -11.48648 -3.56356 11.57821
0673   13.45984  0.01877  0.05512  0.00787 47.61488 -11.24104 -2.09402 12.56556
0674   13.48103  0.02117  0.05512  0.01575 47.61488 -11.04469 -0.91819 11.50595
0675   13.50007  0.01902  0.05512  0.01575 47.56579 -10.94651 -0.73973 10.29262
0676   13.52081  0.02072  0.05512  0.01575 47.56579 -10.84834 -0.73973  8.17401
0677   13.53990  0.01907  0.05512  0.01575 47.56579 -10.89743 -0.73973  8.17401
0678   13.56016  0.02025  0.05512  0.01575 47.51670 -10.99560 -0.52613  3.11822
0679   13.58021  0.02002  0.05512  0.01575 47.46761 -11.04469 -0.46559  1.96982
0680   13.59989  0.01966  0.05512  0.01575 47.46761 -11.04469 -0.46559  1.96982
0681   13.61962  0.01971  0.05512  0.01575 47.46761 -10.99560 -0.46559  1.96982
0682   13.64053  0.02089  0.04724  0.01575 47.51670 -10.94651 -0.46559  1.19147
0683   13.66030  0.01975  0.05512  0.01575 47.51670 -10.89743 -0.46559  1.12682
0684   13.68081  0.02049  0.04724  0.01575 47.51670 -10.84834 -0.46559  1.06867
0685   13.69968  0.01885  0.04724  0.01575 47.51670 -10.84834 -0.46559  1.06867
0686   13.71981  0.02011  0.04724  0.01575 47.51670 -10.84834 -0.46559  1.06867
0687   13.74035  0.02053  0.04724  0.01575 47.51670 -10.84834  0.00000  1.06867
0688   13.76012  0.01975  0.04724  0.01575 47.51670 -10.89743  0.00000  1.06867
0689   13.78019  0.02004  0.04724  0.01575 47.51670 -10.94651  0.00000  0.33899
0690   13.80031  0.02011  0.04724  0.01575 47.46761 -10.94651  0.00000  0.33899
0691   13.81970  0.01936  0.04724  0.01575 47.41853 -10.99560  0.00000  0.00000
0692   13.83977  0.02006  0.04724  0.01575 47.41853 -10.99560  0.00000  0.00000
0693   13.85956  0.01976  0.04724  0.01575 47.36944 -11.04469 -1.99033 -0.28821
0694   13.87965  0.02008  0.04724  0.01575 47.32035 -11.09377 -2.15846 -0.55384
0695   13.89982  0.02015  0.04724  0.01575 47.27126 -11.14286 -2.12023 -0.55980
0696   13.92015  0.02031  0.04724  0.01575 47.27126 -11.14286 -2.12023 -0.55980
0697   13.94022  0.02006  0.04724  0.01575 47.27126 -11.14286 -2.12023 -0.55980
0698   13.96020  0.01996  0.04724  0.01575 47.27126 -11.14286 -2.12023 -0.55980
0699   13.98054  0.02032  0.04724  0.01575 47.27126 -11.14286 -2.12023 -0.55980
0700   14.00139  0.02083  0.05512  0.01575 47.27126 -11.14286 -2.12023 -0.55980
0701   14.02036  0.01893  0.05512  0.01575 47.27126 -11.14286 -2.12023 -0.55980
0702   14.03961  0.01923  0.05512  0.01575 47.27126 -11.14286 -2.12023 -0.55980
0703   14.05976  0.02011  0.05512  0.01575 47.27126 -11.14286  0.00000  0.00000
0704   14.07946  0.01968  0.05512  0.01575 47.27126 -11.19195  0.00000  0.00000
0705   14.09981  0.02033  0.05512  0.01575 47.27126 -11.19195  0.00000  0.00000
0706   14.11956  0.01973  0.05512  0.01575 47.27126 -11.19195  0.00000  0.00000
0707   14.13973  0.02015  0.05512  0.01575 47.27126 -11.19195  0.00000  0.00000
0708   14.15996  0.02021  0.05512  0.01575 47.27126 -11.19195  0.00000  0.00000
0709   14.18014  0.02016  0.04724  0.01575 47.27126 -11.19195  0.00000  0.00000
0710   14.20028  0.02012  0.04724  0.00787 47.27126 -11.19195  0.00000  0.00000
0711   14.21981  0.01951  0.04724  0.00787 47.27126 -11.19195  0.00000  0.00000
0712   14.24047  0.02064  0.04724  0.00000 47.27126 -11.19195  0.00000  0.00000
0713   14.26063  0.01995  0.04724  0.00787 47.27126 -11.19195  0.00000  0.00000
0714   14.28008  0.01943  0.04724 -0.02344 47.27126 -11.19195  0.00000  0.00000
0715   14.29987  0.01976  0.04724 -0.11719 47.27126 -11.19195  0.00000  0.00000
0716   14.32021  0.02032  0.04724 -0.17188 47.27126 -11.19195  0.00000  0.00000
0717   14.34035  0.02012  0.04724 -0.27344 47.27126 -11.14286  0.00000  0.00000
0718   14.36018  0.01981  0.04724 -0.37500 47.27126 -11.09377  0.00000  0.16597
0719   14.38004  0.01983  0.04724 -0.43750 47.27126 -11.04469  0.00000  0.31604
0720   14.40012  0.02006  0.04724 -0.50781 47.27126 -10.94651  0.00000  0.59643
0721   14.42091  0.02077  0.04724 -0.53906 47.32035 -10.75016  0.00000  1.10851
0722   14.44074  0.01982  0.04724 -0.57813 47.32035 -10.50473  0.00000  9.08361
0723   14.46026  0.01950  0.04724 -0.58594 47.36944 -10.21020  0.00000 13.68640
0724   14.48061  0.02033  0.04724 -0.60156 47.41853 -9.86659  2.15926 16.44511
0725   14.50073  0.02010  0.03937 -0.60938 47.46761 -9.42480  1.90445 20.06200
0726   14.52062  0.01987  0.03937 -0.61719 47.51670 -8.98301  1.91895 22.29968
0727   14.54024  0.01959  0.03937 -0.62500 47.56579 -8.49214  2.04423 25.39867
0728   14.55961  0.01935  0.03937 -0.62500 47.61488 -7.95217  2.21286 28.62821
0729   14.58020  0.02057  0.03937 -0.62500 47.71305 -7.31404  2.51281 30.71616
0730   14.60030  0.02009  0.03937 -0.63281 47.76214 -6.67590  2.64280 32.01501
0731   14.62013  0.01980  0.03937 -0.63281 47.90940 -5.93959  3.19590 35.33547
0732   14.64096  0.02081  0.03937 -0.64063 48.00757 -5.20328  4.25327 37.01742
0733   14.66067  0.01969  0.03937 -0.64844 48.15484 -4.41787  5.51656 40.17539
9999 9999.00000 9999.00000 999.00000 999.00000 9999.00000 9999.00000 999.00000 999.00000
