0000    0.00039  0.00039  0.05512  0.03937 21.50033 -16.78793  0.00000  0.00000
0001    0.02056  0.02014  0.05512  0.03937 21.50033 -16.78793  0.00000  0.00000
0002    0.04069  0.02011  0.05512  0.04724 21.50033 -16.78793  0.00000  0.00000
0003    0.06060  0.01989  0.05512  0.03937 21.50033 -16.78793  0.00000  0.00000
0004    0.08074  0.02012  0.05512  0.04724 21.50033 -16.78793  0.00000  0.00000
0005    0.10065  0.01989  0.04724  0.04724 21.50033 -16.78793  0.00000  0.00000
0006    0.12129  0.02062  0.03937  0.04724 21.50033 -16.78793  0.00000  0.00000
0007    0.13973  0.01842  0.03937  0.04724 21.50033 -16.78793  0.00000  0.00000
0008    0.16044  0.02069  0.03937  0.05512 21.50033 -16.78793  0.00000  0.00000
0009    0.18344  0.02297  0.04724  0.08661 21.50033 -16.78793  0.00000  0.00000
0010    0.20035  0.01690  0.04724  0.14961 21.50033 -16.78793  0.00000  0.00000
0011    0.22136  0.02098  0.09449  0.22835 21.50033 -16.78793  0.00000  0.00000
0012    0.23968  0.01830  0.09449  0.22835 21.50033 -16.73884  0.00000  0.00000
0013    0.26073  0.02103  0.13386  0.25197 21.50033 -16.68975  0.00000  2.38610
0014    0.28123  0.02047  0.22047  0.31496 21.45124 -16.64066  0.00000  2.88717
0015    0.30060  0.01935  0.25984  0.37795 21.40215 -16.54249 -1.94125  3.41837
0016    0.32058  0.01995  0.36220  0.48031 21.30398 -16.39523 -2.85025  4.16390
0017    0.34153  0.02093  0.40945  0.52756 21.15671 -16.24796 -3.90618  4.86421
0018    0.36106  0.01951  0.44882  0.59843 20.96036 -16.00253 -5.10435  8.80854
0019    0.38301  0.02192  0.46457  0.64567 20.66584 -15.65891 -11.14231 14.57521
0020    0.40035  0.01732  0.46457  0.67717 20.42040 -15.26621 -14.15517 19.63728
0021    0.42140  0.02104  0.47244  0.69291 20.02770 -14.77534 -18.23506 24.37659
0022    0.44086  0.01943  0.47244  0.70866 19.58591 -14.23538 -21.18018 27.84901
0023    0.46014  0.01872  0.48819  0.70866 19.14413 -13.64633 -23.36337 30.77181
0024    0.48005  0.01989  0.51181  0.70866 18.65325 -12.95910 -25.63604 34.38704
0025    0.50043  0.02036  0.54331  0.70866 18.06420 -12.22279 -27.99665 37.10191
0026    0.52037  0.01992  0.57480  0.70866 17.42606 -11.43739 -31.02033 39.49608
0027    0.54036  0.01997  0.59055  0.70866 16.78793 -10.55381 -34.15068 44.48830
0028    0.56032  0.01994  0.60630  0.70866 16.05161 -9.67024 -36.79916 46.12728
0029    0.58003  0.01969  0.60630  0.70866 15.26621 -8.68849 -41.03174 50.57673
0030    0.60336  0.02332  0.61417  0.71654 14.23538 -7.46130 -43.84104 54.66497
0031    0.62185  0.01847  0.62205  0.70866 13.40089 -6.38138 -45.64793 57.85687
0032    0.63974  0.01786  0.62205  0.70866 12.51731 -5.35054 -50.17171 59.68121
0033    0.66037  0.02061  0.63780  0.70866 11.43739 -4.07426 -51.25856 60.65427
0034    0.68047  0.02008  0.65354  0.70866 10.40655 -2.89616 -55.39287 60.90978
0035    0.70059  0.02009  0.67717  0.70866  9.22845 -1.57080 -58.21124 65.29026
0036    0.72084  0.02023  0.70079  0.70866  8.00126 -0.24544 -59.94065 66.40445
0037    0.74124  0.02038  0.70866  0.70866  6.72499  1.12901 -63.22938 67.15070
0038    0.76136  0.02010  0.72441  0.70866  5.44871  2.50346 -65.35850 70.54626
0039    0.78083  0.01945  0.73228  0.70866  4.12335  3.92700 -67.15530 71.99217
0040    0.80136  0.02033  0.74803  0.70866  2.69981  5.39963 -70.63559 72.90042
0041    0.82058  0.01921  0.75591  0.70866  1.32536  6.82316 -72.29381 76.48113
0042    0.84426  0.02366  0.76378  0.70079 -0.44179  8.68849 -75.73887 77.73836
0043    0.86067  0.01639  0.77165  0.70079 -1.66897  9.91568 -76.51988 78.62995
0044    0.88115  0.02045  0.77953  0.69291 -3.33795 11.58465 -80.76392 80.64052
0045    0.90081  0.01964  0.78740  0.68504 -4.90875 13.15545 -80.31529 79.52935
0046    0.92078  0.01995  0.79528  0.67717 -6.57773 14.72625 -83.48853 81.71308
0047    0.94336  0.02256  0.83465  0.65354 -8.44305 16.59158 -84.35003 81.28685
0048    0.96276  0.01939  0.85827  0.63780 -10.11203 18.21146 -88.33453 82.99378
0049    0.98254  0.01975  0.89764  0.60630 -11.87918 19.92952 -88.26068 85.43643
0050    1.00214  0.01959  0.92126  0.59055 -13.69541 21.54941 -93.45372 82.27392
0051    1.02141  0.01924  0.92913  0.56693 -15.56074 23.16930 -99.16466 84.65186
0052    1.04053  0.01910  0.92913  0.55906 -17.47515 24.78919 -99.62353 85.90291
0053    1.06037  0.01983  0.92913  0.55118 -19.43865 26.50725 -101.03323 85.23467
0054    1.08070  0.02030  0.92913  0.53543 -21.54941 28.22531 -103.71548 86.57407
0055    1.10029  0.01957  0.92126  0.53543 -23.56200 29.89429 -103.57979 84.15769
0056    1.12038  0.02007  0.92126  0.53543 -25.62368 31.61235 -104.20868 87.60384
0057    1.14014  0.01975  0.92126  0.53543 -27.68535 33.33041 -105.71570 87.10716
0058    1.15947  0.01931  0.92126  0.53543 -29.74703 34.99939 -106.21437 86.31983
0059    1.18268  0.02318  0.92126  0.54331 -32.25049 37.01198 -108.81131 86.65354
0060    1.19999  0.01700  0.91339  0.54331 -34.16490 38.53369 -110.93220 87.35985
0061    1.22114  0.02110  0.90551  0.55118 -36.52110 40.34993 -111.61958 88.14419
0062    1.24106  0.01990  0.87402  0.57480 -38.73004 42.11708 -110.24334 86.67497
0063    1.26137  0.02028  0.84252  0.60630 -40.93898 43.83514 -113.56538 89.82406
0064    1.28336  0.02195  0.78740  0.65354 -43.44244 45.89681 -112.08727 92.97579
0065    1.30191  0.01853  0.77165  0.67717 -45.55320 47.66396 -113.76278 94.96058
0066    1.32164  0.01940  0.74016  0.69291 -47.81123 49.52929 -114.56060 98.50796
0067    1.34270  0.02104  0.73228  0.70866 -50.16743 51.64005 -111.78862 99.22781
0068    1.36260  0.01988  0.72441  0.73228 -52.42545 53.65264 -114.26859 101.68728
0069    1.38196  0.01934  0.72441  0.74016 -54.58530 55.61614 -110.72951 101.78321
0070    1.40106  0.01908  0.72441  0.75591 -56.69606 57.57964 -110.81325 103.01247
0071    1.42023  0.01914  0.72441  0.75591 -58.80682 59.59223 -109.40547 105.57700
0072    1.44360  0.02335  0.71654  0.76378 -61.35938 62.04660 -108.82819 105.95758
0073    1.46033  0.01671  0.71654  0.77165 -63.17561 63.86284 -108.73056 108.44471
0074    1.48051  0.02015  0.70866  0.77165 -65.33546 66.07178 -109.84247 107.97835
0075    1.50206  0.02153  0.70079  0.77953 -67.69166 68.37889 -109.05183 107.96292
0076    1.52108  0.01900  0.67717  0.78740 -69.80243 70.48965 -110.87833 111.29817
0077    1.54011  0.01893  0.66142  0.78740 -71.91319 72.64950 -111.76571 112.97858
0078    1.55983  0.01969  0.66142  0.78740 -74.17121 74.90752 -111.53462 115.30466
0079    1.58042  0.02057  0.65354  0.78740 -76.42924 77.31281 -111.51561 115.95290
0080    1.59991  0.01947  0.65354  0.78740 -78.63818 79.57084 -112.48024 115.50951
0081    1.61942  0.01949  0.65354  0.78740 -80.79803 81.82886 -110.61473 114.91058
0082    1.63975  0.02031  0.65354  0.78740 -83.05605 84.18506 -110.67958 117.19170
0083    1.66042  0.02065  0.65354  0.78740 -85.36316 86.63944 -111.53969 117.66363
0084    1.68009  0.01965  0.65354  0.78740 -87.52301 88.94655 -108.99251 117.62134
0085    1.69962  0.01951  0.65354  0.78740 -89.68286 91.25366 -108.89700 116.37487
0086    1.71953  0.01985  0.65354  0.78740 -91.89180 93.56077 -110.24705 116.37073
0087    1.73968  0.02013  0.65354  0.78740 -94.10074 95.91698 -110.28544 115.80655
0088    1.76051  0.02081  0.65354  0.78740 -96.35876 98.32226 -110.69580 117.18051
0089    1.78031  0.01978  0.64567  0.78740 -98.56770 100.62938 -109.91256 118.25891
0090    1.79986  0.01953  0.64567  0.78740 -100.67846 102.98558 -108.02826 120.43205
0091    1.82060  0.02072  0.63780  0.78740 -102.98558 105.53813 -112.92011 125.52903
0092    1.83977  0.01914  0.63780  0.78740 -105.19451 107.94341 -114.18619 123.61651
0093    1.85961  0.01982  0.63780  0.78740 -107.45254 110.39779 -116.12434 122.26027
0094    1.87961  0.01999  0.63780  0.78740 -109.75965 112.90125 -114.93748 123.72245
0095    1.90041  0.02078  0.63780  0.77953 -112.11585 115.45380 -113.83797 123.83325
0096    1.92010  0.01967  0.63780  0.77953 -114.37388 117.90818 -112.79426 121.95652
0097    1.94062  0.02049  0.64567  0.77165 -116.68099 120.41164 -115.02367 124.98090
0098    1.95999  0.01935  0.64567  0.77165 -118.88992 122.76784 -111.78862 119.56667
0099    1.98062  0.02061  0.64567  0.76378 -121.19704 125.27130 -112.78131 122.51048
0100    2.00129  0.02065  0.64567  0.75591 -123.55324 127.82385 -112.30653 122.31816
0101    2.02040  0.01909  0.64567  0.75591 -125.66400 130.13096 -109.75528 121.21268
0102    2.04057  0.02015  0.64567  0.76378 -127.92203 132.63443 -113.14525 123.06024
0103    2.05991  0.01932  0.64567  0.76378 -130.13096 134.99063 -115.05332 121.61660
0104    2.08055  0.02062  0.63780  0.76378 -132.43808 137.54318 -115.42667 124.47857
0105    2.09952  0.01895  0.63780  0.76378 -134.64701 139.89938 -115.15589 123.96459
0106    2.11986  0.02023  0.63780  0.76378 -136.95413 142.40284 -113.18047 122.72335
0107    2.13952  0.01964  0.63780  0.76378 -139.16306 144.80813 -111.26159 123.26574
0108    2.15978  0.02024  0.63780  0.76378 -141.47018 147.31159 -113.20526 121.97167
0109    2.18028  0.02048  0.63780  0.76378 -143.72820 149.76596 -111.23638 119.95821
0110    2.20003  0.01973  0.63780  0.76378 -145.98623 152.12216 -112.22437 119.70371
0111    2.21952  0.01946  0.63780  0.76378 -148.19516 154.47836 -114.89444 122.33797
0112    2.23955  0.02001  0.63780  0.76378 -150.50228 156.98183 -113.36474 125.50175
0113    2.26003  0.02046  0.63780  0.75591 -152.85848 159.53438 -116.01456 126.30746
0114    2.27974  0.01969  0.63780  0.75591 -155.16559 162.03784 -117.36121 126.59901
0115    2.30013  0.02037  0.63780  0.74803 -157.52179 164.59039 -117.52137 125.97198
0116    2.32010  0.01995  0.64567  0.74803 -159.87799 167.09385 -117.73700 126.63494
0117    2.34062  0.02050  0.64567  0.72441 -162.28328 169.64640 -115.49592 124.45332
0118    2.36043  0.01979  0.63780  0.70866 -164.54130 172.05169 -113.63768 122.32425
0119    2.38112  0.02067  0.64567  0.70866 -166.94659 174.55515 -115.67010 121.87174
0120    2.40068  0.01954  0.65354  0.70866 -169.15552 176.91135 -113.12308 118.96828
0121    2.42183  0.02114  0.67717  0.70079 -171.56081 179.41481 -113.46563 117.97895
0122    2.44187  0.02002  0.70079  0.70079 -173.86792 181.72193 -116.01319 116.07217
0123    2.45997  0.01807  0.70866  0.70079 -175.92960 183.83269 -114.13840 116.66389
0124    2.48001  0.02002  0.72441  0.70079 -178.28580 186.23798 -119.33704 120.21380
0125    2.50117  0.02114  0.73228  0.69291 -180.78926 188.79053 -118.99567 122.31359
0126    2.51996  0.01877  0.74016  0.69291 -183.04729 191.14673 -120.35527 124.15114
0127    2.53995  0.01997  0.74016  0.68504 -185.50166 193.60110 -123.45640 118.81134
0128    2.55963  0.01966  0.74016  0.68504 -187.90695 196.00639 -122.69268 122.73563
0129    2.57988  0.02023  0.74016  0.68504 -190.41041 198.41168 -124.01000 119.70517
0130    2.60022  0.02032  0.74016  0.68504 -192.96296 200.86605 -122.27550 120.47195
0131    2.62050  0.02026  0.73228  0.68504 -195.41734 203.32043 -121.49770 117.62274
0132    2.63986  0.01934  0.73228  0.69291 -197.77354 205.62754 -122.04142 117.04499
0133    2.65996  0.02007  0.73228  0.69291 -200.17883 207.98374 -119.74313 119.33559
0134    2.67975  0.01977  0.73228  0.69291 -202.58411 210.38903 -120.52519 120.19025
0135    2.70037  0.02060  0.73228  0.70079 -205.08758 212.89249 -122.94928 121.72819
0136    2.72035  0.01996  0.73228  0.70866 -207.49286 215.24869 -122.57626 120.54887
0137    2.74089  0.02053  0.72441  0.72441 -210.04541 217.70306 -124.08053 117.11760
0138    2.76148  0.02057  0.71654  0.74803 -212.59796 220.20653 -121.67991 123.18377
0139    2.78121  0.01971  0.70079  0.77953 -214.95416 222.61181 -118.37869 120.86498
0140    2.80264  0.02141  0.63780  0.79528 -217.50671 225.26254 -121.98380 123.43312
0141    2.82264  0.01998  0.59843  0.83465 -219.96109 227.71691 -121.74781 125.83796
0142    2.84288  0.02022  0.48031  0.88976 -222.36638 230.31855 -119.33994 127.86200
0143    2.86177  0.01888  0.44882  0.92126 -224.62440 232.72384 -117.25888 128.14572
0144    2.88070  0.01891  0.36220  0.95276 -226.78425 235.12913 -113.98070 130.45298
0145    2.90052  0.01980  0.28346  0.96063 -228.99319 237.73076 -110.02219 133.62597
0146    2.92227  0.02150  0.14961  0.97638 -231.30030 240.62693 -102.74188 131.99290
0147    2.94050  0.01819  0.06299  0.99213 -233.16563 243.08130 -98.66636 133.86466
0148    2.96117  0.02065  0.01575  1.00000 -235.08004 245.92838 -88.15369 138.69072
0149    2.98028  0.01909  0.00787  1.00000 -236.84719 248.62819 -98.41809 140.66597
0150    3.00038  0.02008  0.00000  1.00000 -238.85977 251.47526 -101.41417 140.44060
0151    3.02030  0.01990  0.00000  1.00000 -240.92145 254.22416 -101.74419 138.25323
0152    3.04026  0.01995 -0.00781  1.00000 -242.93404 257.02215 -102.70211 140.73655
0153    3.06187  0.02158 -0.04688  0.99213 -245.14298 260.01649 -102.11458 139.74691
0154    3.08136  0.01945 -0.09375  0.97638 -246.95921 262.71630 -87.43532 139.00295
0155    3.10057  0.01919 -0.12500  0.96850 -248.38275 265.36703 -73.29173 138.03552
0156    3.12186  0.02127 -0.14844  0.96063 -249.70811 268.26319 -61.23537 137.35188
0157    3.14061  0.01861 -0.16406  0.94488 -250.83713 270.86483 -57.98638 135.58023
0158    3.16075  0.02013 -0.17969  0.92126 -251.86796 273.61373 -50.84074 135.59708
0159    3.18094  0.02016 -0.20313  0.79528 -252.84971 276.36263 -46.67022 134.80392
0160    3.20107  0.02012 -0.21094  0.71654 -253.73329 279.01335 -43.50880 132.36841
0161    3.22155  0.02046 -0.22656  0.52756 -254.71504 281.71316 -49.41239 129.63134
0162    3.24112  0.01955 -0.23438  0.37795 -255.64770 284.21663 -46.62500 125.32232
0163    3.26173  0.02059 -0.25000  0.18110 -256.53128 286.72009 -41.10510 119.30368
0164    3.28240  0.02064 -0.26563  0.12598 -257.21850 288.73268 -34.01084 88.11017
0165    3.30107  0.01866 -0.27344  0.10236 -257.75846 290.49983 -27.70996 99.59321
0166    3.32007  0.01898 -0.27344  0.10236 -258.20025 292.41424 -24.81529 98.65545
0167    3.33999  0.01990 -0.27344  0.10236 -258.64204 294.23048 -21.87149 81.66890
0168    3.36036  0.02033 -0.27344  0.09449 -258.69113 295.85036 -20.31339 80.12258
0169    3.38027  0.01988 -0.27344  0.09449 -258.39660 297.07755  2.19378 51.92631
0170    3.40042  0.02013 -0.27344  0.07874 -258.15116 298.01021 16.79463 47.63418
0171    3.42046  0.02000 -0.27344  0.04724 -258.39660 299.58101  2.38705 84.48650
0172    3.44232  0.02185 -0.27344  0.03937 -258.20025 301.34816  1.74348 75.66416
0173    3.46070  0.01835 -0.27344  0.03937 -257.75846 302.18265 20.76192 45.21756
0174    3.48325  0.02254 -0.26563  0.03150 -257.02215 303.31166 33.64727 52.33544
0175    3.50335  0.02007 -0.26563  0.02362 -256.43310 304.29341 30.84267 46.85733
0176    3.52452  0.02107 -0.25781  0.03937 -256.38401 305.07881 21.77747 35.81931
0177    3.54163  0.01707 -0.25000  0.03937 -256.23675 305.66786 10.13321 33.55470
0178    3.56091  0.01925 -0.24219  0.03937 -255.74587 306.25691 24.41867 31.54227
0179    3.58159  0.02067 -0.23438  0.03150 -255.20591 306.84596 26.85290 28.48178
0180    3.60154  0.01987 -0.23438  0.00000 -254.91139 307.58228 21.87256 40.81679
0181    3.62003  0.01847 -0.23438 -0.06250 -255.00956 308.46585 10.28668 45.37870
0182    3.64027  0.02022 -0.23438 -0.08594 -254.86230 309.20216  6.99615 35.16611
0183    3.66037  0.02008 -0.23438 -0.14063 -254.81321 309.74213  6.19473 25.30831
0184    3.68051  0.02012 -0.23438 -0.16406 -254.71504 310.08574  4.33344 19.41560
0185    3.70050  0.01997 -0.23438 -0.21875 -254.61686 310.28209  3.75094 15.01776
0186    3.71995  0.01943 -0.23438 -0.24219 -254.46960 310.38026  4.75446 12.46277
0187    3.73999  0.02002 -0.23438 -0.25781 -254.27325 310.38026  6.25762  9.58914
0188    3.76054  0.02053 -0.23438 -0.27344 -254.12599 310.28209  7.37845  3.73279
0189    3.78007  0.01952 -0.23438 -0.29688 -253.97873 310.13483  7.71012  0.00000
0190    3.79975  0.01966 -0.23438 -0.30469 -253.88055 309.93848  7.46920 -4.26266
0191    3.81966  0.01989 -0.23438 -0.30469 -253.73329 309.79121  7.18630 -8.05046
0192    3.84070  0.02102 -0.24219 -0.31250 -253.58603 309.54578  7.05932 -9.64634
0193    3.86013  0.01941 -0.24219 -0.31250 -253.38967 309.30034  7.49901 -11.70190
0194    3.88045  0.02031 -0.25000 -0.31250 -253.14424 309.00581  9.53787 -14.18109
0195    3.90027  0.01979 -0.25781 -0.31250 -252.89880 308.66220 12.15780 -16.45724
0196    3.92064  0.02035 -0.26563 -0.31250 -252.65336 308.26950 13.11751 -18.31551
0197    3.94026  0.01960 -0.27344 -0.31250 -252.35884 307.87680 13.03560 -19.07592
0198    3.96034  0.02007 -0.28906 -0.31250 -252.11340 307.48410 12.81926 -19.18620
0199    3.98018  0.01982 -0.29688 -0.31250 -251.86796 307.09140 12.95174 -19.74919
0200    4.00057  0.02037 -0.30469 -0.32031 -251.62253 306.69870 13.11420 -20.14309
0201    4.02035  0.01976 -0.30469 -0.32813 -251.32800 306.30600 13.58598 -20.43690
0202    4.04026  0.01989 -0.30469 -0.33594 -251.03348 305.86421 14.88113 -21.01771
0203    4.06049  0.02020 -0.30469 -0.34375 -250.68986 305.42243 16.21824 -21.64366
0204    4.08031  0.01980 -0.30469 -0.35156 -250.29716 304.98064 17.70105 -22.18774
0205    4.10024  0.01991 -0.30469 -0.35938 -249.90446 304.53885 19.66721 -23.00754
0206    4.12096  0.02070 -0.29688 -0.35938 -249.46268 304.04798 21.63675 -24.19754
0207    4.13996  0.01898 -0.29688 -0.35938 -249.02089 303.55710 22.94795 -25.13267
0208    4.16071  0.02073 -0.29688 -0.35156 -248.48092 303.01714 24.99166 -26.74186
0209    4.18015  0.01942 -0.29688 -0.35156 -247.99005 302.42809 26.35556 -28.01374
0210    4.19988  0.01971 -0.29688 -0.35156 -247.45009 301.88813 26.92935 -29.69143
0211    4.21988  0.01998 -0.29688 -0.35156 -246.91013 301.24999 28.48649 -29.89759
0212    4.24002  0.02012 -0.29688 -0.35156 -246.32108 300.66094 27.96435 -30.45423
0213    4.26095  0.02091 -0.29688 -0.34375 -245.73203 300.02280 28.72798 -30.22704
0214    4.27987  0.01889 -0.29688 -0.34375 -245.14298 299.43375 29.34583 -30.66771
0215    4.30001  0.02013 -0.29688 -0.34375 -244.55393 298.84470 30.03497 -30.70367
0216    4.32033  0.02030 -0.29688 -0.34375 -243.91579 298.15748 31.29313 -32.58099
0217    4.34072  0.02037 -0.29688 -0.34375 -243.13039 297.27390 40.19480 -47.54767
0218    4.35997  0.01841 -0.29688 -0.34375 -242.29590 296.24306 45.03234 -54.80748
0219    4.37988  0.01987 -0.29688 -0.34375 -241.36324 295.11405 47.10599 -56.64247
0220    4.39966  0.01975 -0.29688 -0.34375 -240.33240 293.93595 50.87948 -59.51371
0221    4.41954  0.01978 -0.29688 -0.34375 -239.35065 292.70876 47.43624 -58.98309
0222    4.43988  0.02031 -0.29688 -0.34375 -238.71251 292.21789 30.21978 -25.21834
0223    4.46005  0.02015 -0.28906 -0.34375 -238.12346 291.38340 31.69266 -44.84679
0224    4.47959  0.01950 -0.28906 -0.34375 -237.33806 290.49983 37.80425 -44.84945
0225    4.49995  0.02034 -0.28906 -0.34375 -236.65084 289.71443 34.81815 -38.68249
0226    4.51968  0.01971 -0.28906 -0.34375 -235.96361 288.97811 34.17088 -35.85136
0227    4.54002  0.02032 -0.28906 -0.34375 -235.17821 288.14363 38.78151 -40.27378
0228    4.55989  0.01986 -0.28906 -0.34375 -234.44190 287.35823 37.04843 -39.45877
0229    4.58008  0.02016 -0.28906 -0.34375 -233.70559 286.52374 34.58730 -40.70628
0230    4.60098  0.02089 -0.28906 -0.33594 -233.06745 285.68925 31.21344 -37.61148
0231    4.61946  0.01846 -0.28906 -0.33594 -232.47840 285.05111 32.44243 -36.17541
0232    4.63958  0.02009 -0.28906 -0.33594 -231.84026 284.31480 31.90649 -36.67132
0233    4.65940  0.01980 -0.28906 -0.33594 -231.20213 283.57849 30.38552 -35.44339
0234    4.67971  0.02029 -0.28906 -0.33594 -230.61308 282.89126 29.96456 -34.82507
0235    4.70056  0.02083 -0.28906 -0.32813 -229.97494 282.20404 30.15619 -33.43983
0236    4.71956  0.01899 -0.28906 -0.32813 -229.43498 281.56590 29.57773 -32.53823
0237    4.73931  0.01973 -0.28906 -0.32813 -228.84593 280.92776 28.59202 -31.29692
0238    4.75975  0.02042 -0.28906 -0.32813 -228.30596 280.28963 28.04135 -31.47028
0239    4.78051  0.02074 -0.28906 -0.32031 -227.66783 279.65149 28.53725 -31.77832
0240    4.79997  0.01944 -0.28906 -0.32031 -227.12786 279.01335 28.17752 -31.20897
0241    4.82028  0.02029 -0.28906 -0.31250 -226.53881 278.37521 29.92483 -32.67533
0242    4.83993  0.01963 -0.28906 -0.30469 -225.90068 277.68799 32.11272 -34.71081
0243    4.86077  0.02082 -0.28906 -0.29688 -225.21345 276.95168 34.78657 -36.80468
0244    4.87997  0.01913 -0.28906 -0.29688 -224.47714 276.16628 37.64971 -39.22826
0245    4.90037  0.02038 -0.28906 -0.28125 -223.69174 275.33179 39.74294 -41.65411
0246    4.92076  0.02036 -0.28906 -0.26563 -222.85725 274.49730 39.74455 -40.57942
0247    4.94151  0.02067 -0.27344 -0.24219 -222.02276 273.66281 39.83841 -41.91357
0248    4.96262  0.02110 -0.24219 -0.15625 -221.18828 272.77924 41.07277 -42.21582
0249    4.98317  0.02053 -0.21875 -0.08594 -220.30470 271.84658 41.94778 -44.91963
0250    5.00159  0.01840 -0.15625  0.03150 -219.51930 271.01209 43.15100 -44.56565
0251    5.02604  0.02443  0.00787  0.03937 -218.39029 270.07943 45.91779 -36.91692
0252    5.04202  0.01563  0.09449  0.03150 -217.70306 269.44129 45.60531 -43.65545
0253    5.06000  0.01795  0.08661  0.03150 -216.96675 268.55771 37.05696 -46.70307
0254    5.08099  0.02097  0.03150  0.03937 -216.23044 267.52688 38.02049 -48.84717
0255    5.09990  0.01889  0.03937  0.03937 -215.44504 266.64330 42.39228 -45.92918
0256    5.12043  0.02051  0.05512  0.03937 -214.56146 265.71064 43.19942 -44.36947
0257    5.14013  0.01968  0.06299  0.03937 -213.77606 264.87615 39.30160 -44.10992
0258    5.15974  0.01959  0.06299  0.03937 -213.08884 264.04166 33.59592 -42.49338
0259    5.18415  0.02439  0.07087  0.04724 -212.49979 263.01083 25.04183 -39.87450
0260    5.20112  0.01695  0.10236  0.07087 -212.10709 262.47086 21.84954 -31.92247
0261    5.22224  0.02105  0.14961  0.11024 -211.61621 261.97999 23.50472 -23.96886
0262    5.24100  0.01874  0.20472  0.15748 -211.22351 261.63638 22.98486 -20.15185
0263    5.26050  0.01948  0.25197  0.18110 -210.92899 261.24368 17.47713 -18.91618
0264    5.28125  0.02073  0.31496  0.22835 -210.73264 260.94915 11.74824 -16.44147
0265    5.30146  0.02019  0.35433  0.25197 -210.73264 260.80189 11.74824 -11.11604
0266    5.32054  0.01906  0.39370  0.30709 -210.78173 260.80189 11.74824 -11.11604
0267    5.34069  0.02013  0.40157  0.32283 -210.83081 260.90006  4.18725 -5.14023
0268    5.36067  0.01996  0.41732  0.37795 -210.97808 261.04733  0.89221 -1.09721
0269    5.38134  0.02065  0.43307  0.41732 -211.17442 261.24368 -2.56643  3.12425
0270    5.40126  0.01990  0.44094  0.48819 -211.41986 261.48911 -10.85128 10.52598
0271    5.42053  0.01925  0.44094  0.52756 -211.71439 261.83273 -14.62587 14.59261
0272    5.44260  0.02205  0.44094  0.56693 -212.10709 262.22543 -17.15264 18.96328
0273    5.46019  0.01757  0.44094  0.58268 -212.45070 262.66721 -19.40831 22.32996
0274    5.48040  0.02019  0.44882  0.58268 -212.89249 263.20718 -21.29291 26.95397
0275    5.50075  0.02034  0.45669  0.58268 -213.38336 263.79623 -23.49213 30.40924
0276    5.52007  0.01921  0.45669  0.58268 -213.87424 264.38528 -25.18851 31.43592
0277    5.54093  0.02085  0.46457  0.58268 -214.41420 265.12159 -26.91488 34.66019
0278    5.55961  0.01865  0.46457  0.58268 -214.95416 265.80881 -28.96889 36.89527
0279    5.58025  0.02063  0.46457  0.58268 -215.59230 266.59421 -30.00403 39.20602
0280    5.60139  0.02111  0.46457  0.57480 -216.27953 267.42870 -32.70145 40.07028
0281    5.62043  0.01903  0.46457  0.57480 -216.91766 268.21410 -34.80914 41.77500
0282    5.64034  0.01989  0.46457  0.57480 -217.65398 269.04859 -36.10649 41.49829
0283    5.66029  0.01993  0.46457  0.57480 -218.39029 269.93216 -36.83492 45.59472
0284    5.68050  0.02019  0.46457  0.57480 -219.12660 270.86483 -37.00193 44.61202
0285    5.70087  0.02035  0.46457  0.57480 -219.91200 271.79749 -38.05056 47.78047
0286    5.71999  0.01910  0.46457  0.57480 -220.64831 272.73015 -38.88227 48.01790
0287    5.74019  0.02018  0.46457  0.57480 -221.43371 273.71190 -39.37711 48.60173
0288    5.76183  0.02162  0.46457  0.55906 -222.31729 274.79183 -40.68317 50.08596
0289    5.78149  0.01964  0.46457  0.55118 -223.15178 275.77358 -41.50250 50.39267
0290    5.80378  0.02226  0.46457  0.54331 -224.08444 276.90259 -42.67272 50.84733
0291    5.82107  0.01727  0.46457  0.53543 -224.82075 277.78616 -42.40546 49.64501
0292    5.83972  0.01863  0.46457  0.53543 -225.60615 278.66974 -41.17129 48.48028
0293    5.86006  0.02032  0.46457  0.52756 -226.44064 279.70058 -41.68100 48.67088
0294    5.88029  0.02021  0.46457  0.51181 -227.27513 280.68233 -41.38965 48.24964
0295    5.90004  0.01973  0.46457  0.48031 -228.10961 281.61499 -42.29238 47.00585
0296    5.92039  0.02034  0.46457  0.47244 -228.99319 282.59674 -44.00710 48.62724
0297    5.93996  0.01954  0.46457  0.46457 -229.92585 283.57849 -48.05339 50.04690
0298    5.96070  0.02072  0.46457  0.44094 -230.90760 284.65841 -47.35228 53.18284
0299    5.98068  0.01996  0.46457  0.40945 -231.84026 285.68925 -47.04707 52.13229
0300    6.00097  0.02028  0.44094  0.37795 -232.82201 286.81826 -49.46915 54.29763
0301    6.02168  0.02069  0.40157  0.31496 -233.90194 287.99636 -52.68171 58.58711
0302    6.04055  0.01885  0.33858  0.28346 -234.88369 289.07629 -53.86152 58.48589
0303    6.06058  0.02000  0.26772  0.25984 -236.06179 290.20530 -58.41559 56.87546
0304    6.08113  0.02048  0.17323  0.23622 -237.23989 291.38340 -58.52075 58.81736
0305    6.10137  0.02020  0.12598  0.22047 -238.31981 292.56150 -53.20273 57.62898
0306    6.12060  0.01921  0.07087  0.18110 -239.35065 293.64142 -50.75821 56.62712
0307    6.14050  0.01987  0.06299  0.15748 -240.38149 294.77044 -50.87816 54.15775
0308    6.16004  0.01952  0.06299  0.13386 -241.36324 295.75219 -49.36369 49.85958
0309    6.18002  0.01996  0.06299  0.13386 -242.24681 296.68485 -44.67739 45.57228
0310    6.20025  0.02021  0.06299  0.13386 -243.08130 297.56843 -39.98330 42.70595
0311    6.21975  0.01948  0.06299  0.13386 -243.81761 298.35383 -36.58169 40.42003
0312    6.24086  0.02109  0.06299  0.12598 -244.50484 299.13923 -33.29874 36.33985
0313    6.26012  0.01923  0.06299  0.11811 -245.09389 299.82645 -29.66173 35.86878
0314    6.28050  0.02036  0.06299  0.10236 -245.68294 300.56276 -29.82565 37.01476
0315    6.29993  0.01942  0.06299  0.07874 -246.32108 301.29908 -30.74387 35.90118
0316    6.32041  0.02045  0.06299  0.05512 -246.91013 301.98630 -30.28457 33.58626
0317    6.34257  0.02215  0.06299  0.04724 -247.64644 302.72261 -32.13416 32.16469
0318    6.36101  0.01841  0.06299  0.03937 -248.23549 303.31166 -33.50237 34.96883
0319    6.38109  0.02006  0.06299  0.03937 -248.92271 303.99889 -33.48774 33.97952
0320    6.40066  0.01955  0.06299  0.03937 -249.56085 304.68611 -32.93833 34.87814
0321    6.42066  0.01999  0.06299  0.04724 -250.24808 305.42243 -33.40445 35.82271
0322    6.44060  0.01991  0.06299  0.04724 -250.88621 306.10965 -33.75324 35.35927
0323    6.45946  0.01884  0.06299  0.04724 -251.52435 306.74779 -33.65858 33.52926
0324    6.47965  0.02017  0.06299  0.04724 -252.21157 307.43501 -33.45294 33.58328
0325    6.49990  0.02023  0.06299  0.04724 -252.89880 308.07315 -32.81250 32.32354
0326    6.52008  0.02016  0.06299  0.03937 -253.48785 308.66220 -29.68819 29.71380
0327    6.54019  0.02009  0.06299  0.04724 -254.02781 309.20216 -27.15482 26.97523
0328    6.55984  0.01963  0.06299  0.04724 -254.51869 309.69304 -25.27170 24.51690
0329    6.57950  0.01964  0.06299  0.04724 -254.96048 310.13483 -23.29784 21.83520
0330    6.59995  0.02043  0.06299  0.04724 -255.40226 310.52752 -21.68128 20.08392
0331    6.62007  0.02010  0.06299  0.04724 -255.84405 310.92023 -20.20935 18.78793
0332    6.63972  0.01963  0.06299  0.04724 -256.18766 311.26384 -18.91939 17.74710
0333    6.66025  0.02050  0.06299  0.04724 -256.53128 311.60745 -18.02200 16.84589
0334    6.67987  0.01960  0.06299  0.04724 -256.87489 311.90198 -17.06320 16.24499
0335    6.69986  0.01996  0.06299  0.03937 -257.16941 312.14741 -15.41969 14.17370
0336    6.71973  0.01986  0.06299  0.03937 -257.36576 312.24559 -12.89142 11.55219
0337    6.73973  0.01998  0.06299  0.03937 -257.46394 312.19650 -10.65991 11.55219
0338    6.75959  0.01974  0.06299  0.03937 -257.51302 312.19650 -9.31492 11.55219
0339    6.77954  0.01993  0.06299  0.03937 -257.51302 312.19650 -9.31492 11.55219
0340    6.79974  0.02018  0.06299  0.03937 -257.51302 312.19650 -9.31492 11.55219
0341    6.82026  0.02050  0.06299  0.03937 -257.51302 312.19650 -9.31492 11.55219
9999 9999.00000 9999.00000 999.00000 999.00000 9999.00000 9999.00000 999.00000 999.00000
