0000    0.00007  0.00006  0.03937  0.00000 -68.37889 247.69553  0.00000  0.00000
0001    0.01893  0.01885  0.03150  0.00000 -68.37889 247.69553  0.00000  0.00000
0002    0.03833  0.01939  0.03150  0.00000 -68.37889 247.69553  0.00000  0.00000
0003    0.05875  0.02041  0.03150  0.00000 -68.37889 247.69553  0.00000  0.00000
0004    0.07830  0.01953  0.03150  0.00000 -68.37889 247.69553  0.00000  0.00000
0005    0.09927  0.02096  0.03150  0.00000 -68.37889 247.69553  0.00000  0.00000
0006    0.11836  0.01908  0.03150  0.00000 -68.37889 247.69553  0.00000  0.00000
0007    0.13864  0.02027  0.03150  0.00000 -68.37889 247.69553  0.00000  0.00000
0008    0.15924  0.02060  0.03150  0.00000 -68.37889 247.69553  0.00000  0.00000
0009    0.17859  0.01934  0.03150  0.00000 -68.37889 247.69553  0.00000  0.00000
0010    0.19814  0.01954  0.03150  0.00000 -68.37889 247.69553  0.00000  0.00000
0011    0.21850  0.02034  0.03150  0.00000 -68.37889 247.69553  0.00000  0.00000
0012    0.23804  0.01953  0.03150  0.00000 -68.37889 247.69553  0.00000  0.00000
0013    0.25953  0.02148  0.02362  0.00787 -68.37889 247.69553  0.00000  0.00000
0014    0.27905  0.01950  0.01575  0.00787 -68.37889 247.69553  0.00000  0.00000
0015    0.29872  0.01966  0.00000  0.00787 -68.37889 247.69553  0.00000  0.00000
0016    0.32048  0.02167 -0.04688  0.00000 -68.37889 247.69553  0.00000  0.00000
0017    0.33977  0.01928 -0.14844 -0.00781 -68.37889 247.69553  0.00000  0.00000
0018    0.35964  0.01986 -0.20313 -0.03125 -68.37889 247.69553  0.00000  0.00000
0019    0.38040  0.02075 -0.29688 -0.06250 -68.32980 247.69553  0.00000  0.00000
0020    0.39953  0.01912 -0.34375 -0.07031 -68.28071 247.69553  5.99989  0.00000
0021    0.42032  0.02079 -0.39844 -0.07813 -68.13345 247.69553  4.92058  0.00000
0022    0.44034  0.02001 -0.39844 -0.07813 -67.98619 247.69553  5.76864  0.00000
0023    0.45932  0.01896 -0.43750 -0.09375 -67.83893 247.64644  6.46047  0.00000
0024    0.47984  0.02051 -0.46094 -0.09375 -67.59349 247.64644  9.45305  0.00000
0025    0.49961  0.01975 -0.46094 -0.09375 -67.34805 247.59735 11.53160 -1.26731
0026    0.51988  0.02026 -0.50000 -0.09375 -67.05353 247.54826 13.87372 -1.68496
0027    0.53909  0.01920 -0.50000 -0.09375 -66.75900 247.45009 15.77803 -2.21576
0028    0.56024  0.02113 -0.52344 -0.08594 -66.31721 247.40100 19.44872 -2.39254
0029    0.58045  0.02021 -0.55469 -0.07813 -65.87542 247.30282 20.68732 -2.65082
0030    0.60079  0.02033 -0.56250 -0.06250 -65.43364 247.25374 23.24428 -2.75395
0031    0.61970  0.01890 -0.57813 -0.04688 -64.94276 247.15556 25.76488 -2.92425
0032    0.64087  0.02115 -0.58594 -0.03125 -64.35371 247.05739 28.12731 -3.71064
0033    0.66047  0.01959 -0.60156 -0.01563 -63.71558 246.95921 30.06136 -4.13421
0034    0.68014  0.01965 -0.60938 -0.00781 -63.12653 246.81195 31.70505 -4.86530
0035    0.70016  0.02002 -0.60938 -0.00781 -62.48839 246.71378 32.25610 -5.40210
0036    0.71974  0.01956 -0.62500  0.00000 -61.85025 246.51743 32.74727 -6.88769
0037    0.74047  0.02073 -0.63281  0.00787 -61.11394 246.32108 34.80223 -8.05722
0038    0.75919  0.01871 -0.63281  0.00787 -60.42671 246.12472 36.31941 -9.65078
0039    0.77996  0.02076 -0.64844  0.01575 -59.64131 245.87929 38.12621 -11.39170
0040    0.79883  0.01886 -0.64844  0.01575 -58.90500 245.58476 38.95648 -13.88380
0041    0.81989  0.02105 -0.65625  0.00787 -58.07051 245.24115 40.23302 -15.47276
0042    0.83874  0.01883 -0.66406  0.00787 -57.28511 244.94662 40.81187 -16.38653
0043    0.85836  0.01962 -0.66406  0.00787 -56.49971 244.60301 41.58918 -17.37688
0044    0.87804  0.01967 -0.66406  0.00787 -55.66523 244.25940 42.17393 -18.21077
0045    0.89887  0.02082 -0.66406  0.00000 -54.78165 243.86670 42.58517 -18.85034
0046    0.91876  0.01987 -0.66406 -0.01563 -53.89808 243.47400 43.06620 -19.51731
0047    0.93874  0.01998 -0.66406 -0.05469 -53.06359 243.03221 43.93600 -21.24595
0048    0.95950  0.02074 -0.66406 -0.12500 -52.08184 242.54134 46.27906 -22.97760
0049    0.97893  0.01942 -0.66406 -0.13281 -51.19826 242.09955 46.02823 -23.70655
0050    0.99883  0.01989 -0.66406 -0.17969 -50.26560 241.55959 47.53869 -25.53502
0051    1.02002  0.02118 -0.66406 -0.18750 -49.28385 241.01963 46.39891 -26.64418
0052    1.03891  0.01888 -0.66406 -0.19531 -48.35119 240.47966 49.11525 -28.28868
0053    1.05977  0.02085 -0.66406 -0.21094 -47.32035 239.89061 50.87183 -29.22388
0054    1.08073  0.02095 -0.66406 -0.21094 -46.24043 239.20339 51.04057 -31.03161
0055    1.09872  0.01799 -0.66406 -0.22656 -45.30776 238.66343 50.57751 -31.80282
0056    1.11923  0.02049 -0.66406 -0.24219 -44.27693 237.97620 51.65447 -32.62116
0057    1.13887  0.01963 -0.66406 -0.25781 -43.24609 237.33806 52.11956 -33.69312
0058    1.15958  0.02062 -0.66406 -0.27344 -42.16616 236.60175 52.55255 -34.79088
0059    1.18020  0.02061 -0.66406 -0.27344 -41.03715 235.86544 54.24003 -35.81212
0060    1.20089  0.02069 -0.66406 -0.28125 -39.90814 235.12913 57.08911 -35.26173
0061    1.21942  0.01852 -0.66406 -0.30469 -38.82821 234.39281 57.88689 -39.74455
0062    1.23991  0.02048 -0.66406 -0.32813 -37.65011 233.60741 58.97140 -40.06718
0063    1.25911  0.01918 -0.66406 -0.34375 -36.52110 232.77293 57.74592 -41.48251
0064    1.27927  0.02015 -0.66406 -0.35938 -35.29391 231.93844 62.42291 -43.73227
0065    1.29963  0.02035 -0.66406 -0.38281 -34.01764 231.05486 62.88110 -43.09645
0066    1.31987  0.02022 -0.66406 -0.38281 -32.74136 230.17129 63.27176 -43.81619
0067    1.34087  0.02099 -0.66406 -0.39844 -31.41600 229.18954 64.41971 -44.82324
0068    1.36089  0.02001 -0.66406 -0.42969 -30.13973 228.30596 64.90051 -45.50342
0069    1.37919  0.01830 -0.66406 -0.45313 -28.91254 227.42239 66.69996 -47.30208
0070    1.40032  0.02112 -0.66406 -0.46094 -27.43991 226.39155 68.35366 -49.23150
0071    1.41919  0.01885 -0.66406 -0.47656 -26.16364 225.45889 70.83896 -49.91002
0072    1.43923  0.02004 -0.66406 -0.48438 -24.74010 224.42805 67.55408 -51.48165
0073    1.45957  0.02032 -0.66406 -0.50781 -23.41474 223.34813 65.79036 -52.82031
0074    1.47992  0.02035 -0.65625 -0.51563 -21.99120 222.26820 70.76186 -53.62263
0075    1.50074  0.02080 -0.63281 -0.54688 -20.51858 221.13919 69.88639 -55.00247
0076    1.52014  0.01939 -0.61719 -0.57813 -19.19321 220.05926 69.29641 -57.14926
0077    1.53994  0.01978 -0.61719 -0.57813 -17.76968 218.88116 71.53527 -60.06755
0078    1.55996  0.02001 -0.56250 -0.62500 -16.34614 217.65398 72.29541 -60.89807
0079    1.57961  0.01964 -0.53125 -0.64844 -14.87351 216.37770 74.52971 -65.30242
0080    1.59960  0.01998 -0.51563 -0.65625 -13.40089 215.05234 73.28790 -68.30421
0081    1.61975  0.02014 -0.50000 -0.66406 -11.92826 213.62880 71.20787 -70.87629
0082    1.63886  0.01909 -0.48438 -0.66406 -10.60290 212.25435 68.87927 -72.83552
0083    1.66007  0.02120 -0.46094 -0.67188 -9.13028 210.68355 71.87832 -73.88745
0084    1.67978  0.01970 -0.44531 -0.67969 -7.75583 209.26001 68.69804 -73.42877
0085    1.69915  0.01936 -0.42188 -0.68750 -6.47955 207.78739 66.00532 -76.65371
0086    1.71906  0.01990 -0.39844 -0.68750 -5.10510 206.21659 67.70083 -78.73526
0087    1.74023  0.02116 -0.34375 -0.70313 -3.73065 204.54761 66.21947 -77.79319
0088    1.76142  0.02118 -0.34375 -0.70313 -2.30711 202.87864 66.99810 -80.52477
0089    1.77979  0.01836 -0.27344 -0.70313 -1.03084 201.40601 67.42372 -82.79919
0090    1.79879  0.01899 -0.25781 -0.70313  0.24544 199.83521 67.58617 -83.05346
0091    1.81867  0.01987 -0.25781 -0.70313  1.57080 198.16624 65.43517 -87.15433
0092    1.84022  0.02154 -0.25000 -0.70313  2.99434 196.30091 66.12892 -86.00827
0093    1.85910  0.01887 -0.24219 -0.70313  4.22153 194.68103 63.97349 -87.84134
0094    1.87889  0.01977 -0.22656 -0.70313  5.39963 192.91388 58.75963 -88.34884
0095    1.89931  0.02041 -0.21094 -0.70313  6.57773 191.14673 57.93813 -86.93900
0096    1.91913  0.01981 -0.15625 -0.70313  7.80491 189.42866 60.53832 -87.82170
0097    1.94036  0.02122 -0.07813 -0.71094  9.08119 187.56334 58.56194 -86.53363
0098    1.95974  0.01936 -0.02344 -0.71094 10.16111 185.84528 55.96664 -87.50546
0099    1.97883  0.01908  0.04724 -0.71094 11.24104 184.17630 55.68317 -86.64743
0100    1.99969  0.02085  0.05512 -0.71094 12.37005 182.36006 53.06068 -87.64060
0101    2.01896  0.01926  0.05512 -0.70313 13.30271 180.64200 49.26930 -88.37588
0102    2.04071  0.02175  0.04724 -0.71094 14.33355 178.77667 45.58985 -86.59851
0103    2.05985  0.01912  0.04724 -0.70313 15.16804 177.05861 46.04032 -89.73375
0104    2.08109  0.02123  0.04724 -0.70313 16.10070 175.19329 43.41529 -88.42842
0105    2.09961  0.01851  0.04724 -0.67969 16.93519 173.47523 42.87080 -92.37305
0106    2.12029  0.02067  0.03150 -0.67188 17.72059 171.56081 38.87718 -91.75491
0107    2.13887  0.01857  0.01575 -0.66406 18.45690 169.89184 40.43768 -92.38522
0108    2.15942  0.02054  0.01575 -0.66406 19.29139 167.97743 38.95200 -90.24516
0109    2.18164  0.02220  0.00000 -0.64063 20.17496 166.01393 42.00216 -89.85859
0110    2.20118  0.01953 -0.06250 -0.60156 21.00945 164.24677 43.06110 -88.63840
0111    2.22068  0.01949 -0.06250 -0.60156 21.84394 162.57780 42.00827 -84.16635
0112    2.24449  0.02381 -0.14063 -0.53906 22.72751 160.66339 35.47028 -80.17820
0113    2.26473  0.02023 -0.18750 -0.49219 23.41474 159.09259 35.17103 -75.66474
0114    2.27898  0.01424 -0.28125 -0.32813 24.05288 158.01266 42.19659 -75.42408
0115    2.29897  0.01997 -0.31250 -0.19531 24.88736 156.54004 42.07578 -70.14655
0116    2.32029  0.02132 -0.31250 -0.19531 25.82003 155.01833 44.51876 -67.89043
0117    2.34020  0.01990 -0.33594  0.00787 26.75269 153.74205 47.96207 -61.93108
0118    2.35979  0.01958 -0.32813  0.00000 27.73444 152.51486 52.04771 -64.13439
0119    2.37802  0.01822 -0.32813  0.00000 28.71619 151.33676 52.50477 -63.48945
0120    2.40201  0.02398 -0.32813  0.00000 29.94338 149.81505 51.92274 -64.32601
0121    2.41954  0.01752 -0.32031  0.00000 30.87604 148.73513 52.70433 -61.92795
0122    2.43910  0.01955 -0.30469  0.00000 31.90688 147.55703 52.10877 -59.08533
0123    2.45909  0.01998 -0.28125  0.00000 32.93771 146.42801 52.24298 -53.54367
0124    2.47980  0.02070 -0.28125  0.00000 34.01764 145.24991 52.30616 -56.52832
0125    2.50018  0.02032 -0.24219 -0.03906 35.09756 144.12090 51.94389 -55.75147
0126    2.52060  0.02040 -0.22656 -0.07031 36.12840 143.04098 50.70473 -52.67012
0127    2.53890  0.01829 -0.22656 -0.07031 37.11015 142.10831 51.33145 -48.48723
0128    2.55978  0.02086 -0.20313 -0.09375 38.09190 141.17565 47.22063 -45.25132
0129    2.57924  0.01946 -0.20313 -0.09375 38.97547 140.34116 45.34998 -43.79274
0130    2.59909  0.01984 -0.20313 -0.09375 39.90814 139.45759 46.85241 -42.57501
0131    2.61863  0.01953 -0.20313 -0.09375 40.79171 138.67219 45.94208 -41.51865
0132    2.63886  0.02022 -0.20313 -0.07813 41.72438 137.83770 45.71552 -39.07572
0133    2.65865  0.01978 -0.20313 -0.06250 42.60795 137.10139 44.58649 -38.02992
0134    2.67971  0.02106 -0.20313 -0.03125 43.54061 136.31599 43.38038 -37.60198
0135    2.69972  0.02000 -0.20313 -0.01563 44.37510 135.53059 42.44451 -38.31115
0136    2.71992  0.02019 -0.19531 -0.00781 45.25868 134.74519 41.92306 -38.59930
0137    2.73996  0.02003 -0.19531 -0.00781 46.04408 134.00888 40.70307 -36.35330
0138    2.75945  0.01948 -0.15625  0.00000 46.82948 133.32165 39.83324 -35.28657
0139    2.78077  0.02131 -0.14063  0.01575 47.66396 132.58534 38.85687 -34.75160
0140    2.79865  0.01787 -0.14063  0.01575 48.35119 131.99629 37.55738 -33.46822
0141    2.81908  0.02042 -0.13281  0.01575 49.08750 131.30906 35.23136 -32.56705
0142    2.83831  0.01922 -0.13281  0.01575 49.72564 130.72001 34.67146 -32.07338
0143    2.85877  0.02044 -0.12500  0.01575 50.41286 130.08188 33.06869 -30.98186
0144    2.87801  0.01923 -0.12500  0.01575 50.85465 129.49283 25.10465 -29.59485
0145    2.89945  0.02144 -0.10938  0.00787 51.00191 129.10013 13.89078 -19.26277
0146    2.91892  0.01945 -0.08594  0.00787 50.90374 128.95286  7.36595 -13.04384
0147    2.93886  0.01993 -0.06250  0.00787 50.80556 128.90378  2.94429 -10.75150
0148    2.95870  0.01983 -0.03906  0.00787 50.65830 128.90378 -1.16374 -10.75150
0149    2.97910  0.02039  0.01575  0.00000 50.51104 128.95286 -4.33897 -10.75150
0150    2.99971  0.02058  0.01575  0.00000 50.31469 129.00195 -7.39661 -3.59139
0151    3.01837  0.01865  0.03150  0.00000 50.21651 129.05104 -7.87968 -2.34102
0152    3.03902  0.02064  0.03150  0.00787 50.11834 129.05104 -7.56033 -2.34102
0153    3.05834  0.01932  0.03150  0.00787 50.06925 129.05104 -6.96612 -2.34102
0154    3.07834  0.01999  0.03150  0.00787 50.02016 129.10013 -5.54734 -1.13101
0155    3.09882  0.02047  0.03150  0.00787 49.97108 129.10013 -4.20842 -1.13101
0156    3.11926  0.02042  0.03150  0.00787 49.87290 129.14921 -4.03711 -0.44867
0157    3.13803  0.01876  0.03150  0.00787 49.72564 129.24739 -3.99944  0.41426
0158    3.15857  0.02053  0.03150  0.00787 49.62746 129.34556 -3.99340  1.19242
0159    3.17872  0.02014  0.03150  0.00787 49.43111 129.44374 -7.06798  1.98651
0160    3.19841  0.01968  0.03150  0.00787 49.28385 129.54191 -7.16302  2.70922
0161    3.21837  0.01995  0.03150  0.00787 49.23476 129.59100 -6.90220  3.42991
0162    3.23951  0.02112  0.04724  0.00787 49.18567 129.68918 -6.39048  4.51746
0163    3.25878  0.01927  0.04724  0.00787 49.13659 129.73826 -5.51732  4.35775
0164    3.28079  0.02199  0.03937  0.03150 49.08750 129.78735 -4.71710  4.11993
0165    3.29947  0.01868  0.03937  0.09449 49.03841 129.83644 -4.16586  3.61326
0166    3.32065  0.02116  0.05512  0.20472 49.03841 129.83644 -4.16586  3.61326
0167    3.33959  0.01893  0.08661  0.26772 49.03841 129.83644 -4.16586  3.61326
0168    3.36011  0.02051  0.11811  0.43307 49.08750 129.98370 -4.16586  2.83436
0169    3.38013  0.02001  0.11811  0.43307 49.08750 130.13096 -4.16586  3.11161
0170    3.40010  0.01987  0.22047  0.66929 49.03841 130.27823 -4.16586  3.85633
0171    3.42054  0.02043  0.26772  0.72441 48.94024 130.52366 -2.01254  8.67841
0172    3.44056  0.02001  0.26772  0.72441 48.84206 130.86728 -1.99463 14.84147
0173    3.45969  0.01912  0.34646  0.84252 48.64571 131.25998 -2.27081 19.48628
0174    3.48036  0.02067  0.35433  0.91339 48.40028 131.75085 -9.68610 24.56260
0175    3.49969  0.01932  0.35433  0.91339 48.15484 132.29081 -12.46931 28.62654
0176    3.51955  0.01984  0.35433  0.95276 47.81123 132.92895 -15.19034 32.67370
0177    3.53781  0.01825  0.35433  0.95276 47.51670 133.56709 -17.01883 34.76698
0178    3.55911  0.02129  0.36220  0.96063 47.07491 134.40158 -19.57928 39.97793
0179    3.57896  0.01984  0.35433  0.96063 46.63313 135.28515 -22.25297 44.33781
0180    3.59861  0.01963  0.36220  0.96063 46.14225 136.21781 -24.23254 49.07474
0181    3.61984  0.02112  0.36220  0.96850 45.60229 137.29774 -26.29753 52.80440
0182    3.63869  0.01884  0.36220  0.96850 45.06233 138.32858 -28.31576 56.12726
0183    3.65920  0.02050  0.36220  0.97638 44.42419 139.55576 -30.45631 58.43646
0184    3.67794  0.01873  0.36220  0.97638 43.83514 140.68478 -32.31248 60.24337
0185    3.69880  0.02085  0.36220  0.97638 43.09883 141.96105 -34.70013 63.70367
0186    3.71880  0.01999  0.37795  0.97638 42.41160 143.28641 -35.41066 68.67978
0187    3.73994  0.02113  0.38583  0.97638 41.62620 144.75904 -37.63311 69.56402
0188    3.75912  0.01917  0.41732  0.97638 40.84080 146.13349 -39.64440 72.69261
0189    3.77855  0.01942  0.44882  0.97638 40.05540 147.60611 -40.92143 76.64892
0190    3.79908  0.02052  0.52756  0.97638 39.22091 149.17691 -41.73912 75.75173
0191    3.81848  0.01931  0.58268  0.97638 38.33734 150.69863 -45.71318 79.95944
0192    3.84035  0.02185  0.62205  0.97638 37.25741 152.51486 -50.54548 81.68045
0193    3.85903  0.01867  0.63780  0.97638 36.22658 154.03658 -55.81994 83.31000
0194    3.87907  0.02001  0.67717  0.97638 35.04847 155.75464 -59.15725 86.79604
0195    3.89986  0.02078  0.68504  0.97638 33.82129 157.57088 -60.60746 85.38144
0196    3.91821  0.01833  0.68504  0.97638 32.64319 159.09259 -65.05921 85.31393
0197    3.93834  0.02012  0.68504  0.97638 31.31783 160.90883 -67.51785 91.02668
0198    3.95889  0.02054  0.68504  0.97638 29.89429 162.72506 -69.14804 90.31905
0199    3.97791  0.01901  0.68504  0.97638 28.51984 164.44313 -72.37963 92.22466
0200    3.99992  0.02200  0.69291  0.96850 26.94904 166.50480 -71.94469 91.04609
0201    4.01806  0.01813  0.69291  0.96850 25.62368 168.17378 -73.37554 92.70451
0202    4.03838  0.02031  0.70866  0.96850 24.10196 170.08819 -75.00688 94.04817
0203    4.05979  0.02139  0.74016  0.96063 22.48208 172.05169 -76.81805 94.11759
0204    4.08011  0.02031  0.80315  0.93701 20.91128 174.01519 -77.80243 96.21321
0205    4.09912  0.01900  0.85827  0.91339 19.38956 175.88051 -81.64377 96.21510
0206    4.11912  0.01999  0.90551  0.79528 17.72059 177.84401 -85.69521 97.43063
0207    4.13975  0.02062  0.99213  0.75591 15.90435 179.80751 -88.36952 93.74642
0208    4.16040  0.02065  1.00000  0.71654 14.03903 181.72193 -92.64677 95.21385
0209    4.17962  0.01920  1.00000  0.67717 12.22279 183.53816 -97.53905 90.96932
0210    4.19977  0.02015  1.00000  0.67717 10.16111 185.35440 -102.60014 92.43915
0211    4.21953  0.01974  1.00000  0.51181  8.19761 187.17064 -100.32394 92.69926
0212    4.23977  0.02023  1.00000  0.38583  6.13594 188.98688 -103.16943 89.36699
0213    4.25867  0.01889  1.00000  0.30709  4.17244 190.65585 -104.32939 87.07626
0214    4.27949  0.02081  1.00000  0.27559  1.96350 192.47209 -105.98504 83.59944
0215    4.29978  0.02027  1.00000  0.22835 -0.09818 194.14106 -102.54120 81.54273
0216    4.31905  0.01926  1.00000  0.17323 -2.15985 195.66278 -108.04609 77.99962
0217    4.34052  0.02146  1.00000  0.17323 -4.46696 197.23358 -108.16513 71.27249
0218    4.35892  0.01839  1.00000  0.00000 -6.47955 198.50985 -108.76068 67.46727
0219    4.37985  0.02091  1.00000  0.00787 -8.73758 199.93339 -109.68538 70.78226
0220    4.39854  0.01869  1.00000  0.00787 -10.84834 201.45510 -112.37338 83.00641
0221    4.41976  0.02120  0.93701 -0.01563 -13.20454 203.12408 -113.69690 79.33205
0222    4.44097  0.02120  0.93701 -0.01563 -15.65891 204.79305 -115.93510 78.40013
0223    4.45898  0.01800  0.53543 -0.17969 -17.76968 206.16750 -116.10511 76.37581
0224    4.48034  0.02134  0.35433 -0.28125 -20.12588 207.64012 -104.32163 54.43642
0225    4.49968  0.01933  0.35433 -0.28125 -22.13846 208.52370 -104.23634 43.20778
0226    4.51917  0.01948  0.00787 -0.35156 -24.00379 209.16184 -94.28209 33.35043
0227    4.54051  0.02133  0.04724 -0.39063 -26.01638 209.89815 -90.72972 33.05856
0228    4.55979  0.01927  0.04724 -0.43750 -27.63626 210.48720 -79.32051 31.91043
0229    4.57954  0.01974  0.03150 -0.46875 -28.96162 210.97808 -64.74813 25.71143
0230    4.59973  0.02018  0.01575 -0.47656 -30.33608 211.41986 -72.53149 21.73225
0231    4.61948  0.01974 -0.03125 -0.48438 -31.90688 211.76348 -78.18162 18.81540
0232    4.63927  0.01978 -0.05469 -0.48438 -33.37950 212.15618 -73.65464 17.74097
0233    4.65860  0.01926 -0.11719 -0.48438 -34.75395 212.30344 -68.19555 16.00158
0234    4.67896  0.02035 -0.14844 -0.48438 -35.63753 212.25435 -36.52357 16.00158
0235    4.69970  0.02072 -0.19531 -0.48438 -36.61928 212.25435 -52.41143  5.78188
0236    4.71887  0.01916 -0.19531 -0.48438 -37.60103 212.25435 -47.76512  5.78188
0237    4.74012  0.02124 -0.19531 -0.48438 -38.33734 212.25435 -34.97544  5.78188
0238    4.76047  0.02034 -0.26563 -0.46094 -39.07365 212.20526 -35.82611  5.78188
0239    4.77999  0.01951 -0.32031 -0.45313 -39.90814 212.05800 -42.03849  0.67333
0240    4.80051  0.02051 -0.35156 -0.44531 -40.49719 211.76348 -30.06845 -3.28869
0241    4.82026  0.01974 -0.35156 -0.44531 -40.98806 211.41986 -25.01637 -16.94311
0242    4.83963  0.01936 -0.35938 -0.43750 -41.47894 211.02716 -24.29112 -20.03764
0243    4.85898  0.01933 -0.35938 -0.43750 -41.77346 210.53629 -17.43421 -23.55198
0244    4.87906  0.02007 -0.35938 -0.43750 -41.92073 209.89815 -13.14129 -31.68837
0245    4.89904  0.01997 -0.35938 -0.42969 -41.96981 209.40728 -11.80178 -27.12848
0246    4.92009  0.02104 -0.36719 -0.40625 -41.87164 208.96549 -5.12148 -19.91355
0247    4.93957  0.01947 -0.37500 -0.39063 -41.72438 208.57279 -1.14576 -21.05576
0248    4.96314  0.02356 -0.37500 -0.39063 -41.38076 207.93465 11.36148 -25.65929
0249    4.97994  0.01679 -0.39844 -0.32813 -41.03715 207.54195 17.50615 -25.16720
0250    4.99996  0.02001 -0.40625 -0.28906 -40.64445 207.10016 20.84660 -22.89540
0251    5.02000  0.02003 -0.41406 -0.26563 -40.15358 206.65838 23.15339 -21.50833
0252    5.03950  0.01948 -0.42188 -0.21094 -39.71179 206.26568 22.63187 -19.85632
0253    5.05871  0.01920 -0.42188 -0.17188 -39.27000 205.87298 22.67473 -20.09037
0254    5.07891  0.02019 -0.42188 -0.12500 -38.82821 205.48028 23.10408 -20.54240
0255    5.09841  0.01949 -0.42188 -0.08594 -38.33734 205.08758 24.80990 -20.32369
0256    5.11946  0.02104 -0.42188 -0.03125 -37.74829 204.59670 27.41116 -21.95380
0257    5.13942  0.01995 -0.42188 -0.03906 -37.20833 204.15491 29.19902 -22.12938
0258    5.15853  0.01910 -0.42188 -0.06250 -36.57019 203.76221 30.76159 -20.97806
0259    5.17965  0.02111 -0.42188 -0.08594 -35.93205 203.36951 31.42314 -19.32427
0260    5.19893  0.01927 -0.42188 -0.10938 -35.29391 202.97681 32.72784 -19.19280
0261    5.21900  0.02005 -0.42188 -0.11719 -34.65578 202.58411 32.36115 -19.95910
0262    5.24001  0.02101 -0.41406 -0.12500 -33.91946 202.14233 33.71035 -20.34416
0263    5.25832  0.01829 -0.41406 -0.12500 -33.33041 201.79871 33.18012 -20.60604
0264    5.27847  0.02015 -0.41406 -0.13281 -32.64319 201.35693 33.32349 -20.41705
0265    5.29874  0.02026 -0.41406 -0.12500 -32.00505 200.96423 33.02664 -20.19746
0266    5.31937  0.02061 -0.41406 -0.12500 -31.31783 200.52244 33.74720 -20.59968
0267    5.33837  0.01899 -0.41406 -0.12500 -30.63060 200.17883 33.96354 -20.15372
0268    5.35875  0.02037 -0.41406 -0.12500 -29.94338 199.73704 34.75504 -20.37599
0269    5.37948  0.02072 -0.39844 -0.14063 -29.20706 199.34434 35.49182 -20.13987
0270    5.40051  0.02102 -0.37500 -0.19531 -28.47075 198.90255 36.10702 -20.64135
0271    5.42000  0.01947 -0.37500 -0.19531 -27.73444 198.46076 36.37256 -21.75811
0272    5.44006  0.02006 -0.32813 -0.27344 -26.99812 198.01897 36.18488 -21.44261
0273    5.45996  0.01989 -0.31250 -0.28906 -26.31090 197.57719 36.03308 -23.61804
0274    5.47935  0.01937 -0.28125 -0.31250 -25.62368 196.88996 35.32479 -35.79867
0275    5.50093  0.02157 -0.28125 -0.31250 -24.88736 196.15365 33.88453 -33.52880
0276    5.51962  0.01868 -0.26563 -0.32813 -24.24923 195.61369 33.52811 -28.49137
0277    5.53976  0.02013 -0.25781 -0.33594 -23.56200 195.12281 32.80472 -24.65383
0278    5.56047  0.02071 -0.25781 -0.33594 -22.92386 194.53376 33.16432 -28.46279
0279    5.57875  0.01827 -0.23438 -0.33594 -22.28573 193.94471 32.97107 -33.45396
0280    5.60243  0.02366 -0.23438 -0.33594 -21.54941 193.15931 31.69256 -31.89550
0281    5.61971  0.01727 -0.20313 -0.34375 -21.00945 192.61935 31.21850 -31.40635
0282    5.63964  0.01992 -0.19531 -0.35156 -20.37131 191.98121 30.71194 -33.72031
0283    5.66008  0.02043 -0.17969 -0.35938 -19.78226 191.29399 30.47796 -33.92891
0284    5.68246  0.02237 -0.17969 -0.35938 -19.09504 190.50859 30.44583 -35.39088
0285    5.69936  0.01689 -0.17188 -0.35938 -18.55508 189.87045 30.53664 -35.98632
0286    5.71978  0.02041 -0.17188 -0.35938 -17.96603 189.13414 30.35001 -37.00779
0287    5.73800  0.01821 -0.17188 -0.35938 -17.37697 188.44691 30.51567 -36.86950
0288    5.75890  0.02089 -0.17188 -0.35156 -16.73884 187.71060 31.00348 -36.57296
0289    5.77819  0.01928 -0.17188 -0.35156 -16.14979 186.97429 30.52781 -37.35859
0290    5.79827  0.02008 -0.17188 -0.35156 -15.56074 186.23798 30.95353 -37.37821
0291    5.82004  0.02176 -0.17969 -0.33594 -14.87351 185.40349 30.86332 -36.59000
0292    5.83951  0.01946 -0.18750 -0.33594 -14.28446 184.66718 30.84102 -36.96682
0293    5.85947  0.01995 -0.19531 -0.32813 -13.64633 183.93086 30.40481 -37.09546
0294    5.87957  0.02008 -0.21094 -0.31250 -13.05728 183.19455 30.61931 -36.71686
0295    5.89988  0.02030 -0.21875 -0.30469 -12.41914 182.45824 29.79379 -37.72595
0296    5.91961  0.01972 -0.22656 -0.29688 -11.87918 181.72193 29.61387 -36.40682
0297    5.93954  0.01991 -0.23438 -0.28906 -11.29013 180.98561 29.60288 -36.43885
0298    5.95841  0.01886 -0.25000 -0.28906 -10.70108 180.34748 31.03906 -35.88451
0299    5.97992  0.02150 -0.25781 -0.28125 -10.01385 179.56208 31.48219 -35.91484
0300    5.99952  0.01958 -0.27344 -0.26563 -9.37571 178.87485 31.94782 -35.80429
0301    6.01935  0.01982 -0.28125 -0.25781 -8.73758 178.13854 31.82901 -35.51288
0302    6.03969  0.02024 -0.29688 -0.25000 -8.09944 177.45131 31.90380 -34.36598
0303    6.05944  0.01974 -0.29688 -0.24219 -7.46130 176.76409 32.26384 -34.35143
0304    6.07904  0.01959 -0.30469 -0.24219 -6.82316 176.07686 32.21186 -33.82452
0305    6.09970  0.02064 -0.30469 -0.24219 -6.13594 175.38964 32.93126 -33.10828
0306    6.11944  0.01974 -0.31250 -0.23438 -5.49780 174.75150 33.29219 -33.60834
0307    6.13845  0.01900 -0.31250 -0.23438 -4.85966 174.11336 33.66492 -33.88219
0308    6.15882  0.02036 -0.31250 -0.22656 -4.12335 173.42614 35.53010 -33.02375
0309    6.17849  0.01966 -0.31250 -0.21875 -3.43613 172.78800 36.28585 -32.00875
0310    6.19894  0.02044 -0.31250 -0.21875 -2.69981 172.14986 36.34994 -31.92195
0311    6.21890  0.01994 -0.31250 -0.21094 -1.96350 171.51172 36.34886 -32.06322
0312    6.23986  0.02095 -0.31250 -0.20313 -1.17810 170.82450 36.00163 -31.78707
0313    6.25898  0.01911 -0.31250 -0.20313 -0.53996 170.23545 35.09459 -32.50623
0314    6.27968  0.02069 -0.31250 -0.19531  0.14726 169.54823 33.47780 -32.91106
0315    6.29957  0.01988 -0.30469 -0.19531  0.83449 168.91009 32.74967 -32.47795
0316    6.31949  0.01991 -0.30469 -0.18750  1.47263 168.27195 32.73275 -31.29582
0317    6.33960  0.02010 -0.29688 -0.18750  2.11076 167.68290 32.14984 -30.04811
0318    6.36049  0.02087 -0.27344 -0.17969  2.79799 167.09385 32.43921 -28.32728
0319    6.37871  0.01821 -0.25000 -0.17969  3.38704 166.55389 32.79748 -27.50231
0320    6.39985  0.02113 -0.20313 -0.14844  4.07426 166.01393 33.49688 -26.19341
0321    6.41969  0.01982 -0.14844 -0.13281  4.71240 165.52305 29.41176 -24.26860
0322    6.43987  0.02018 -0.14844 -0.13281  5.15419 165.08126 24.48065 -22.78815
0323    6.46048  0.02059  0.00000 -0.03125  5.44871 164.73765 16.53527 -17.53050
0324    6.47966  0.01917  0.03937  0.01575  5.49780 164.54130 14.16699 -12.85215
0325    6.50030  0.02063  0.03937  0.00787  5.39963 164.49221  5.85288 -11.03670
0326    6.51987  0.01956  0.03937  0.00000  5.20328 164.49221  0.00000 -11.03670
0327    6.53898  0.01910  0.03937  0.00787  5.00693 164.59039 -5.07930 -4.53344
0328    6.56095  0.02196  0.04724  0.01575  4.71240 164.83583 -12.79483  1.01520
0329    6.57942  0.01847  0.05512  0.00787  4.41787 165.03218 -14.22956  5.44262
0330    6.59871  0.01927  0.11024  0.00787  4.12335 165.27761 -15.23950 11.65476
0331    6.61909  0.02037  0.16535  0.00787  3.77974 165.52305 -15.84155 12.03340
0332    6.63835  0.01925  0.29134  0.00787  3.53430 165.71940 -15.36637 11.42768
0333    6.65844  0.02008  0.39370  0.00787  3.23978 165.91575 -13.75809 10.71039
0334    6.67962  0.02116  0.54331  0.04724  2.89616 166.11210 -15.08000 10.00151
0335    6.69955  0.01993  0.57480  0.12598  2.55255 166.25936 -17.87037  9.27299
0336    6.71970  0.02014  0.68504  0.24409  2.11076 166.45571 -21.74924  8.62367
0337    6.74035  0.02063  0.72441  0.33858  1.61989 166.65206 -22.95541  8.80514
0338    6.75976  0.01940  0.76378  0.55118  1.12901 166.94659 -25.38750 12.13724
0339    6.78008  0.02031  0.78740  0.69291  0.53996 167.38838 -28.78602 20.90471
0340    6.79940  0.01931  0.80315  0.74803 -0.04909 167.78108 -30.39238 21.70074
0341    6.81950  0.02008  0.82677  0.77165 -0.68723 168.32104 -33.60431 25.52938
0342    6.83964  0.02013  0.85039  0.78740 -1.47263 168.91009 -38.11408 30.79662
0343    6.85946  0.01980  0.85827  0.79528 -2.25803 169.59731 -39.37916 34.76316
0344    6.87948  0.02001  0.85827  0.88189 -3.09251 170.33362 -42.55914 37.09294
0345    6.89940  0.01991  0.85827  0.88189 -3.97609 171.11903 -44.54644 39.45354
0346    6.91863  0.01922  0.85827  0.95276 -4.85966 171.95351 -47.54928 45.01314
0347    6.93922  0.02057  0.85827  0.96063 -5.89050 172.93526 -49.46467 48.26767
0348    6.95943  0.02020  0.85827  0.98425 -6.92134 173.96610 -51.65827 49.11795
0349    6.97974  0.02030  0.85827  1.00000 -8.00126 174.99694 -55.12848 53.65194
0350    6.99934  0.01959  0.85039  1.00000 -9.13028 176.12595 -57.41396 58.66588
0351    7.01915  0.01980  0.84252  1.00000 -10.30838 177.30405 -59.66598 60.43175
0352    7.03877  0.01961  0.84252  1.00000 -11.48648 178.53124 -60.58241 62.44435
0353    7.05846  0.01968  0.83465  1.00000 -12.71366 179.80751 -63.08231 66.62753
0354    7.07852  0.01997  0.82677  1.00000 -13.98994 181.23105 -65.32067 70.29018
0355    7.09896  0.02042  0.80315  1.00000 -15.36439 182.70368 -66.34432 73.25126
0356    7.11876  0.01978  0.73228  1.00000 -16.68975 184.12721 -67.75316 74.94389
0357    7.13875  0.01998  0.63780  1.00000 -18.06420 185.64893 -69.10812 77.10583
0358    7.15934  0.02058  0.45669  1.00000 -19.48774 187.26881 -68.39033 78.10325
0359    7.17986  0.02051  0.16535  0.99213 -20.91128 188.88870 -66.92913 81.12228
0360    7.20077  0.02090  0.03937  0.93701 -22.28573 190.60676 -67.48304 82.67229
0361    7.22052  0.01974  0.00000  0.74803 -23.56200 192.22665 -59.15796 81.34072
0362    7.24011  0.01958  0.03150  0.66929 -24.59284 193.79745 -57.42235 79.96660
0363    7.26054  0.02042  0.03937  0.42520 -25.86911 195.41734 -62.91051 76.31051
0364    7.27956  0.01901  0.00787  0.11024 -27.04721 196.88996 -61.85148 75.34940
0365    7.30110  0.02153  0.00787  0.11024 -28.37258 198.50985 -61.59691 73.12631
0366    7.32136  0.02024 -0.09375  0.00000 -29.59976 199.39343 -59.05974 35.83291
0367    7.33938  0.01801 -0.30469  0.05512 -30.63060 200.71879 -56.95729 70.94902
0368    7.35991  0.02052 -0.40625  0.00787 -31.56326 202.14233 -43.82382 58.15710
0369    7.37941  0.01950 -0.56250  0.00787 -32.29958 203.22225 -38.11200 58.51378
0370    7.39899  0.01957 -0.57031  0.00787 -32.93771 204.59670 -31.65996 67.85149
0371    7.41929  0.02029 -0.57031  0.00787 -33.33041 205.77480 -20.49300 56.07725
0372    7.43902  0.01971 -0.57031  0.01575 -33.67403 206.85473 -16.99888 56.09359
0373    7.45916  0.02013 -0.57031  0.00787 -34.01764 207.93465 -18.85678 52.72018
0374    7.48004  0.02087 -0.57031  0.00000 -34.36125 209.01458 -16.70239 49.90012
0375    7.49955  0.01949 -0.57031  0.00000 -34.65578 209.84906 -14.57392 41.15990
0376    7.52056  0.02100 -0.57031 -0.05469 -34.90121 210.68355 -12.65698 39.96117
0377    7.54108  0.02051 -0.57813 -0.10938 -35.04847 211.41986 -10.75873 36.82677
0378    7.55953  0.01843 -0.57031 -0.17969 -35.09756 212.00891 -9.58586 29.97655
0379    7.57917  0.01964 -0.57031 -0.19531 -35.04847 212.59796 -9.58586 31.70433
0380    7.59943  0.02025 -0.57031 -0.20313 -34.95030 213.18701 -3.20088 27.90616
0381    7.61976  0.02031 -0.57031 -0.21094 -34.75395 213.57971  1.02424 22.43103
0382    7.63853  0.01876 -0.57031 -0.21094 -34.45942 213.87424 11.53322 16.93335
0383    7.65941  0.02087 -0.57031 -0.22656 -34.16490 214.11968 15.40288 12.54617
0384    7.67907  0.01966 -0.57031 -0.22656 -33.87038 214.16876 14.50926 11.42712
0385    7.69943  0.02034 -0.57031 -0.24219 -33.57585 214.16876 15.02643  8.81416
0386    7.72005  0.02061 -0.56250 -0.25781 -33.23224 214.11968 15.22506  4.45577
0387    7.73992  0.01986 -0.55469 -0.28125 -32.93771 213.97241 14.93533  1.00796
0388    7.75912  0.01919 -0.54688 -0.29688 -32.64319 213.77606 15.32445 -2.97540
0389    7.78114  0.02201 -0.53125 -0.31250 -32.29958 213.53063 15.83820 -10.46512
0390    7.79939  0.01823 -0.52344 -0.32031 -31.95596 213.23610 17.16319 -13.73972
0391    7.81935  0.01996 -0.52344 -0.33594 -31.56326 212.89249 19.43894 -16.33123
0392    7.83983  0.02047 -0.52344 -0.34375 -31.12148 212.54888 21.58076 -17.91864
0393    7.86014  0.02030 -0.52344 -0.35938 -30.63060 212.15618 24.23368 -19.41414
0394    7.87818  0.01803 -0.52344 -0.35938 -30.18881 211.76348 25.66640 -21.00427
0395    7.89940  0.02120 -0.52344 -0.36719 -29.59976 211.27260 27.17858 -22.97873
0396    7.91897  0.01956 -0.52344 -0.35938 -29.01071 210.78173 29.15826 -24.60915
0397    7.93917  0.02019 -0.52344 -0.35156 -28.42166 210.24176 30.69724 -26.01786
0398    7.96077  0.02160 -0.52344 -0.35156 -27.73444 209.65271 32.09896 -27.58507
0399    7.97978  0.01899 -0.53125 -0.30469 -27.09630 209.11275 32.76191 -28.32426
0400    8.00059  0.02080 -0.53906 -0.28906 -26.35999 208.52370 35.00012 -28.42447
0401    8.02186  0.02127 -0.55469 -0.25000 -25.62368 207.93465 34.55297 -28.30181
0402    8.04033  0.01846 -0.56250 -0.21094 -24.98554 207.39469 35.01635 -29.66290
0403    8.06099  0.02056 -0.57031 -0.16406 -24.24923 206.80564 35.63534 -28.35698
0404    8.08008  0.01909 -0.57813 -0.13281 -23.51291 206.26568 38.02580 -27.87202
0405    8.09949  0.01939 -0.57813 -0.10938 -22.72751 205.72571 40.74243 -27.35533
0406    8.12031  0.02081 -0.57813 -0.10156 -21.84394 205.18575 43.18802 -26.98116
0407    8.13913  0.01882 -0.57813 -0.09375 -21.05854 204.69488 43.17472 -24.98600
0408    8.16286  0.02371 -0.57813 -0.09375 -19.97861 204.10583 44.14542 -25.90780
0409    8.17907  0.01621 -0.57813 -0.09375 -19.24230 203.66404 45.98964 -26.12879
0410    8.20099  0.02190 -0.57813 -0.09375 -18.26055 203.07499 45.20236 -25.90315
0411    8.21945  0.01845 -0.57813 -0.09375 -17.42606 202.63320 45.20652 -25.30675
0412    8.24047  0.02101 -0.57813 -0.09375 -16.44431 202.09324 45.85324 -25.45365
0413    8.26009  0.01961 -0.57813 -0.09375 -15.56074 201.60236 45.50912 -25.11518
0414    8.28024  0.02014 -0.57813 -0.11719 -14.67716 201.11149 45.23610 -25.58140
0415    8.30004  0.01979 -0.57031 -0.13281 -13.74450 200.52244 45.72936 -28.05738
0416    8.31917  0.01911 -0.57031 -0.15625 -12.86093 199.98248 46.17284 -29.38896
0417    8.34111  0.02193 -0.56250 -0.19531 -11.83009 199.29525 47.63487 -30.19041
0418    8.36011  0.01899 -0.56250 -0.21875 -10.89743 198.70620 48.10401 -30.92662
0419    8.38058  0.02046 -0.56250 -0.21875 -9.86659 198.11715 50.93623 -30.78484
0420    8.40023  0.01964 -0.55469 -0.28906 -8.88484 197.52810 50.35442 -29.20215
0421    8.42092  0.02066 -0.54688 -0.30469 -7.85400 196.88996 50.32964 -30.03534
0422    8.43998  0.01905 -0.53906 -0.32031 -6.92134 196.25183 48.68898 -33.10203
0423    8.45999  0.02000 -0.53125 -0.34375 -5.93959 195.56460 47.60208 -35.41322
0424    8.48134  0.02134 -0.51563 -0.36719 -4.95784 194.68103 47.17321 -43.27177
0425    8.50039  0.01904 -0.48438 -0.39844 -4.02518 193.84654 47.36644 -41.20602
0426    8.51971  0.01930 -0.46094 -0.39844 -3.14160 193.06114 47.54145 -39.80111
0427    8.54021  0.02049 -0.43750 -0.41406 -2.15985 192.27574 46.59778 -39.53823
0428    8.55973  0.01952 -0.43750 -0.42188 -1.27628 191.49034 46.38883 -39.74648
0429    8.57977  0.02003 -0.42969 -0.42188 -0.34361 190.70494 45.59493 -40.54523
0430    8.59979  0.01999 -0.42969 -0.42188  0.58905 189.87045 44.95728 -41.50689
0431    8.61902  0.01922 -0.42969 -0.42188  1.42354 189.03596 45.24423 -43.30327
0432    8.64054  0.02150 -0.43750 -0.42188  2.45437 188.10330 48.48843 -43.10553
0433    8.66055  0.02000 -0.42969 -0.42188  3.43613 187.21973 48.84814 -44.46452
0434    8.68127  0.02071 -0.42969 -0.42188  4.46696 186.28706 49.68949 -46.34810
0435    8.69837  0.01709 -0.42969 -0.42188  5.30145 185.45258 49.29478 -48.04869
0436    8.71816  0.01978 -0.42969 -0.42188  6.28320 184.51991 50.57048 -48.07951
0437    8.73832  0.02015 -0.42969 -0.42188  7.31404 183.53816 50.50570 -48.51862
0438    8.75999  0.02166 -0.42188 -0.42969  8.44305 182.45824 51.79919 -49.55580
0439    8.77909  0.01909 -0.40625 -0.42969  9.42480 181.47649 52.85358 -51.20322
0440    8.80155  0.02245 -0.40625 -0.42969 10.65199 180.34748 53.47310 -50.64666
0441    8.82262  0.02105 -0.39844 -0.43750 11.78100 179.26755 53.68362 -52.48120
0442    8.84056  0.01788 -0.35156 -0.45313 12.71366 178.33489 52.90314 -52.60775
0443    8.86050  0.01993 -0.33594 -0.46094 13.74450 177.25496 51.20802 -53.50632
0444    8.87949  0.01898 -0.31250 -0.46875 14.72625 176.17504 52.75616 -55.32420
0445    8.89912  0.01962 -0.31250 -0.47656 15.75709 175.09511 51.53083 -54.27872
0446    8.92082  0.02168 -0.30469 -0.48438 16.88610 173.91701 50.78105 -57.07185
0447    8.93856  0.01773 -0.30469 -0.48438 17.76968 172.88618 50.83627 -56.36831
0448    8.96068  0.02211 -0.29688 -0.49219 18.89869 171.65899 50.60124 -58.16916
0449    8.98010  0.01941 -0.29688 -0.49219 19.88044 170.57906 49.92982 -55.37725
0450    9.00198  0.02186 -0.29688 -0.49219 20.96036 169.30279 51.71978 -58.26548
0451    9.02074  0.01875 -0.28125 -0.49219 21.94211 168.22286 51.97552 -57.73540
0452    9.04117  0.02042 -0.27344 -0.50000 23.02204 167.04476 51.89502 -57.96652
0453    9.05892  0.01774 -0.25781 -0.50000 23.95470 165.96484 52.05710 -58.67289
0454    9.07956  0.02063 -0.23438 -0.50000 24.98554 164.73765 50.18556 -59.48198
0455    9.09895  0.01938 -0.21094 -0.50000 25.96729 163.60864 49.94709 -60.11610
0456    9.11905  0.02009 -0.20313 -0.50000 26.94904 162.38145 49.49085 -58.85968
0457    9.13900  0.01994 -0.18750 -0.50000 27.93079 161.20335 49.56056 -60.94117
0458    9.15893  0.01991 -0.17188 -0.50000 28.91254 159.97616 48.70589 -59.71279
0459    9.17897  0.02003 -0.17188 -0.50000 29.89429 158.74898 47.98270 -59.78079
0460    9.19868  0.01969 -0.17188 -0.50000 30.82695 157.57088 46.95234 -60.09402
0461    9.21889  0.02020 -0.15625 -0.49219 31.75961 156.34369 46.41646 -60.65727
0462    9.24096  0.02206 -0.13281 -0.48438 32.74136 155.01833 45.47118 -60.42542
0463    9.26055  0.01958 -0.12500 -0.46875 33.62494 153.84023 45.13254 -60.38603
0464    9.28021  0.01966 -0.11719 -0.43750 34.50851 152.61304 44.61527 -61.28813
0465    9.30076  0.02053 -0.10938 -0.41406 35.39209 151.38585 43.20759 -60.21233
0466    9.32041  0.01964 -0.10938 -0.41406 36.22658 150.20775 41.42405 -58.37843
0467    9.34119  0.02077 -0.05469 -0.30469 37.06106 149.02965 40.47302 -58.89887
0468    9.36098  0.01978  0.00787 -0.28125 37.84646 147.90064 39.03330 -56.35666
0469    9.38043  0.01943  0.04724 -0.18750 38.58278 146.86980 36.66051 -51.62785
0470    9.40030  0.01987  0.04724 -0.07813 39.27000 145.83896 36.05796 -52.65939
0471    9.42072  0.02041  0.03150  0.01575 40.05540 144.80813 35.92285 -49.38057
0472    9.44037  0.01963  0.02362  0.00787 40.69354 143.87546 34.80828 -45.34265
0473    9.46093  0.02056  0.02362  0.00000 41.47894 142.94280 36.46754 -45.06996
0474    9.47967  0.01873  0.03150  0.00787 42.11708 142.10831 35.98843 -45.32988
0475    9.50067  0.02098  0.03150  0.00787 42.90248 141.12656 35.85385 -45.21651
0476    9.52002  0.01934  0.03150  0.00787 43.58970 140.29208 35.62874 -43.63566
0477    9.54016  0.02013  0.04724  0.00787 44.27693 139.40850 35.50954 -43.21121
0478    9.55972  0.01955  0.04724  0.00787 44.91506 138.62310 31.54937 -40.55478
0479    9.57986  0.02013  0.04724  0.00787 45.50411 137.78861 29.56704 -39.70501
0480    9.59976  0.01989  0.04724  0.00787 46.04408 137.05230 27.61518 -37.12520
0481    9.62027  0.02050  0.04724  0.00787 46.58404 136.36508 24.55732 -33.43004
0482    9.63956  0.01928  0.04724  0.00787 47.02583 135.72694 23.77550 -31.89519
0483    9.66017  0.02060  0.04724  0.00787 47.46761 135.13789 22.83400 -29.45642
0484    9.68228  0.02209  0.04724  0.00787 47.95849 134.49975 21.19628 -27.89498
0485    9.69835  0.01606  0.04724  0.00787 48.30210 134.10705 20.60669 -26.82172
0486    9.72082  0.02246  0.04724  0.00787 48.74389 133.51800 20.25388 -26.14194
0487    9.73962  0.01879  0.04724  0.01575 49.08750 133.02712 19.83546 -25.06722
0488    9.76166  0.02203  0.04724  0.01575 49.52929 132.48716 18.95786 -24.41909
0489    9.77862  0.01695  0.04724  0.01575 49.82381 132.09446 18.03106 -23.17498
0490    9.79932  0.02069  0.03937  0.01575 50.16743 131.65268 16.69813 -21.72590
0491    9.81825  0.01891  0.03937  0.01575 50.46195 131.25998 15.22364 -20.66790
0492    9.84000  0.02174  0.03937  0.00787 50.70739 130.86728 13.85402 -18.88547
0493    9.85978  0.01977  0.03937  0.00787 50.95283 130.57275 12.81183 -16.87929
0494    9.87945  0.01965  0.04724  0.01575 51.19826 130.27823 11.55152 -14.51297
0495    9.89990  0.02044  0.05512  0.02362 51.39461 130.03279 10.59709 -12.74866
0496    9.92057  0.02066  0.04724  0.05512 51.54188 129.83644  9.81052 -11.60048
0497    9.94012  0.01954  0.04724  0.15748 51.73823 129.64009  8.69791 -10.35975
0498    9.95876  0.01863  0.04724  0.22047 51.83640 129.54191  7.88820 -9.45694
0499    9.98023  0.02146  0.05512  0.43307 51.88549 129.44374  7.11651 -7.36013
0500    9.99978  0.01953  0.08661  0.56693 51.88549 129.49283  7.11651 -7.36013
0501   10.01944  0.01965  0.16535  0.74016 51.83640 129.59100  7.11651 -3.04528
0502   10.03970  0.02025  0.18110  0.79528 51.73823 129.83644  2.33257  2.08562
0503   10.05948  0.01977  0.27559  0.85827 51.64005 130.13096  0.74320 12.74042
0504   10.07897  0.01948  0.35433  0.87402 51.49279 130.52366 -1.46061 18.96607
0505   10.09926  0.02028  0.40945  0.90551 51.24735 131.01454 -7.83518 24.85588
0506   10.11945  0.02018  0.42520  0.91339 51.00191 131.60359 -11.58329 27.74583
0507   10.14038  0.02092  0.44094  0.92126 50.65830 132.24173 -15.62341 33.01876
0508   10.15973  0.01934  0.44094  0.92913 50.26560 132.97804 -19.11008 36.80688
0509   10.17983  0.02010  0.44882  0.93701 49.77473 133.76344 -22.39730 39.52963
0510   10.19984  0.01999  0.44882  0.93701 49.28385 134.59793 -25.76440 42.61734
0511   10.21981  0.01996  0.44882  0.93701 48.69480 135.48150 -29.10648 46.95706
0512   10.23966  0.01984  0.44882  0.94488 48.10575 136.46325 -31.26961 49.44100
0513   10.25894  0.01927  0.44882  0.94488 47.46761 137.44500 -33.15256 52.13699
0514   10.27826  0.01931  0.44882  0.94488 46.78039 138.52493 -35.48746 56.24946
0515   10.30013  0.02186  0.40945  0.93701 45.94590 139.80120 -37.09785 59.48089
0516   10.31938  0.01924  0.38583  0.93701 45.20959 140.97930 -38.85103 59.70154
0517   10.33912  0.01973  0.25984  0.93701 44.42419 142.20649 -39.83502 63.50711
0518   10.36030  0.02117  0.18110  0.93701 43.58970 143.58094 -39.98119 65.71197
0519   10.38012  0.01981  0.05512  0.93701 42.75521 144.95539 -41.39244 68.52829
0520   10.39846  0.01834  0.03937  0.93701 42.01890 146.23166 -40.38561 70.56046
0521   10.42019  0.02171  0.03937  0.92126 41.18441 147.85155 -37.35148 74.39642
0522   10.44044  0.02025  0.04724  0.85039 40.44810 149.37326 -35.88110 74.92902
0523   10.45975  0.01929  0.03937  0.75591 39.80996 150.79680 -33.50454 73.19392
0524   10.47947  0.01971 -0.00781  0.61417 39.17183 152.26942 -32.67468 73.08331
0525   10.49953  0.02006 -0.07031  0.48819 38.43551 153.69296 -36.06458 68.73315
0526   10.52054  0.02099 -0.16406  0.28346 37.69920 155.11650 -34.51313 67.08280
0527   10.54081  0.02026 -0.21875  0.18898 37.11015 156.39278 -30.50561 62.93431
0528   10.56047  0.01965 -0.25781  0.09449 36.57019 157.61996 -26.55216 59.70190
0529   10.57947  0.01899 -0.28906  0.07087 36.27566 158.50354 -19.58818 39.14193
0530   10.60089  0.02141 -0.28906  0.07087 35.93205 159.28894 -15.63849 42.87511
0531   10.61960  0.01869 -0.35938  0.07087 35.63753 160.31978 -15.37721 53.01570
0532   10.64046  0.02086 -0.40625  0.05512 35.34300 161.25244 -15.37172 44.13212
0533   10.66012  0.01964 -0.43750  0.00787 35.09756 161.93966 -13.45527 34.58803
0534   10.67993  0.01980 -0.44531  0.00787 34.90121 162.67598 -11.59789 37.64913
0535   10.69954  0.01960 -0.46094  0.00787 34.75395 163.41229 -9.70377 40.41038
0536   10.71900  0.01945 -0.46875  0.00787 34.70486 164.14860 -8.36009 36.76085
0537   10.73844  0.01942 -0.46875  0.00787 34.70486 164.83583 -8.36009 34.62535
0538   10.75869  0.02024 -0.47656  0.00787 34.70486 165.52305 -8.36009 32.21874
0539   10.77786  0.01916 -0.47656  0.00787 34.80304 166.11210 -3.17443 30.61606
0540   10.79847  0.02059 -0.47656  0.00787 34.95030 166.65206 -0.75778 27.56254
0541   10.81838  0.01990 -0.47656  0.00787 35.14665 167.14294  2.26126 25.20487
0542   10.83882  0.02042 -0.47656  0.00787 35.44118 167.53564 11.55058 19.23431
0543   10.85811  0.01929 -0.47656  0.00787 35.93205 167.78108 25.42057 15.07682
0544   10.87893  0.02080 -0.47656  0.00000 36.71745 168.02651 40.39542 11.95571
0545   10.89867  0.01973 -0.47656  0.00000 37.69920 168.17378 53.91890 10.07641
0546   10.91923  0.02055 -0.47656  0.00000 38.97547 168.27195 63.15536  8.36218
0547   10.93870  0.01946 -0.47656  0.00000 40.30084 168.32104 69.15291  7.03286
0548   10.95829  0.01958 -0.47656  0.00000 41.62620 168.32104 68.33035  7.03286
0549   10.97827  0.01997 -0.47656  0.00000 42.01890 168.32104 49.89176  7.03286
0550   10.99863  0.02035 -0.47656  0.00000 42.46069 168.32104 14.69294  7.03286
0551   11.01932  0.02068 -0.47656  0.00000 42.90248 168.32104 25.00146  7.03286
0552   11.03906  0.01973 -0.48438  0.00000 43.24609 168.32104 16.17866  7.03286
0553   11.06053  0.02146 -0.50000  0.00000 43.68788 168.32104 20.12154  7.03286
0554   11.07835  0.01781 -0.51563  0.00000 43.98240 168.32104 19.29006  7.03286
0555   11.09901  0.02064 -0.52344  0.00000 44.32601 168.22286 16.25271  0.00000
0556   11.12052  0.02150 -0.53906  0.00787 44.62054 168.07560 14.32668 -8.11314
0557   11.13951  0.01898 -0.55469  0.00787 44.96415 167.97743 16.75593 -6.66371
0558   11.15970  0.02017 -0.56250  0.00787 45.35685 167.87925 18.88951 -5.61990
0559   11.17964  0.01994 -0.57031  0.00787 45.84773 167.83016 23.51666 -5.25782
0560   11.19890  0.01925 -0.58594  0.00787 46.43678 167.78108 31.21274 -4.74015
0561   11.21960  0.02069 -0.60156  0.00787 47.02583 167.73199 29.11943 -4.25522
0562   11.23868  0.01906 -0.60938  0.00787 47.51670 167.68290 24.79173 -3.77953
0563   11.25943  0.02074 -0.62500  0.00787 47.95849 167.58473 22.54010 -3.48197
0564   11.28038  0.02094 -0.63281  0.00000 48.49845 167.43746 25.95506 -3.73658
0565   11.29906  0.01866 -0.64844  0.00000 49.08750 167.24111 31.15440 -5.70496
0566   11.31987  0.02080 -0.64844  0.00000 49.77473 166.99568 33.97306 -10.28621
0567   11.34011  0.02024 -0.65625  0.00787 50.56013 166.70115 37.50215 -13.21338
0568   11.36207  0.02192 -0.65625  0.00787 51.39461 166.35754 37.74684 -15.12845
0569   11.37851  0.01644 -0.65625  0.00787 52.03275 166.06301 40.22016 -15.72448
0570   11.39859  0.02007 -0.65625  0.00787 52.91633 165.76849 43.89809 -16.10276
0571   11.41957  0.02096 -0.66406  0.00000 53.84899 165.42488 44.93690 -16.41360
0572   11.43941  0.01983 -0.66406 -0.03906 54.73256 165.08126 46.04205 -17.25444
0573   11.45896  0.01954 -0.66406 -0.13281 55.66523 164.68856 47.25495 -18.06863
0574   11.47936  0.02038 -0.66406 -0.19531 56.64698 164.34495 47.41105 -18.58010
0575   11.49998  0.02061 -0.66406 -0.19531 57.67781 163.90316 50.51064 -20.94320
0576   11.51956  0.01957 -0.66406 -0.37500 58.65956 163.46138 51.71651 -22.28444
0577   11.53891  0.01934 -0.66406 -0.37500 59.69040 163.01959 51.98323 -22.09531
0578   11.55984  0.02092 -0.66406 -0.43750 60.77033 162.18510 52.42123 -43.87533
0579   11.58053  0.02068 -0.67188 -0.46094 61.85025 161.39970 51.96699 -37.88639
0580   11.59815  0.01762 -0.67188 -0.46094 62.73382 160.90883 50.42373 -28.26026
0581   11.61982  0.02166 -0.67969 -0.46094 63.86284 160.31978 50.23615 -26.41143
0582   11.64049  0.02065 -0.68750 -0.45313 64.84459 159.63255 49.91281 -33.63263
0583   11.65905  0.01855 -0.69531 -0.45313 65.82634 158.94533 53.48999 -35.67211
0584   11.67796  0.01890 -0.69531 -0.45313 66.85718 158.20901 55.09599 -39.20946
0585   11.69959  0.02161 -0.69531 -0.46094 68.08436 157.32544 57.38275 -42.26325
0586   11.71994  0.02035 -0.69531 -0.46875 69.31155 156.44186 60.42505 -45.29934
0587   11.73935  0.01940 -0.69531 -0.48438 70.48965 155.50920 62.20931 -47.44060
0588   11.76011  0.02075 -0.67969 -0.52344 71.86410 154.52745 66.38874 -47.86806
0589   11.77998  0.01986 -0.66406 -0.56250 73.18946 153.49661 66.33805 -51.37551
0590   11.80021  0.02016 -0.61719 -0.62500 74.56391 152.46578 67.94635 -52.52472
0591   11.82028  0.02006 -0.57031 -0.64844 75.88928 151.33676 65.37678 -57.82245
0592   11.83987  0.01957 -0.51563 -0.68750 77.11646 150.20775 61.64371 -58.83076
0593   11.85961  0.01973 -0.49219 -0.75000 78.39274 148.98056 65.39245 -64.31379
0594   11.87910  0.01949 -0.44531 -0.78906 79.61993 147.70429 61.61430 -64.58797
0595   11.89907  0.01995 -0.40625 -0.80469 80.79803 146.37893 59.49135 -67.35063
0596   11.91980  0.02071 -0.37500 -0.86719 82.02521 144.95539 58.93105 -71.34033
0597   11.93952  0.01971 -0.34375 -0.86719 83.15423 143.48276 57.11468 -74.40036
0598   11.95892  0.01939 -0.32031 -0.86719 84.28324 142.01014 57.88245 -74.80399
0599   11.97987  0.02093 -0.31250 -0.85938 85.51043 140.34116 59.78115 -82.34154
0600   12.00164  0.02176 -0.31250 -0.85938 86.83579 138.57401 59.18364 -85.14080
0601   12.01972  0.01807 -0.28125 -0.85938 87.86663 137.05230 58.92079 -84.82741
0602   12.03825  0.01852 -0.28125 -0.85938 88.94655 135.38332 56.44025 -91.39189
0603   12.05875  0.02049 -0.27344 -0.84375 90.07556 133.51800 57.03240 -90.24848
0604   12.07851  0.01975 -0.27344 -0.82813 91.25366 131.75085 58.28450 -88.84455
0605   12.09813  0.01962 -0.27344 -0.82813 92.38267 129.98370 57.62255 -91.04356
0606   12.11950  0.02135 -0.25781 -0.82813 93.56077 127.97111 55.51723 -92.78073
0607   12.13893  0.01942 -0.23438 -0.82813 94.64070 126.20396 54.16313 -92.07071
0608   12.15945  0.02051 -0.23438 -0.82813 95.72063 124.28955 54.16133 -93.68737
0609   12.17894  0.01949 -0.10156 -0.82813 96.80055 122.42422 55.27249 -94.04636
0610   12.19889  0.01994  0.00000 -0.82813 97.92956 120.55890 54.76835 -93.89885
0611   12.21908  0.02018  0.04724 -0.82813 99.00949 118.59540 54.27452 -96.11055
0612   12.23968  0.02058  0.05512 -0.83594 100.08941 116.63190 52.35023 -93.88717
0613   12.25964  0.01996  0.04724 -0.83594 101.07116 114.71749 47.51706 -99.24486
0614   12.27994  0.02029  0.03150 -0.82813 102.00382 112.70490 42.96631 -98.66834
0615   12.29909  0.01914  0.03150 -0.82813 102.83831 110.79049 44.20664 -99.91044
0616   12.31907  0.01997  0.03150 -0.82813 103.72189 108.77790 45.24256 -99.42175
0617   12.34057  0.02148  0.03937 -0.82813 104.75273 106.61805 48.62170 -100.02853
0618   12.36010  0.01952  0.03937 -0.82813 105.68539 104.70364 47.44037 -97.80530
0619   12.37882  0.01871  0.03937 -0.82813 106.56896 102.88740 46.43139 -96.55671
0620   12.39912  0.02029  0.03150 -0.82813 107.50163 100.87481 46.76759 -96.02782
0621   12.42030  0.02117  0.03150 -0.82813 108.53246 98.81314 47.77907 -97.83259
0622   12.44000  0.01969  0.03150 -0.79688 109.46513 96.89873 48.17105 -97.06458
0623   12.45952  0.01952  0.03937 -0.78125 110.39779 94.98431 49.11967 -97.39970
0624   12.48079  0.02125  0.03150 -0.77344 111.47771 92.92264 51.39353 -94.93579
0625   12.49979  0.01899  0.03150 -0.77344 112.45946 91.15549 50.62576 -95.13450
0626   12.52272  0.02292  0.01575 -0.76563 113.63756 88.89746 51.44443 -97.97904
0627   12.53897  0.01624 -0.07813 -0.75000 114.42296 87.32666 50.20583 -96.70032
0628   12.55867  0.01970 -0.14063 -0.75000 115.45380 85.46134 51.45117 -96.83290
0629   12.58020  0.02151 -0.21094 -0.74219 116.48464 83.39966 46.54564 -94.73060
0630   12.59959  0.01938 -0.23438 -0.74219 117.41730 81.58343 48.33873 -95.26651
0631   12.62132  0.02172 -0.23438 -0.74219 118.44814 79.52175 48.33302 -93.77866
0632   12.64029  0.01896 -0.24219 -0.74219 119.38080 77.70551 48.01579 -95.04884
0633   12.65838  0.01808 -0.24219 -0.74219 120.26438 75.98745 49.37859 -95.72539
0634   12.67861  0.02022 -0.24219 -0.74219 121.29521 74.12213 51.76150 -92.94323
0635   12.69849  0.01987 -0.24219 -0.74219 122.32605 72.30589 53.39573 -92.35914
0636   12.71816  0.01966 -0.24219 -0.74219 123.35689 70.48965 52.98909 -91.77121
0637   12.73811  0.01994 -0.24219 -0.74219 124.43681 68.62433 53.62849 -92.70713
0638   12.75799  0.01986 -0.24219 -0.74219 125.51674 66.80809 52.86041 -91.35873
0639   12.77944  0.02144 -0.23438 -0.74219 126.59666 64.79550 51.05941 -94.05628
0640   12.79865  0.01921 -0.22656 -0.74219 127.57841 63.02835 52.54440 -92.88343
0641   12.81941  0.02075 -0.21094 -0.74219 128.65834 61.06485 51.17439 -96.43247
0642   12.83977  0.02035 -0.21094 -0.73438 129.73826 59.10135 51.69118 -95.17785
0643   12.85928  0.01949 -0.21094 -0.72656 130.72001 57.33420 50.89847 -91.22884
0644   12.88001  0.02072 -0.21875 -0.71875 131.75085 55.41979 49.86692 -91.11453
0645   12.89944  0.01942 -0.25000 -0.68750 132.73260 53.70172 50.94892 -89.59780
0646   12.92005  0.02060 -0.27344 -0.66406 133.81253 51.83640 53.41113 -88.63920
0647   12.94219  0.02213 -0.27344 -0.66406 134.99063 49.87290 52.50393 -86.65125
0648   12.96449  0.02229 -0.34375 -0.63281 136.21781 47.90940 53.86624 -87.68052
0649   12.98032  0.01582 -0.44531 -0.59375 137.10139 46.53495 56.07180 -86.98368
0650   12.99946  0.01913 -0.47656 -0.57813 138.13223 44.91506 54.70975 -84.36743
0651   13.01951  0.02003 -0.49219 -0.55469 139.26124 43.19700 58.72272 -84.91472
0652   13.04124  0.02172 -0.49219 -0.55469 140.68478 41.38076 67.00496 -83.22666
0653   13.06230  0.02106 -0.50781 -0.54688 142.05923 39.61361 66.46019 -83.85220
0654   13.07958  0.01726 -0.52344 -0.50000 143.23733 38.14099 66.84847 -82.66255
0655   13.09906  0.01947 -0.52344 -0.48438 144.51360 36.61928 66.91271 -78.57583
0656   13.11889  0.01982 -0.52344 -0.46875 145.88805 35.04847 67.89842 -78.08399
0657   13.13948  0.02057 -0.52344 -0.45313 147.31159 33.47768 70.84356 -75.22412
0658   13.16014  0.02065 -0.52344 -0.44531 148.73513 31.95596 71.01060 -74.51330
0659   13.17838  0.01823 -0.52344 -0.44531 150.06049 30.58151 71.80262 -73.45129
0660   13.19988  0.02149 -0.52344 -0.42188 151.58220 29.01071 70.60918 -71.90569
0661   13.21882  0.01892 -0.52344 -0.41406 152.90756 27.68535 70.91622 -70.36222
0662   13.24035  0.02152 -0.52344 -0.40625 154.47836 26.16364 73.31252 -70.64474
0663   13.25793  0.01757 -0.52344 -0.40625 155.75464 24.93645 72.03866 -68.60108
0664   13.28128  0.02334 -0.52344 -0.40625 157.42361 23.36565 71.14594 -67.79246
0665   13.29949  0.01820 -0.49219 -0.40625 158.74898 22.08938 71.84833 -69.10375
0666   13.31986  0.02036 -0.44531 -0.40625 160.22160 20.71493 73.01917 -67.25605
0667   13.33899  0.01911 -0.39844 -0.40625 161.64514 19.43865 72.99799 -67.93742
0668   13.35960  0.02060 -0.35156 -0.40625 163.11776 18.01511 71.40415 -68.04477
0669   13.37875  0.01914 -0.31250 -0.40625 164.49221 16.68975 70.43087 -68.53786
0670   13.39995  0.02119 -0.30469 -0.39844 165.96484 15.21713 72.73569 -69.46312
0671   13.41786  0.01790 -0.30469 -0.39844 167.29020 13.98994 71.53839 -70.04995
0672   13.44001  0.02214 -0.27344 -0.36719 168.81191 12.41914 69.04397 -70.07745
0673   13.46044  0.02042 -0.24219 -0.32031 170.18636 11.04469 64.04611 -68.18845
0674   13.47978  0.01932 -0.22656 -0.28906 171.41355  9.71933 63.24201 -67.43066
0675   13.49936  0.01958 -0.22656 -0.28906 172.64074  8.39396 63.31298 -64.20527
0676   13.51997  0.02059 -0.07813 -0.12500 173.91701  7.11769 63.04545 -63.00822
0677   13.53931  0.01933 -0.01563 -0.10156 175.04603  5.93959 58.01688 -59.26080
0678   13.56009  0.02077  0.03937  0.01575 176.17504  4.85966 51.95269 -50.79077
0679   13.57906  0.01896  0.04724  0.03937 177.20588  3.87791 57.42303 -55.63395
0680   13.59856  0.01948  0.04724  0.03937 178.33489  2.69981 56.67844 -58.83745
0681   13.61981  0.02124  0.05512  0.03937 179.36573  1.47263 45.28430 -58.58081
0682   13.63895  0.01912  0.05512  0.03150 180.15113  0.39270 41.90838 -55.40569
0683   13.65901  0.02006  0.05512  0.03150 180.93653 -0.68723 38.85134 -52.67634
0684   13.67946  0.02043  0.05512  0.03150 181.72193 -1.71806 37.99445 -50.53274
0685   13.70019  0.02072  0.04724  0.03150 182.45824 -2.79799 35.98632 -51.33548
0686   13.72001  0.01981  0.03937  0.03150 183.14546 -3.77974 33.93501 -49.75547
0687   13.74134  0.02132  0.03937  0.03150 183.83269 -4.81058 31.93285 -46.08982
0688   13.75864  0.01729  0.03937  0.05512 184.37265 -5.59598 31.86672 -46.79457
0689   13.77929  0.02064  0.03937  0.10236 185.05988 -6.52864 31.61927 -43.92401
0690   13.79897  0.01967  0.03937  0.11811 185.64893 -7.21586 30.29765 -32.29271
0691   13.81897  0.01998  0.03937  0.15748 186.18889 -7.85400 27.28599 -31.36622
0692   13.84015  0.02117  0.03937  0.15748 186.72885 -8.39396 25.89754 -26.41101
0693   13.85938  0.01923  0.04724  0.18110 187.21973 -8.83575 25.27853 -23.99299
0694   13.87890  0.01950  0.04724  0.18110 187.66151 -9.27754 23.41966 -21.14218
0695   13.89806  0.01916  0.04724  0.18110 188.10330 -9.62115 22.42360 -19.49816
0696   13.91888  0.02080  0.03937  0.18110 188.49600 -9.96476 20.50597 -17.07296
0697   13.93892  0.02004  0.03150  0.18110 188.83961 -10.21020 17.85477 -13.97461
0698   13.95891  0.01998  0.02362  0.18110 189.13414 -10.40655 15.41042 -11.05635
9999 9999.00000 9999.00000 999.00000 999.00000 9999.00000 9999.00000 999.00000 999.00000
