DT    0.00005  0.03937  0.00000 0
DT    0.01892  0.03150  0.00000 0
DT    0.03832  0.03150  0.00000 0
DT    0.05874  0.03150  0.00000 0
DT    0.07828  0.03150  0.00000 0
DT    0.09926  0.03150  0.00000 0
DT    0.11835  0.03150  0.00000 0
DT    0.13863  0.03150  0.00000 0
DT    0.15923  0.03150  0.00000 0
DT    0.17858  0.03150  0.00000 0
DT    0.19813  0.03150  0.00000 0
DT    0.21849  0.03150  0.00000 0
DT    0.23803  0.03150  0.00000 0
DT    0.25952  0.02362  0.00787 0
DT    0.27904  0.01575  0.00787 0
DT    0.29879  0.00000  0.00787 0
DT    0.32047 -0.04688  0.00000 0
DT    0.33976 -0.14844 -0.00781 0
DT    0.35963 -0.20313 -0.03125 0
DT    0.38038 -0.29688 -0.06250 0
DT    0.39952 -0.34375 -0.07031 0
DT    0.42032 -0.39844 -0.07813 0
DT    0.44033 -0.39844 -0.07813 0
DT    0.45939 -0.43750 -0.09375 0
DT    0.47983 -0.46094 -0.09375 0
DT    0.49960 -0.46094 -0.09375 0
DT    0.51987 -0.50000 -0.09375 0
DT    0.53908 -0.50000 -0.09375 0
DT    0.56023 -0.52344 -0.08594 0
DT    0.58044 -0.55469 -0.07813 0
DT    0.60078 -0.56250 -0.06250 0
DT    0.61969 -0.57813 -0.04688 0
DT    0.64086 -0.58594 -0.03125 0
DT    0.66046 -0.60156 -0.01563 0
DT    0.68013 -0.60938 -0.00781 0
DT    0.70015 -0.60938 -0.00781 0
DT    0.71973 -0.62500  0.00000 0
DT    0.74046 -0.63281  0.00787 0
DT    0.75918 -0.63281  0.00787 0
DT    0.77995 -0.64844  0.01575 0
DT    0.79882 -0.64844  0.01575 0
DT    0.81988 -0.65625  0.00787 0
DT    0.83873 -0.66406  0.00787 0
DT    0.85835 -0.66406  0.00787 0
DT    0.87804 -0.66406  0.00787 0
DT    0.89887 -0.66406  0.00000 0
DT    0.91875 -0.66406 -0.01563 0
DT    0.93874 -0.66406 -0.05469 0
DT    0.95949 -0.66406 -0.12500 0
DT    0.97892 -0.66406 -0.13281 0
DT    0.99882 -0.66406 -0.17969 0
DT    1.02001 -0.66406 -0.18750 0
DT    1.03890 -0.66406 -0.19531 0
DT    1.05976 -0.66406 -0.21094 0
DT    1.08072 -0.66406 -0.21094 0
DT    1.09871 -0.66406 -0.22656 0
DT    1.11922 -0.66406 -0.24219 0
DT    1.13894 -0.66406 -0.25781 0
DT    1.15957 -0.66406 -0.27344 0
DT    1.18019 -0.66406 -0.27344 0
DT    1.20088 -0.66406 -0.28125 0
DT    1.21941 -0.66406 -0.30469 0
DT    1.23990 -0.66406 -0.32813 0
DT    1.25910 -0.66406 -0.34375 0
DT    1.27926 -0.66406 -0.35938 0
DT    1.29962 -0.66406 -0.38281 0
DT    1.31986 -0.66406 -0.38281 0
DT    1.34086 -0.66406 -0.39844 0
DT    1.36088 -0.66406 -0.42969 0
DT    1.37918 -0.66406 -0.45313 0
DT    1.40031 -0.66406 -0.46094 0
DT    1.41918 -0.66406 -0.47656 0
DT    1.43922 -0.66406 -0.48438 0
DT    1.45956 -0.66406 -0.50781 0
DT    1.47992 -0.65625 -0.51563 0
DT    1.50073 -0.63281 -0.54688 0
DT    1.52013 -0.61719 -0.57813 0
DT    1.53993 -0.61719 -0.57813 0
DT    1.55995 -0.56250 -0.62500 0
DT    1.57960 -0.53125 -0.64844 0
DT    1.59959 -0.51563 -0.65625 0
DT    1.61975 -0.50000 -0.66406 0
DT    1.63885 -0.48438 -0.66406 0
DT    1.66006 -0.46094 -0.67188 0
DT    1.67977 -0.44531 -0.67969 0
DT    1.69914 -0.42188 -0.68750 0
DT    1.71905 -0.39844 -0.68750 0
DT    1.74023 -0.34375 -0.70313 0
DT    1.76141 -0.34375 -0.70313 0
DT    1.77978 -0.27344 -0.70313 0
DT    1.79878 -0.25781 -0.70313 0
DT    1.81866 -0.25781 -0.70313 0
DT    1.84021 -0.25000 -0.70313 0
DT    1.85909 -0.24219 -0.70313 0
DT    1.87888 -0.22656 -0.70313 0
DT    1.89930 -0.21094 -0.70313 0
DT    1.91912 -0.15625 -0.70313 0
DT    1.94047 -0.07813 -0.71094 0
DT    1.95973 -0.02344 -0.71094 0
DT    1.97882  0.04724 -0.71094 0
DT    1.99968  0.05512 -0.71094 0
DT    2.01894  0.05512 -0.70313 0
DT    2.04070  0.04724 -0.71094 0
DT    2.05984  0.04724 -0.70313 0
DT    2.08108  0.04724 -0.70313 0
DT    2.09960  0.04724 -0.67969 0
DT    2.12028  0.03150 -0.67188 0
DT    2.13886  0.01575 -0.66406 0
DT    2.15941  0.01575 -0.66406 0
DT    2.18163  0.00000 -0.64063 0
DT    2.20117 -0.06250 -0.60156 0
DT    2.22066 -0.06250 -0.60156 0
DT    2.24448 -0.14063 -0.53906 0
DT    2.26472 -0.18750 -0.49219 0
DT    2.27897 -0.28125 -0.32813 0
DT    2.29896 -0.31250 -0.19531 0
DT    2.32028 -0.31250 -0.19531 0
DT    2.34019 -0.33594  0.00787 0
DT    2.35978 -0.32813  0.00000 0
DT    2.37801 -0.32813  0.00000 0
DT    2.40200 -0.32813  0.00000 0
DT    2.41953 -0.32031  0.00000 0
DT    2.43909 -0.30469  0.00000 0
DT    2.45909 -0.28125  0.00000 0
DT    2.47979  0.00000  0.00000 0
DT    2.50018  0.00000  0.00000 0
EL    2.50018  0.00000  0.00000 1
XX 9999.00000 999.00000 999.00000 0
