0000    0.00005  0.00005  0.04724  0.03150 195.12281 -247.64644  0.00000  0.00000
0001    0.01905  0.01899  0.04724  0.03150 195.12281 -247.64644  0.00000  0.00000
0002    0.03879  0.01973  0.04724  0.03150 195.12281 -247.64644  0.00000  0.00000
0003    0.06069  0.02189  0.05512  0.04724 195.12281 -247.64644  0.00000  0.00000
0004    0.08031  0.01961  0.09449  0.07087 195.12281 -247.64644  0.00000  0.00000
0005    0.10102  0.02070  0.18898  0.14961 195.12281 -247.64644  0.00000  0.00000
0006    0.12042  0.01939  0.26772  0.20472 195.12281 -247.64644  0.00000  0.00000
0007    0.13994  0.01950  0.40945  0.25197 195.02464 -247.59735 -0.23407  0.00000
0008    0.16028  0.02033  0.47244  0.31496 194.87738 -247.54826 -0.58517  3.86145
0009    0.18016  0.01988  0.57480  0.41732 194.73011 -247.45009 -0.93627  3.95491
0010    0.20102  0.02085  0.62205  0.51181 194.53376 -247.25374 -7.82703  5.53023
0011    0.22031  0.01928  0.63780  0.54331 194.23924 -247.00830 -12.15085  8.42709
0012    0.23886  0.01854  0.63780  0.54331 193.89563 -246.76286 -16.75790 13.12514
0013    0.26084  0.02196  0.64567  0.56693 193.45384 -246.32108 -20.93886 18.62850
0014    0.27965  0.01880  0.64567  0.58268 192.96296 -245.87929 -24.13959 22.06224
0015    0.29966  0.02000  0.64567  0.59055 192.42300 -245.38841 -27.25637 25.35498
0016    0.32053  0.02086  0.64567  0.59843 191.78486 -244.79936 -30.41837 28.54937
0017    0.33964  0.01910  0.64567  0.61417 191.19581 -244.21031 -32.39917 31.04417
0018    0.35975  0.02010  0.64567  0.64567 190.45950 -243.52309 -35.37201 33.89857
0019    0.37956  0.01980  0.64567  0.66929 189.72319 -242.83586 -37.10556 36.17208
0020    0.39950  0.01992  0.64567  0.68504 188.93779 -242.05046 -40.27031 38.74294
0021    0.41932  0.01981  0.64567  0.68504 188.10330 -241.21598 -42.75747 43.62364
0022    0.43965  0.02033  0.64567  0.69291 187.21973 -240.33240 -44.12518 45.48803
0023    0.45922  0.01956  0.64567  0.69291 186.28706 -239.35065 -47.41242 48.65954
0024    0.48032  0.02108  0.64567  0.70079 185.25623 -238.27073 -49.43179 52.04716
0025    0.49952  0.01920  0.64567  0.70079 184.27448 -237.23989 -52.45792 54.57350
0026    0.52014  0.02061  0.64567  0.70079 183.14546 -236.06179 -54.00551 58.33333
0027    0.53923  0.01908  0.64567  0.70079 182.11463 -234.98186 -54.84239 57.40959
0028    0.55946  0.02022  0.64567  0.70079 180.93653 -233.75468 -57.67333 61.06512
0029    0.57915  0.01968  0.64567  0.70079 179.75843 -232.57658 -61.83473 61.16022
0030    0.59900  0.01984  0.64567  0.70079 178.53124 -231.30030 -61.73713 62.91293
0031    0.61890  0.01990  0.64567  0.70079 177.30405 -230.02403 -61.75577 66.31250
0032    0.63908  0.02017  0.64567  0.70079 176.02778 -228.64958 -64.17254 69.32430
0033    0.65912  0.02003  0.64567  0.70079 174.75150 -227.22604 -64.57947 70.66814
0034    0.67898  0.01984  0.64567  0.70079 173.42614 -225.80250 -66.15789 70.37584
0035    0.69912  0.02014  0.64567  0.70079 172.10078 -224.37896 -67.33770 71.76430
0036    0.71886  0.01972  0.64567  0.70079 170.77541 -222.95543 -66.99902 72.56527
0037    0.73942  0.02055  0.64567  0.70079 169.35188 -221.43371 -70.69307 74.06695
0038    0.75985  0.02042  0.64567  0.69291 167.87925 -219.91200 -71.84623 76.23052
0039    0.77931  0.01945  0.64567  0.69291 166.45571 -218.43937 -73.92362 76.19739
0040    0.79993  0.02060  0.65354  0.69291 164.93400 -216.81949 -74.10944 76.75199
0041    0.81962  0.01968  0.66142  0.69291 163.46138 -215.29778 -74.84733 79.33013
0042    0.83891  0.01928  0.66142  0.69291 161.98875 -213.77606 -75.98273 78.19968
0043    0.85955  0.02064  0.66929  0.69291 160.36886 -212.10709 -78.81301 80.12716
0044    0.87903  0.01947  0.66929  0.69291 158.79806 -210.48720 -80.42978 82.54439
0045    0.89910  0.02006  0.66929  0.69291 157.17818 -208.86731 -81.53867 81.11960
0046    0.91875  0.01964  0.66929  0.69291 155.55829 -207.24743 -81.85206 83.92962
0047    0.93878  0.02001  0.66929  0.69291 153.88931 -205.52936 -85.24873 85.81956
0048    0.95919  0.02040  0.66929  0.69291 152.17125 -203.76221 -83.76564 86.68951
0049    0.98008  0.02088  0.67717  0.69291 150.40410 -201.99506 -85.63391 86.38819
0050    0.99942  0.01933  0.67717  0.69291 148.73513 -200.32609 -86.30921 85.16812
0051    1.01988  0.02045  0.68504  0.69291 146.96798 -198.55894 -87.29150 86.92515
0052    1.04179  0.02190  0.68504  0.69291 145.05356 -196.59544 -85.71316 89.56266
0053    1.05962  0.01782  0.68504  0.68504 143.53185 -194.97555 -87.84527 92.15454
0054    1.07963  0.02000  0.69291  0.68504 141.71561 -193.15931 -91.11031 91.85965
0055    1.09878  0.01914  0.69291  0.68504 139.94846 -191.39216 -90.80609 91.61449
0056    1.11964  0.02084  0.69291  0.67717 138.03405 -189.47775 -93.23893 92.41218
0057    1.13999  0.02034  0.70079  0.67717 136.16873 -187.61243 -92.47311 92.92915
0058    1.16065  0.02065  0.70866  0.67717 134.25431 -185.74710 -93.15135 93.10453
0059    1.17919  0.01854  0.70866  0.67717 132.53625 -184.02904 -91.51628 92.19435
0060    1.20032  0.02112  0.71654  0.67717 130.57275 -182.06554 -93.34798 92.86059
0061    1.21977  0.01943  0.71654  0.67717 128.70743 -180.24930 -96.82812 93.27436
0062    1.23966  0.01988  0.71654  0.67717 126.84210 -178.38398 -93.77866 92.68613
0063    1.25895  0.01928  0.71654  0.67717 124.97678 -176.56774 -96.87876 95.36275
0064    1.27904  0.02008  0.71654  0.67717 123.01328 -174.65333 -97.43643 95.32571
0065    1.29884  0.01979  0.71654  0.67717 121.04978 -172.73891 -98.63662 97.48287
0066    1.31924  0.02039  0.71654  0.67717 119.08628 -170.72633 -98.29590 97.88526
0067    1.33916  0.01991  0.71654  0.67717 117.07369 -168.76283 -101.23117 98.08280
0068    1.35886  0.01969  0.71654  0.67717 115.06110 -166.84841 -99.60129 96.86920
0069    1.37907  0.02020  0.71654  0.67717 113.04851 -164.88491 -101.17379 98.89097
0070    1.39886  0.01978  0.71654  0.67717 111.08501 -162.97050 -100.78327 95.60793
0071    1.41986  0.02099  0.71654  0.68504 108.92516 -160.95791 -100.52837 95.56884
0072    1.44003  0.02016  0.71654  0.67717 106.91258 -158.99441 -99.68726 96.90362
0073    1.45934  0.01930  0.71654  0.67717 104.99816 -157.08000 -100.19800 98.26835
0074    1.48001  0.02066  0.71654  0.67717 102.88740 -155.06741 -102.77737 96.41731
0075    1.49903  0.01901  0.71654  0.67717 100.92390 -153.20209 -104.27620 99.66904
0076    1.51885  0.01981  0.71654  0.67717 98.86223 -151.14041 -104.88782 104.46260
0077    1.53916  0.02029  0.71654  0.67717 96.70238 -149.07874 -104.72782 101.59993
0078    1.55882  0.01966  0.71654  0.67717 94.64070 -147.06615 -104.57610 103.73192
0079    1.57903  0.02020  0.71654  0.67717 92.52994 -144.95539 -105.09329 104.58836
0080    1.59903  0.01997  0.71654  0.67717 90.41918 -142.89371 -106.73980 103.83724
0081    1.61916  0.02012  0.71654  0.67717 88.25933 -140.78295 -106.15464 101.79166
0082    1.63936  0.02019  0.71654  0.67717 86.14856 -138.72128 -104.98653 103.99564
0083    1.65876  0.01939  0.71654  0.67717 84.08689 -136.75778 -105.71115 103.82626
0084    1.68225  0.02348  0.71654  0.67717 81.63251 -134.35249 -104.75799 103.72425
0085    1.69947  0.01721  0.71654  0.67717 79.81628 -132.58534 -106.60767 101.06339
0086    1.71904  0.01957  0.71654  0.67717 77.75460 -130.57275 -106.89903 102.55406
0087    1.73884  0.01977  0.71654  0.67717 75.64384 -128.51108 -106.32249 102.39789
0088    1.75895  0.02010  0.71654  0.67717 73.48399 -126.44940 -108.37169 105.81255
0089    1.77882  0.01986  0.71654  0.67717 71.32414 -124.33864 -109.55319 105.12480
0090    1.79939  0.02057  0.71654  0.67717 69.06611 -122.12970 -108.50824 106.53594
0091    1.81901  0.01961  0.71654  0.67717 66.90626 -120.06802 -112.42356 107.54661
0092    1.83874  0.01972  0.71654  0.67717 64.69732 -117.95726 -110.41196 107.66573
0093    1.85957  0.02082  0.71654  0.67717 62.39021 -115.69924 -111.11425 108.61749
0094    1.87972  0.02014  0.71654  0.68504 60.18128 -113.53939 -110.48030 109.56053
0095    1.89986  0.02013  0.71654  0.68504 57.97234 -111.42863 -107.27046 105.32442
0096    1.91983  0.01996  0.71654  0.67717 55.81249 -109.36695 -108.38246 105.89701
0097    1.93989  0.02005  0.71654  0.67717 53.60355 -107.20710 -111.47130 106.86877
0098    1.95917  0.01927  0.71654  0.67717 51.49279 -105.14543 -109.13426 108.81734
0099    1.97935  0.02017  0.71654  0.68504 49.23476 -102.93649 -110.95728 107.62324
0100    1.99973  0.02037  0.71654  0.67717 46.97674 -100.77664 -111.83574 107.18848
0101    2.01917  0.01943  0.71654  0.67717 44.81689 -98.66588 -110.19013 106.32940
0102    2.03886  0.01968  0.71654  0.67717 42.65704 -96.50603 -110.09745 110.07030
0103    2.05984  0.02098  0.71654  0.68504 40.30084 -94.19891 -112.75670 110.46414
0104    2.07953  0.01968  0.71654  0.67717 38.14099 -92.08815 -112.05017 108.82337
0105    2.09909  0.01955  0.71654  0.67717 35.93205 -89.92830 -111.50041 108.78598
0106    2.11902  0.01992  0.71654  0.67717 33.72311 -87.76845 -111.17339 107.89410
0107    2.13903  0.02000  0.71654  0.67717 31.51417 -85.60860 -109.85845 107.39485
0108    2.15904  0.02000  0.71654  0.67717 29.30524 -83.39966 -110.58358 108.57424
0109    2.18002  0.02097  0.71654  0.68504 26.99812 -81.14164 -110.79449 107.28570
0110    2.19928  0.01925  0.71654  0.68504 24.88736 -79.07996 -110.31643 106.47008
0111    2.22001  0.02072  0.71654  0.67717 22.62934 -76.92011 -108.29519 106.32940
0112    2.23963  0.01961  0.71654  0.68504 20.51858 -74.85844 -106.87459 105.26118
0113    2.25964  0.01999  0.71654  0.67717 18.35873 -72.69859 -109.13184 108.63071
0114    2.27939  0.01974  0.71654  0.67717 16.10070 -70.53874 -118.02149 110.91591
0115    2.29912  0.01973  0.71654  0.67717 13.74450 -68.28071 -116.09413 113.57852
0116    2.31899  0.01985  0.71654  0.67717 11.43739 -66.02269 -117.16372 114.71052
0117    2.33893  0.01993  0.71654  0.67717  9.08119 -63.76466 -116.40384 112.10263
0118    2.35934  0.02040  0.72441  0.67717  6.72499 -61.40846 -114.92537 111.89564
0119    2.37921  0.01986  0.72441  0.67717  4.41787 -59.15044 -115.60745 115.40767
0120    2.39912  0.01990  0.72441  0.67717  2.11076 -56.89241 -114.01777 115.85575
0121    2.42034  0.02121  0.73228  0.66929 -0.29453 -54.53621 -113.30848 111.18472
0122    2.43967  0.01932  0.73228  0.66929 -2.50346 -52.37636 -115.83251 111.92881
0123    2.46016  0.02048  0.75591  0.65354 -4.85966 -50.06925 -113.65347 111.14319
0124    2.48042  0.02025  0.76378  0.63780 -7.16677 -47.81123 -115.21805 109.10758
0125    2.50054  0.02011  0.77165  0.62205 -9.47389 -45.60229 -115.42667 109.57643
0126    2.52005  0.01950  0.77953  0.60630 -11.73191 -43.44244 -114.92268 110.25324
0127    2.54046  0.02039  0.79528  0.57480 -14.13720 -41.23350 -117.42157 106.84086
0128    2.55960  0.01914  0.79528  0.54331 -16.39523 -39.22091 -117.51433 102.92930
0129    2.57997  0.02036  0.79528  0.51969 -18.70234 -37.11015 -113.41582 104.38153
0130    2.59951  0.01952  0.79528  0.51969 -20.91128 -35.09756 -114.68506 103.85262
0131    2.61926  0.01974  0.79528  0.51969 -23.31656 -33.08498 -124.22969 101.50434
0132    2.63945  0.02019  0.79528  0.51969 -25.77094 -30.97421 -120.39365 106.07550
0133    2.65949  0.02000  0.79528  0.51969 -28.22531 -28.86345 -125.00159 104.63518
0134    2.67893  0.01943  0.79528  0.51969 -30.63060 -26.80178 -121.76593 108.78478
0135    2.69970  0.02076  0.79528  0.51969 -33.13406 -24.54375 -119.61475 108.48306
0136    2.71943  0.01972  0.79528  0.51181 -35.53935 -22.43299 -123.08338 106.84435
0137    2.73897  0.01953  0.79528  0.51181 -37.94464 -20.37131 -121.05127 105.50552
0138    2.75920  0.02022  0.79528  0.51181 -40.39901 -18.21146 -119.98020 105.39339
0139    2.77910  0.01988  0.79528  0.51181 -42.75521 -16.14979 -117.25048 104.77588
0140    2.79996  0.02085  0.79528  0.50394 -45.20959 -13.98994 -117.96760 101.30638
0141    2.81931  0.01935  0.79528  0.48819 -47.56579 -12.02644 -123.21005 102.85167
0142    2.83956  0.02024  0.79528  0.46457 -50.02016 -10.01385 -120.95135 101.46028
0143    2.86046  0.02088  0.79528  0.41732 -52.57271 -7.90309 -123.45951 100.16120
0144    2.87975  0.01928  0.79528  0.39370 -54.92891 -5.93959 -121.02142 98.30476
0145    2.89978  0.02001  0.79528  0.35433 -57.28511 -3.97609 -118.76535 96.29059
0146    2.91977  0.01998  0.79528  0.31496 -59.73949 -2.06168 -121.97016 94.81843
0147    2.93962  0.01984  0.79528  0.28346 -62.09569 -0.19635 -118.82860 92.63977
0148    2.95974  0.02011  0.79528  0.24409 -64.55006  1.66897 -122.14771 90.05476
0149    2.97961  0.01986  0.79528  0.21260 -66.95535  3.38704 -121.20370 86.56491
0150    2.99949  0.01986  0.79528  0.18110 -69.36064  5.10510 -118.43581 84.52723
0151    3.01993  0.02043  0.79528  0.10236 -71.81501  6.82316 -122.99549 81.93472
0152    3.03941  0.01948  0.79528  0.04724 -74.17121  8.34488 -120.97370 78.76369
0153    3.05946  0.02004  0.79528  0.01575 -76.67468  9.86659 -124.46278 71.92729
0154    3.08021  0.02074  0.78740  0.00000 -79.27631 11.33921 -124.51804 76.04865
0155    3.09957  0.01935  0.78740 -0.07813 -81.63251 13.05728 -119.37186 89.62725
0156    3.11988  0.02028  0.78740 -0.16406 -84.03780 14.57899 -123.52786 63.35465
0157    3.14063  0.02073  0.77953 -0.23438 -86.59035 15.56074 -120.58737 50.85233
0158    3.16091  0.02028  0.77165 -0.32031 -89.04473 16.49340 -118.81278 42.55877
0159    3.18096  0.02004  0.74803 -0.34375 -91.40093 17.03336 -116.29353 26.22371
0160    3.20048  0.01950  0.71654 -0.38281 -93.60986 17.42606 -110.88835 19.28168
0161    3.22068  0.02019  0.69291 -0.40625 -95.81880 17.91694 -108.97194 25.29768
0162    3.23909  0.01840  0.69291 -0.40625 -97.88048 18.45690 -110.81325 28.63581
0163    3.26056  0.02146  0.61417 -0.42969 -100.23668 18.99686 -109.90026 25.22819
0164    3.27995  0.01939  0.56693 -0.42969 -102.29835 19.34048 -103.62024 20.10078
0165    3.30092  0.02096  0.48819 -0.43750 -104.40911 19.53683 -99.20374 13.73417
0166    3.31883  0.01790  0.48819 -0.43750 -106.12718 19.48774 -92.03360 13.73417
0167    3.34028  0.02143  0.40157 -0.43750 -107.99250 19.43865 -85.00662  5.52448
0168    3.36136  0.02107  0.35433 -0.42969 -109.80874 19.48774 -86.23643  5.52448
0169    3.38037  0.01900  0.25197 -0.42969 -111.47771 19.53683 -87.34508  3.64876
0170    3.40005  0.01967  0.18898 -0.42969 -113.09760 19.58591 -83.30364  3.37201
0171    3.41978  0.01972  0.06299 -0.42969 -114.71749 19.53683 -78.01697  2.04668
0172    3.44016  0.02037  0.05512 -0.42969 -116.23920 19.19321 -75.35114 -4.58322
0173    3.45878  0.01861  0.05512 -0.42969 -117.41730 18.75143 -61.73829 -22.01115
0174    3.47889  0.02011  0.05512 -0.42969 -118.54631 18.16238 -51.19708 -29.26273
0175    3.49974  0.02084  0.05512 -0.41406 -119.47897 17.27880 -43.60117 -45.82563
0176    3.51946  0.01970  0.05512 -0.39844 -120.21529 16.24796 -37.94775 -54.68902
0177    3.54048  0.02101  0.04724 -0.38281 -120.95160 15.02078 -33.07438 -58.47265
0178    3.55930  0.01881  0.04724 -0.36719 -121.49156 13.89176 -29.87166 -59.22362
0179    3.57984  0.02053  0.04724 -0.35156 -122.03153 12.71366 -26.81762 -56.15102
0180    3.59985  0.02000  0.04724 -0.35156 -122.57149 12.46823 -27.15212 -28.67210
0181    3.61984  0.01997  0.04724 -0.34375 -123.11145 12.37005 -26.08838 -12.31198
0182    3.63986  0.02002  0.04724 -0.32813 -123.65141 11.97735 -26.77644 -10.71467
0183    3.66066  0.02079  0.03937 -0.32031 -124.14229 11.63374 -24.91878 -17.49588
0184    3.67983  0.01915  0.04724 -0.30469 -124.53499 11.38830 -19.49162 -14.47894
0185    3.70021  0.02037  0.02362 -0.28125 -124.78043 11.14286 -14.72337 -11.91592
0186    3.71998  0.01976  0.02362 -0.28125 -124.92769 10.94651 -11.08843 -11.30019
0187    3.74320  0.02321  0.00787 -0.25781 -125.02586 10.70108 -8.40637 -10.55879
0188    3.76079  0.01759 -0.10938 -0.14063 -125.07495 10.55381 -7.20621 -9.39992
0189    3.78387  0.02306 -0.10938 -0.14063 -125.17313 10.45564 -5.61821 -8.34438
0190    3.80057  0.01670 -0.17188 -0.05469 -125.17313 10.40655 -5.61821 -7.24332
0191    3.82042  0.01984 -0.20313 -0.06250 -125.17313 10.40655 -4.57543 -7.24332
0192    3.83870  0.01827 -0.20313 -0.06250 -125.17313 10.40655 -4.57543 -7.24332
0193    3.85976  0.02106 -0.22656 -0.06250 -125.07495 10.40655 -1.99808 -7.24332
0194    3.87914  0.01936 -0.22656 -0.06250 -125.02586 10.40655 -1.26533 -7.24332
0195    3.89950  0.02036 -0.22656 -0.07031 -124.92769 10.40655  0.00000 -7.24332
0196    3.92021  0.02070 -0.23438 -0.07813 -124.87860 10.40655  0.58292 -7.24332
0197    3.93940  0.01918 -0.23438 -0.08594 -124.82951 10.40655  1.14565 -7.24332
0198    3.95984  0.02043 -0.23438 -0.10156 -124.73134 10.35746  2.17922 -2.25875
0199    3.97999  0.02013 -0.23438 -0.10938 -124.68225 10.30838  2.81921 -2.08959
0200    4.00085  0.02085 -0.24219 -0.12500 -124.63316 10.21020  3.21251 -1.91816
0201    4.02099  0.02013 -0.25000 -0.13281 -124.53499 10.16111  3.22881 -1.86412
0202    4.04102  0.02002 -0.26563 -0.14063 -124.43681 10.06294  3.35776 -1.79080
0203    4.06000  0.01897 -0.28125 -0.14063 -124.33864  9.91568  3.70451 -1.80947
0204    4.08143  0.02142 -0.28906 -0.15625 -124.14229  9.81750  5.61648 -4.43776
0205    4.09882  0.01738 -0.28906 -0.15625 -123.94594  9.67024  8.18639 -5.56606
0206    4.11966  0.02083 -0.30469 -0.15625 -123.74959  9.47389 10.23330 -7.21032
0207    4.14071  0.02103 -0.31250 -0.16406 -123.45506  9.27754 12.37388 -9.08648
0208    4.15918  0.01846 -0.31250 -0.16406 -123.16054  9.03210 14.24891 -11.15641
0209    4.18001  0.02081 -0.31250 -0.17188 -122.81693  8.78666 16.05660 -12.37186
0210    4.20029  0.02028 -0.32031 -0.16406 -122.47331  8.49214 17.33209 -13.59621
0211    4.21890  0.01860 -0.32031 -0.16406 -122.12970  8.19761 17.70530 -14.49371
0212    4.24261  0.02370 -0.32031 -0.16406 -121.68791  7.85400 18.54444 -14.43786
0213    4.25915  0.01653 -0.32031 -0.16406 -121.39339  7.60856 19.11574 -14.64485
0214    4.27907  0.01991 -0.32031 -0.16406 -121.00069  7.31404 18.91779 -14.82448
0215    4.29916  0.02008 -0.32031 -0.16406 -120.65707  7.01951 18.25021 -14.54244
0216    4.31900  0.01983 -0.32031 -0.16406 -120.26438  6.72499 18.11878 -14.69846
0217    4.33896  0.01995 -0.32031 -0.16406 -119.92076  6.43046 17.74440 -15.54681
0218    4.35884  0.01978 -0.32031 -0.16406 -119.57715  6.08685 17.40719 -16.27688
0219    4.37901  0.02016 -0.32031 -0.16406 -119.23354  5.79233 16.78541 -16.00179
0220    4.39957  0.02056 -0.32031 -0.16406 -118.88992  5.44871 16.43677 -15.51799
0221    4.41931  0.01973 -0.32031 -0.16406 -118.59540  5.15419 16.30773 -15.31943
0222    4.43932  0.02000 -0.32031 -0.16406 -118.25179  4.85966 16.25893 -15.35419
0223    4.45952  0.02020 -0.32031 -0.16406 -117.90818  4.56514 16.74250 -15.53970
0224    4.47938  0.01984 -0.32031 -0.16406 -117.56456  4.22153 16.79885 -15.55634
0225    4.49993  0.02054 -0.32031 -0.16406 -117.22095  3.92700 17.33983 -15.70142
0226    4.51996  0.02003 -0.32031 -0.15625 -116.87734  3.58339 18.14018 -16.01038
0227    4.53951  0.01953 -0.32031 -0.15625 -116.48464  3.28886 18.44088 -16.38432
0228    4.56015  0.02063 -0.32031 -0.14844 -116.09194  2.94525 19.09288 -16.45434
0229    4.57969  0.01953 -0.32031 -0.14063 -115.69924  2.60164 19.85146 -16.62636
0230    4.59970  0.02000 -0.32813 -0.14063 -115.30654  2.25803 20.27931 -17.11544
0231    4.61937  0.01966 -0.32813 -0.14063 -114.91384  1.91441 20.52475 -17.67931
0232    4.63970  0.02032 -0.33594 -0.14063 -114.47205  1.52171 21.01312 -18.22095
0233    4.66053  0.02082 -0.34375 -0.13281 -114.03026  1.12901 21.83681 -19.26095
0234    4.67971  0.01917 -0.35156 -0.13281 -113.58848  0.73631 22.13123 -19.60896
0235    4.70076  0.02103 -0.35938 -0.12500 -113.14669  0.34361 20.23009 -18.58910
0236    4.72001  0.01925 -0.35938 -0.12500 -112.75399  0.04909 20.30528 -17.24862
0237    4.74060  0.02057 -0.35938 -0.12500 -112.36129 -0.34361 20.73525 -16.81191
0238    4.76288  0.02227 -0.35938 -0.12500 -111.82133 -0.78540 22.66044 -19.81696
0239    4.78053  0.01764 -0.35156 -0.12500 -111.37954 -1.12901 24.98346 -20.55999
0240    4.79943  0.01888 -0.35938 -0.12500 -110.88866 -1.52171 26.18698 -21.55736
0241    4.82034  0.02091 -0.35156 -0.12500 -110.29961 -2.01259 27.82431 -21.53239
0242    4.83949  0.01914 -0.35156 -0.11719 -109.75965 -2.40529 27.71919 -22.13646
0243    4.85892  0.01942 -0.35156 -0.11719 -109.21969 -2.84708 28.98018 -22.80054
0244    4.88334  0.02441 -0.35156 -0.11719 -108.48338 -3.38704 30.04535 -22.61253
0245    4.89961  0.01626 -0.35938 -0.11719 -107.99250 -3.77974 29.73135 -22.22542
0246    4.91964  0.02001 -0.35156 -0.11719 -107.40345 -4.22153 29.58210 -21.53565
0247    4.93965  0.02000 -0.35156 -0.11719 -106.81440 -4.61423 29.65439 -20.53363
0248    4.95924  0.01958 -0.35156 -0.11719 -106.22535 -5.00693 29.25889 -19.99817
0249    4.97992  0.02067 -0.35156 -0.11719 -105.63630 -5.39963 29.37155 -18.84021
0250    4.99925  0.01932 -0.35156 -0.11719 -105.04725 -5.74324 29.86076 -19.01555
0251    5.01903  0.01977 -0.35156 -0.11719 -104.45820 -6.18502 29.43266 -20.30582
0252    5.03917  0.02013 -0.35156 -0.11719 -103.91824 -6.57773 28.34552 -20.25037
0253    5.05975  0.02057 -0.35156 -0.12500 -103.32919 -6.97043 27.29540 -19.86291
0254    5.07885  0.01909 -0.35156 -0.12500 -102.83831 -7.36313 26.65430 -19.29764
0255    5.09917  0.02031 -0.35156 -0.12500 -102.29835 -7.75583 26.01241 -19.52667
0256    5.12007  0.02089 -0.35938 -0.13281 -101.75839 -8.14853 25.60101 -19.83241
0257    5.14035  0.02027 -0.35156 -0.14063 -101.26751 -8.59031 25.34772 -20.36792
0258    5.15961  0.01925 -0.35156 -0.14063 -100.77664 -8.98301 25.15863 -20.77589
0259    5.17982  0.02019 -0.35156 -0.16406 -100.23668 -9.37571 24.94417 -21.03428
0260    5.20082  0.02099 -0.35156 -0.17969 -99.74580 -9.81750 24.67701 -21.06339
0261    5.21993  0.01911 -0.35156 -0.19531 -99.25493 -10.25929 24.61470 -20.99326
0262    5.23975  0.01980 -0.35156 -0.21094 -98.76405 -10.65199 24.97380 -21.25630
0263    5.25977  0.02002 -0.35156 -0.21875 -98.27318 -11.14286 25.32130 -22.84946
0264    5.28026  0.02048 -0.33594 -0.22656 -97.73321 -11.73191 25.68822 -30.01357
0265    5.30092  0.02064 -0.32031 -0.21875 -97.19325 -12.32096 26.05037 -28.87627
0266    5.32061  0.01968 -0.30469 -0.21094 -96.70238 -12.86093 26.37128 -26.92079
0267    5.34102  0.02040 -0.28125 -0.18750 -96.11333 -13.35180 26.98376 -22.94141
0268    5.36109  0.02006 -0.25781 -0.14844 -95.57336 -13.74450 26.74988 -21.38348
0269    5.38091  0.01981 -0.21875 -0.09375 -95.08249 -14.23538 26.42124 -23.06370
0270    5.40091  0.01999 -0.16406 -0.03906 -94.54253 -14.67716 25.62413 -22.87459
0271    5.42136  0.02044 -0.08594  0.03150 -94.05165 -15.16804 24.56469 -23.38046
0272    5.44049  0.01911  0.05512  0.03150 -93.60986 -15.56074 22.76189 -22.34104
0273    5.46091  0.02041  0.04724  0.01575 -93.16808 -16.00253 22.20923 -20.79005
0274    5.48064  0.01972  0.03937  0.03150 -92.77538 -16.39523 19.86862 -20.83382
0275    5.49987  0.01922  0.03150  0.03150 -92.43176 -16.78793 18.05614 -20.47296
0276    5.51966  0.01979  0.03150  0.03150 -92.08815 -17.18063 17.28957 -20.05794
0277    5.53936  0.01969  0.03150  0.03150 -91.74454 -17.57333 18.43776 -18.72232
0278    5.55975  0.02038  0.03150  0.02362 -91.35184 -17.91694 18.84871 -18.07758
0279    5.58021  0.02045  0.04724  0.02362 -90.95914 -18.26055 18.94202 -17.43889
0280    5.60067  0.02044  0.05512  0.03150 -90.61553 -18.65325 17.60961 -17.46196
0281    5.62000  0.01932  0.05512  0.03150 -90.32100 -18.94778 16.23068 -17.57233
0282    5.64023  0.02022  0.04724  0.03150 -90.02648 -19.29139 14.56929 -17.03889
0283    5.65884  0.01860  0.04724  0.03150 -89.78104 -19.63500 13.54521 -16.40203
0284    5.68014  0.02129  0.04724  0.05512 -89.53560 -19.92952 12.74715 -15.31673
0285    5.70040  0.02025  0.05512  0.08661 -89.29016 -20.22405 11.87471 -13.97658
0286    5.72047  0.02006  0.07087  0.14173 -89.09381 -20.42040 11.00455 -11.89278
0287    5.74012  0.01964  0.14961  0.21260 -88.89746 -20.56766  9.76349 -9.56958
0288    5.76026  0.02013  0.18898  0.24409 -88.79929 -20.61675  8.68043 -8.42570
0289    5.78096  0.02068  0.27559  0.30709 -88.75020 -20.61675  7.71000 -8.42570
0290    5.80073  0.01976  0.32283  0.32283 -88.79929 -20.61675  7.71000 -8.42570
0291    5.82090  0.02016  0.37795  0.35433 -88.84838 -20.51858  3.72947 -3.32611
0292    5.84150  0.02059  0.38583  0.36220 -88.99564 -20.37131  0.87300 -0.76576
0293    5.85977  0.01826  0.38583  0.37008 -89.19199 -20.17496 -2.68233  2.35007
0294    5.87949  0.01970  0.38583  0.37795 -89.43743 -19.92952 -10.05291 10.47598
0295    5.89994  0.02044  0.38583  0.38583 -89.68286 -19.63500 -12.18011 13.90531
0296    5.91965  0.01971  0.38583  0.39370 -89.97739 -19.29139 -14.22542 16.60895
0297    5.93998  0.02032  0.38583  0.40945 -90.32100 -18.89869 -16.36075 18.37468
0298    5.95987  0.01988  0.38583  0.42520 -90.71370 -18.50599 -18.35942 19.66202
0299    5.97993  0.02005  0.38583  0.44094 -91.10640 -18.06420 -20.18430 21.11313
0300    5.99982  0.01988  0.38583  0.44094 -91.54819 -17.62241 -21.68267 22.80694
0301    6.02164  0.02180  0.38583  0.44882 -92.08815 -17.08245 -23.23454 24.65501
0302    6.04035  0.01870  0.39370  0.44882 -92.52994 -16.59158 -24.14571 26.37978
0303    6.05999  0.01963  0.39370  0.44882 -93.02081 -16.05161 -25.07054 27.61176
0304    6.07985  0.01985  0.40945  0.44882 -93.56077 -15.46256 -26.28753 29.39741
0305    6.10080  0.02094  0.41732  0.44882 -94.14982 -14.82443 -28.48443 30.96642
0306    6.11983  0.01902  0.42520  0.44882 -94.68979 -14.18629 -29.80211 32.19444
0307    6.13918  0.01934  0.42520  0.44882 -95.27884 -13.54815 -30.71597 32.96665
0308    6.16142  0.02223  0.42520  0.44094 -96.01515 -12.76275 -33.07939 34.30054
0309    6.17982  0.01839  0.43307  0.44094 -96.65329 -12.12461 -34.33569 35.20862
0310    6.19870  0.01887  0.43307  0.44094 -97.34051 -11.43739 -36.51692 37.06102
0311    6.21963  0.02092  0.43307  0.44094 -98.12591 -10.60290 -37.45093 39.51913
0312    6.23940  0.01976  0.43307  0.44094 -98.86223 -9.81750 -38.71056 41.16939
0313    6.25942  0.02001  0.43307  0.44094 -99.64763 -8.93393 -39.78449 42.46268
0314    6.27940  0.01997  0.43307  0.44094 -100.48211 -8.09944 -41.86389 43.77321
0315    6.29905  0.01964  0.43307  0.44094 -101.31660 -7.21586 -42.73383 44.85744
0316    6.31976  0.02070  0.43307  0.44094 -102.24926 -6.23411 -44.03078 46.60265
0317    6.33940  0.01962  0.43307  0.44094 -103.13284 -5.30145 -45.61887 47.85733
0318    6.35986  0.02045  0.43307  0.44094 -104.11459 -4.31970 -47.00877 47.56149
0319    6.38045  0.02058  0.43307  0.43307 -105.09634 -3.38704 -47.99091 47.51959
0320    6.39939  0.01892  0.43307  0.43307 -105.97991 -2.45437 -47.70895 48.07433
0321    6.41914  0.01974  0.43307  0.43307 -106.96166 -1.52171 -49.52231 48.91483
0322    6.44059  0.02144  0.43307  0.41732 -107.99250 -0.44179 -49.88035 48.83187
0323    6.46134  0.02074  0.42520  0.37008 -109.07243  0.58905 -50.38465 47.94052
0324    6.48103  0.01968  0.40157  0.33858 -110.05418  1.52171 -50.23409 47.99044
0325    6.50136  0.02032  0.34646  0.29921 -111.03592  2.50346 -49.44175 47.15327
0326    6.52132  0.01994  0.21260  0.21260 -112.01768  3.43613 -47.43831 46.30416
0327    6.54172  0.02039  0.11811  0.13386 -112.95034  4.31970 -45.54078 43.55899
0328    6.56047  0.01874  0.04724  0.02362 -113.78483  5.10510 -44.63129 42.72175
0329    6.57954  0.01906  0.05512  0.02362 -114.61931  5.89050 -42.35387 40.35440
0330    6.60021  0.02066  0.06299  0.02362 -115.40471  6.67590 -38.29456 37.63455
0331    6.61887  0.01865  0.06299  0.02362 -116.09194  7.36313 -35.05975 36.33352
0332    6.64003  0.02114  0.05512  0.02362 -116.77916  8.09944 -32.17639 34.20374
0333    6.65954  0.01950  0.05512  0.02362 -117.31913  8.73758 -29.73738 32.55118
0334    6.67931  0.01976  0.05512  0.02362 -117.85909  9.37571 -27.68597 30.98147
0335    6.70033  0.02101  0.05512  0.02362 -118.39905  9.96476 -23.96219 29.00938
0336    6.71942  0.01907  0.05512  0.02362 -118.79175 10.45564 -21.69824 25.31438
0337    6.74029  0.02086  0.05512  0.02362 -119.28263 10.99560 -23.22157 26.30585
0338    6.75969  0.01940  0.05512  0.02362 -119.72441 11.53556 -23.37851 26.90050
0339    6.77935  0.01965  0.05512  0.02362 -120.21529 12.07552 -23.70798 27.48199
0340    6.79961  0.02025  0.05512  0.02362 -120.70616 12.61549 -23.79608 27.76089
0341    6.81869  0.01907  0.05512  0.02362 -121.14795 13.15545 -24.00789 28.77994
0342    6.83940  0.02070  0.05512  0.02362 -121.63883 13.79359 -23.24241 29.68416
0343    6.86023  0.02082  0.05512  0.03150 -122.08061 14.38264 -22.94087 28.53866
0344    6.87958  0.01934  0.05512  0.03150 -122.57149 14.97169 -23.27183 29.98030
0345    6.89880  0.01921  0.05512  0.03150 -122.96419 15.51165 -22.82492 27.87827
0346    6.91917  0.02037  0.05512  0.03150 -123.40598 16.05161 -20.98976 27.93864
0347    6.93902  0.01984  0.05512  0.03150 -123.79868 16.59158 -19.74915 27.58337
0348    6.95913  0.02010  0.05512  0.03150 -124.19138 17.13154 -19.15509 26.44017
0349    6.97880  0.01966  0.05512  0.03150 -124.58408 17.67150 -19.59456 27.11088
0350    6.99884  0.02003  0.05512  0.03150 -124.97678 18.30964 -20.05421 31.01455
0351    7.01932  0.02046  0.05512  0.03150 -125.41856 18.94778 -20.84253 31.51412
0352    7.03964  0.02029  0.06299  0.03150 -125.86035 19.53683 -22.22954 30.32817
0353    7.05961  0.01996  0.05512  0.03150 -126.25305 20.02770 -21.05540 24.83934
0354    7.08229  0.02267  0.05512  0.03150 -126.69484 20.51858 -18.42109 20.33868
0355    7.09901  0.01671  0.05512  0.03150 -126.94028 20.76401 -16.41810 18.13914
0356    7.11935  0.02033  0.05512  0.03150 -127.18571 21.10763 -13.93205 15.63961
0357    7.14125  0.02188  0.05512  0.03150 -127.38206 21.35306 -11.59310 13.41610
0358    7.15897  0.01771  0.05512  0.03150 -127.57841 21.50033 -10.06402 11.47082
0359    7.17921  0.02023  0.05512  0.03150 -127.77476 21.64759 -9.33168  9.04778
0360    7.19929  0.01999  0.05512  0.03150 -127.92203 21.69668 -8.76862  8.13570
0361    7.21915  0.01985  0.05512  0.03150 -128.02020 21.69668 -8.04832  8.13570
0362    7.23960  0.02044  0.05512  0.03150 -128.11838 21.69668 -6.73896  8.13570
0363    7.25928  0.01968  0.05512  0.03150 -128.11838 21.64759 -6.73896  8.13570
0364    7.27950  0.02020  0.04724  0.03150 -128.11838 21.64759 -6.73896  8.13570
0365    7.29938  0.01986  0.04724  0.02362 -128.16746 21.69668 -3.87840  8.13570
0366    7.31974  0.02036  0.04724  0.03150 -128.16746 21.64759 -3.87840  8.13570
0367    7.34018  0.02042  0.04724  0.03150 -128.11838 21.54941 -3.87840  1.43668
0368    7.35994  0.01975  0.04724  0.02362 -128.02020 21.45124 -1.69440  0.45874
0369    7.38003  0.02008  0.04724  0.03150 -127.92203 21.35306 -0.52610 -0.44542
0370    7.40002  0.01997  0.04724  0.02362 -127.82385 21.25489  0.51405 -1.29961
0371    7.41916  0.01914  0.04724  0.02362 -127.72568 21.15671  1.55519 -2.15336
0372    7.44124  0.02207  0.04724  0.02362 -127.62750 21.05854  3.54424 -5.26244
0373    7.45927  0.01802  0.04724  0.02362 -127.52933 20.96036  4.63901 -5.27793
0374    7.47977  0.02049  0.07087  0.02362 -127.48024 20.86219  4.86582 -5.18448
0375    7.50038  0.02060  0.09449  0.02362 -127.43115 20.76401  4.52217 -5.09246
0376    7.51996  0.01957  0.14173  0.02362 -127.38206 20.71493  4.24032 -4.84812
0377    7.53975  0.01977  0.16535  0.02362 -127.33298 20.66584  3.89509 -4.42730
0378    7.55939  0.01964  0.21260  0.02362 -127.33298 20.66584  3.89509 -4.42730
0379    7.57965  0.02025  0.24409  0.02362 -127.33298 20.66584  3.89509 -4.42730
0380    7.60023  0.02050  0.27559  0.02362 -127.43115 20.71493  2.08719 -4.42730
0381    7.61955  0.01931  0.29921  0.02362 -127.62750 20.76401  0.00000 -2.10674
0382    7.63960  0.02002  0.32283  0.02362 -127.82385 20.86219 -2.92356 -1.00908
0383    7.65999  0.02038  0.33071  0.02362 -127.97111 20.96036 -8.87927  0.00000
0384    7.67936  0.01936  0.36220  0.02362 -128.11838 21.05854 -8.55193  1.01766
0385    7.69975  0.02038  0.38583  0.02362 -128.26564 21.15671 -7.95111  2.12766
0386    7.71969  0.01993  0.40945  0.02362 -128.46199 21.30398 -8.05299  5.35570
0387    7.73950  0.01980  0.42520  0.02362 -128.60925 21.40215 -8.40951  5.50547
0388    7.75984  0.02032  0.44094  0.02362 -128.80560 21.50033 -8.64805  5.31554
0389    7.77894  0.01909  0.44094  0.02362 -128.95286 21.54941 -8.49512  5.15561
0390    7.79962  0.02067  0.45669  0.02362 -129.10013 21.64759 -8.27436  4.63820
0391    7.82085  0.02122  0.48031  0.03150 -129.24739 21.64759 -7.96584  4.63820
0392    7.84043  0.01957  0.48819  0.02362 -129.39465 21.64759 -7.51184  4.63820
0393    7.86022  0.01978  0.50394  0.02362 -129.49283 21.64759 -6.73823  4.63820
0394    7.87952  0.01929  0.50394  0.02362 -129.59100 21.64759 -5.99404  4.63820
0395    7.89949  0.01996  0.48819  0.02362 -129.64009 21.59850 -5.37397  4.63820
0396    7.91922  0.01971  0.48819  0.02362 -129.68918 21.59850 -4.44490  4.63820
0397    7.93873  0.01950  0.48819  0.02362 -129.68918 21.59850 -4.44490  4.63820
0398    7.95935  0.02061  0.48819  0.03150 -129.68918 21.59850 -4.44490  0.00000
0399    7.97985  0.02049  0.48819  0.02362 -129.68918 21.59850 -4.44490  0.00000
0400    7.99890  0.01904  0.48819  0.02362 -129.68918 21.59850 -4.44490  0.00000
0401    8.01983  0.02092  0.48819  0.02362 -129.73826 21.59850 -2.40818  0.00000
9999 9999.00000 9999.00000 999.00000 999.00000 9999.00000 9999.00000 999.00000 999.00000
