DT    0.00000  0.05512  0.05512 0
DT    0.01998  0.07874  0.07087 0
DT    0.04075  0.14961  0.11811 0
DT    0.06051  0.24409  0.18110 0
DT    0.08031  0.31496  0.22047 0
DT    0.10082  0.42520  0.29134 0
DT    0.11942  0.48031  0.33858 0
DT    0.13946  0.55906  0.41732 0
DT    0.15931  0.56693  0.48031 0
DT    0.17886  0.56693  0.50394 0
DT    0.19883  0.56693  0.52756 0
DT    0.21938  0.56693  0.53543 0
DT    0.23889  0.56693  0.55118 0
DT    0.26031  0.57480  0.56693 0
DT    0.27915  0.57480  0.59843 0
DT    0.29906  0.57480  0.61417 0
DT    0.31979  0.58268  0.62992 0
DT    0.33925  0.59055  0.63780 0
DT    0.35914  0.59055  0.64567 0
DT    0.37901  0.59055  0.65354 0
DT    0.39877  0.59055  0.66142 0
DT    0.41826  0.59055  0.66142 0
DT    0.43969  0.59055  0.66142 0
DT    0.45908  0.59055  0.67717 0
DT    0.47933  0.59055  0.68504 0
DT    0.49865  0.59055  0.68504 0
DT    0.51862  0.59055  0.68504 0
DT    0.53840  0.59055  0.68504 0
DT    0.55826  0.59055  0.68504 0
DT    0.57881  0.59055  0.68504 0
DT    0.59892  0.59843  0.68504 0
DT    0.61857  0.60630  0.68504 0
DT    0.63805  0.60630  0.68504 0
DT    0.65904  0.61417  0.68504 0
DT    0.67885  0.61417  0.68504 0
DT    0.69961  0.62205  0.68504 0
DT    0.71947  0.62992  0.68504 0
DT    0.73954  0.63780  0.68504 0
DT    0.75921  0.64567  0.68504 0
DT    0.77820  0.64567  0.68504 0
DT    0.79868  0.65354  0.68504 0
DT    0.81867  0.66929  0.68504 0
DT    0.83896  0.68504  0.68504 0
DT    0.85812  0.68504  0.68504 0
DT    0.87858  0.69291  0.68504 0
DT    0.89875  0.69291  0.68504 0
DT    0.91814  0.69291  0.68504 0
DT    0.93799  0.69291  0.68504 0
DT    0.95901  0.70079  0.68504 0
DT    0.97900  0.70866  0.68504 0
DT    0.99924  0.71654  0.68504 0
DT    1.01866  0.72441  0.68504 0
DT    1.03864  0.73228  0.68504 0
DT    1.05864  0.74016  0.68504 0
DT    1.07790  0.74016  0.68504 0
DT    1.09828  0.74016  0.68504 0
DT    1.11804  0.74016  0.68504 0
DT    1.13981  0.74803  0.67717 0
DT    1.15880  0.74803  0.67717 0
DT    1.17918  0.74803  0.68504 0
DT    1.19893  0.74803  0.68504 0
DT    1.21961  0.75591  0.67717 0
DT    1.23797  0.75591  0.67717 0
DT    1.25892  0.76378  0.67717 0
DT    1.27790  0.76378  0.67717 0
DT    1.29921  0.77165  0.66142 0
DT    1.31953  0.77953  0.65354 0
DT    1.33799  0.77953  0.65354 0
DT    1.35941  0.78740  0.61417 0
DT    1.37942  0.79528  0.59055 0
DT    1.39944  0.80315  0.51969 0
DT    1.42003  0.81890  0.46457 0
DT    1.43908  0.85039  0.40945 0
DT    1.45902  0.91339  0.35433 0
DT    1.47914  0.93701  0.33071 0
DT    1.49916  0.96063  0.29134 0
DT    1.51892  0.96063  0.24409 0
DT    1.53912  0.96850  0.16535 0
DT    1.55926  0.96063  0.08661 0
DT    1.57952  0.96063  0.01575 0
DT    1.59952  0.96850  0.02362 0
DT    1.61994  0.96063  0.00787 0
DT    1.63853  0.96063 -0.04688 0
DT    1.65866  0.96063 -0.10156 0
DT    1.67984  0.93701 -0.13281 0
DT    1.69918  0.86614 -0.19531 0
DT    1.71898  0.79528 -0.24219 0
DT    1.73962  0.76378 -0.25000 0
DT    1.75968  0.70079 -0.28906 0
DT    1.77946  0.62205 -0.30469 0
DT    1.79970  0.58268 -0.31250 0
DT    1.81926  0.46457 -0.32813 0
DT    1.83985  0.37008 -0.35156 0
DT    1.85982  0.32283 -0.36719 0
DT    1.87951  0.22835 -0.37500 0
DT    1.89892  0.16535 -0.37500 0
DT    1.91887  0.06299 -0.37500 0
DT    1.93987  0.05512 -0.36719 0
DT    1.95945  0.05512 -0.35938 0
DT    1.97967  0.02362 -0.34375 0
DT    2.00057 -0.01563 -0.31250 0
DT    2.01938 -0.11719 -0.30469 0
DT    2.03960 -0.16406 -0.28906 0
DT    2.05892 -0.21094 -0.28906 0
DT    2.07838 -0.24219 -0.28906 0
DT    2.09842 -0.26563 -0.28906 0
DT    2.11857 -0.27344 -0.28906 0
DT    2.13929 -0.28906 -0.29688 0
DT    2.15895 -0.30469 -0.29688 0
DT    2.17858 -0.32031 -0.29688 0
DT    2.19899 -0.32813 -0.30469 0
DT    2.21946 -0.33594 -0.30469 0
DT    2.23896 -0.33594 -0.31250 0
DT    2.25938 -0.35156 -0.31250 0
DT    2.27853 -0.36719 -0.31250 0
DT    2.29888 -0.38281 -0.31250 0
DT    2.31975 -0.40625 -0.29688 0
DT    2.33916 -0.42969 -0.28125 0
DT    2.35928 -0.46875 -0.25781 0
DT    2.37937 -0.48438 -0.24219 0
DT    2.39860 -0.51563 -0.24219 0
DT    2.41796 -0.51563 -0.24219 0
DT    2.43816 -0.51563 -0.24219 0
DT    2.45874 -0.51563 -0.24219 0
DT    2.47899 -0.50781 -0.24219 0
DT    2.49985 -0.48438 -0.25000 0
DT    2.51934 -0.42969 -0.26563 0
DT    2.53932 -0.40625 -0.27344 0
DT    2.55908 -0.35156 -0.29688 0
DT    2.57937 -0.32813 -0.30469 0
DT    2.59951 -0.28906 -0.34375 0
DT    2.61964 -0.26563 -0.35938 0
DT    2.63992 -0.24219 -0.38281 0
DT    2.65967 -0.22656 -0.39844 0
DT    2.68009 -0.20313 -0.40625 0
DT    2.70026 -0.19531 -0.41406 0
DT    2.72020 -0.14844 -0.42188 0
DT    2.73977 -0.08594 -0.42969 0
DT    2.75904 -0.04688 -0.43750 0
DT    2.77868  0.02362 -0.43750 0
DT    2.79815  0.02362 -0.43750 0
DT    2.81919  0.03150 -0.44531 0
DT    2.83900  0.03150 -0.44531 0
DT    2.85816  0.03150 -0.44531 0
DT    2.87812  0.03150 -0.44531 0
DT    2.89881  0.03937 -0.44531 0
DT    2.91919  0.03937 -0.43750 0
DT    2.94110  0.03937 -0.43750 0
DT    2.96020  0.02362 -0.41406 0
DT    2.98018  0.01575 -0.39063 0
DT    2.99919  0.00000 -0.38281 0
DT    3.01940 -0.05469 -0.35938 0
DT    3.03912 -0.08594 -0.34375 0
CS    3.05787 -1.00000  1.00000 1
DT    3.06016 -0.15625 -0.32031 0
DT    3.07932 -0.19531 -0.31250 0
DT    3.09873 -0.21875 -0.31250 0
DT    3.11877 -0.22656 -0.31250 0
DT    3.13907 -0.24219 -0.31250 0
DT    3.15954 -0.25781 -0.32031 0
DT    3.17883 -0.26563 -0.32031 0
DT    3.19897 -0.27344 -0.32031 0
DT    3.21856 -0.27344 -0.31250 0
DT    3.23861 -0.25781 -0.31250 0
DT    3.25945 -0.24219 -0.30469 0
DT    3.27954 -0.18750 -0.28125 0
DT    3.29917 -0.13281 -0.25781 0
DT    3.31938 -0.00781 -0.19531 0
DT    3.33991  0.05512 -0.10938 0
DT    3.35983  0.03937  0.03937 0
CS    3.37804  0.00000  0.00000 0
DT    3.38040  0.04724  0.05512 0
DT    3.39916  0.04724  0.06299 0
DT    3.41945  0.04724  0.07087 0
DT    3.43948  0.04724  0.15748 0
DT    3.45893  0.04724  0.23622 0
DT    3.47996  0.04724  0.23622 0
DT    3.49896  0.04724  0.62992 0
DT    3.51929  0.05512  0.73228 0
DT    3.53942  0.04724  0.77953 0
DT    3.55843  0.04724  0.79528 0
DT    3.57879  0.04724  0.79528 0
DT    3.59857  0.04724  0.79528 0
DT    3.61904  0.05512  0.79528 0
DT    3.63949  0.04724  0.80315 0
DT    3.65917  0.05512  0.80315 0
DT    3.67910  0.04724  0.81102 0
DT    3.69913  0.05512  0.81890 0
DT    3.71801  0.05512  0.81890 0
DT    3.73865  0.03150  0.81890 0
DT    3.75886  0.03937  0.81890 0
DT    3.77861  0.02362  0.81890 0
DT    3.79856  0.00000  0.81890 0
DT    3.81876 -0.05469  0.81890 0
DT    3.83848 -0.07031  0.81890 0
DT    3.85925 -0.09375  0.81890 0
DT    3.87917 -0.11719  0.81890 0
DT    3.89891 -0.14063  0.81890 0
DT    3.91902 -0.14844  0.81890 0
DT    3.93863 -0.17969  0.81890 0
DT    3.95870 -0.19531  0.81890 0
DT    3.97942 -0.21875  0.81890 0
FB    3.99692  0.00000  0.00000 1
DT    3.99922 -0.23438  0.81890 0
DT    4.01890 -0.24219  0.81890 0
DT    4.03867 -0.26563  0.81890 0
DT    4.05918 -0.28125  0.81890 0
DT    4.07909 -0.31250  0.81890 0
DT    4.09921 -0.33594  0.81890 0
DT    4.11941 -0.35156  0.81890 0
DT    4.13948 -0.36719  0.82677 0
DT    4.15980 -0.39063  0.83465 0
DT    4.17934 -0.39844  0.84252 0
DT    4.19864 -0.40625  0.84252 0
DT    4.21884 -0.39844  0.84252 0
DT    4.23894 -0.38281  0.84252 0
DT    4.25846 -0.32031  0.84252 0
DT    4.27849 -0.27344  0.84252 0
DT    4.29863 -0.14063  0.84252 0
DT    4.31895 -0.05469  0.84252 0
DT    4.33933  0.06299  0.84252 0
DT    4.35884  0.04724  0.84252 0
DT    4.37801  0.04724  0.84252 0
DT    4.40041  0.04724  0.84252 0
DT    4.41821  0.04724  0.84252 0
DT    4.43870  0.04724  0.85039 0
DT    4.45941  0.07087  0.84252 0
DT    4.47913  0.11811  0.85039 0
DT    4.49849  0.20472  0.85039 0
DT    4.51885  0.26772  0.85039 0
DT    4.53821  0.26772  0.85039 0
DT    4.55962  0.37795  0.85827 0
DT    4.57913  0.40945  0.85827 0
DT    4.59865  0.44094  0.85827 0
DT    4.61929  0.46457  0.85827 0
DT    4.63935  0.48031  0.85039 0
DT    4.65944  0.51181  0.85039 0
DT    4.67931  0.54331  0.84252 0
DT    4.69856  0.55906  0.84252 0
DT    4.71939  0.56693  0.84252 0
DT    4.73918  0.57480  0.84252 0
DT    4.75896  0.56693  0.84252 0
DT    4.77838  0.56693  0.84252 0
DT    4.79824  0.56693  0.84252 0
DT    4.81946  0.56693  0.84252 0
DT    4.84033  0.57480  0.85039 0
DT    4.85868  0.56693  0.85039 0
DT    4.87877  0.57480  0.85039 0
DT    4.89791  0.57480  0.85039 0
DT    4.91836  0.57480  0.85039 0
DT    4.93906  0.58268  0.85039 0
DT    4.95805  0.58268  0.85039 0
DT    4.97796  0.58268  0.85039 0
DT    4.99810  0.58268  0.85039 0
DT    5.01932  0.58268  0.83465 0
DT    5.03992  0.59055  0.82677 0
DT    5.05952  0.61417  0.79528 0
DT    5.07939  0.65354  0.78740 0
DT    5.09959  0.69291  0.77953 0
DT    5.11889  0.73228  0.77953 0
DT    5.13938  0.77165  0.76378 0
DT    5.15900  0.79528  0.74803 0
DT    5.17900  0.81890  0.67717 0
DT    5.19983  0.83465  0.57480 0
DT    5.21930  0.87402  0.40157 0
DT    5.23939  0.91339  0.29134 0
DT    5.25976  0.93701  0.13386 0
DT    5.27929  0.94488  0.03150 0
DT    5.29991  0.93701  0.02362 0
DT    5.31822  0.93701  0.02362 0
DT    5.33825  0.93701  0.02362 0
DT    5.35911  0.90551 -0.05469 0
DT    5.37923  0.87402 -0.12500 0
DT    5.39920  0.81102 -0.21094 0
DT    5.41980  0.74803 -0.25781 0
DT    5.43937  0.63780 -0.31250 0
DT    5.45952  0.48031 -0.33594 0
DT    5.47981  0.27559 -0.38281 0
DT    5.49963  0.13386 -0.39844 0
DT    5.52124  0.13386 -0.39844 0
DT    5.53976  0.05512 -0.43750 0
DT    5.55904  0.05512 -0.44531 0
DT    5.57889  0.04724 -0.44531 0
DT    5.59871  0.01575 -0.44531 0
DT    5.61898 -0.04688 -0.44531 0
DT    5.63856 -0.11719 -0.44531 0
DT    5.66058 -0.11719 -0.44531 0
DT    5.67869 -0.22656 -0.44531 0
DT    5.69870 -0.26563 -0.44531 0
DT    5.71896 -0.28125 -0.44531 0
DT    5.73891 -0.31250 -0.44531 0
DT    5.75900 -0.32031 -0.44531 0
DT    5.77913 -0.33594 -0.44531 0
DT    5.79850 -0.34375 -0.44531 0
DT    5.81810 -0.34375 -0.44531 0
DT    5.83979 -0.35938 -0.43750 0
DT    5.85938 -0.36719 -0.42969 0
DT    5.87915 -0.38281 -0.42188 0
DT    5.89880 -0.39063 -0.42188 0
DT    5.91928 -0.40625 -0.41406 0
DT    5.93893 -0.41406 -0.41406 0
DT    5.95922 -0.42188 -0.40625 0
DT    5.98082 -0.42188 -0.40625 0
DT    5.99989 -0.44531 -0.39063 0
CS    6.01805  1.00000 -1.00000 1
DT    6.02034 -0.46875 -0.38281 0
DT    6.04033 -0.46875 -0.38281 0
DT    6.05919 -0.47656 -0.36719 0
DT    6.07862 -0.46875 -0.36719 0
DT    6.09805 -0.46875 -0.36719 0
DT    6.11860 -0.46875 -0.36719 0
DT    6.13935 -0.46875 -0.36719 0
DT    6.16011 -0.43750 -0.35938 0
DT    6.17883 -0.43750 -0.35938 0
DT    6.19911 -0.40625 -0.35938 0
DT    6.21999 -0.39844 -0.35938 0
DT    6.23874 -0.39063 -0.35938 0
DT    6.25787 -0.39063 -0.35938 0
DT    6.27852 -0.39063 -0.35156 0
DT    6.29876 -0.38281 -0.35156 0
DT    6.31836 -0.38281 -0.35156 0
DT    6.33806 -0.38281 -0.35156 0
DT    6.35870 -0.38281 -0.34375 0
DT    6.37837 -0.38281 -0.34375 0
DT    6.39913 -0.38281 -0.32813 0
DT    6.41956 -0.38281 -0.31250 0
DT    6.43884 -0.38281 -0.30469 0
DT    6.45954 -0.39063 -0.28125 0
DT    6.47912 -0.39063 -0.25781 0
DT    6.49938 -0.39844 -0.18750 0
DT    6.51850 -0.39844 -0.10938 0
DT    6.53911 -0.39844  0.00787 0
DT    6.55921 -0.39063  0.04724 0
DT    6.57961 -0.37500  0.03150 0
DT    6.59861 -0.34375  0.03150 0
DT    6.61927 -0.26563  0.03937 0
DT    6.63971 -0.11719  0.03150 0
DT    6.65978  0.01575  0.03937 0
DT    6.67943  0.04724  0.03150 0
DT    6.69848  0.04724  0.03150 0
DT    6.71902  0.03150  0.03150 0
DT    6.73953  0.03937  0.03937 0
DT    6.75844  0.03937  0.03937 0
DT    6.77880  0.04724  0.03937 0
DT    6.79834  0.04724  0.03937 0
DT    6.81986  0.05512  0.03150 0
DT    6.83826  0.05512  0.03150 0
DT    6.85950  0.04724  0.03150 0
DT    6.87928  0.05512  0.03150 0
DT    6.89997  0.06299  0.03937 0
DT    6.92004  0.04724  0.05512 0
DT    6.94020  0.04724  0.05512 0
DT    6.96204  0.06299  0.08661 0
DT    6.97940  0.13386  0.22047 0
DT    6.99908  0.17323  0.27559 0
DT    7.01946  0.27559  0.31496 0
DT    7.03951  0.33858  0.36220 0
DT    7.05991  0.42520  0.40157 0
DT    7.07970  0.42520  0.40157 0
DT    7.10041  0.48819  0.45669 0
DT    7.12062  0.51181  0.47244 0
DT    7.14146  0.51181  0.47244 0
DT    7.15885  0.51181  0.48819 0
DT    7.17843  0.51181  0.48819 0
DT    7.19897  0.51181  0.50394 0
DT    7.21825  0.51181  0.50394 0
DT    7.23861  0.48819  0.50394 0
DT    7.25871  0.46457  0.50394 0
DT    7.27991  0.40157  0.48819 0
DT    7.30059  0.30709  0.48031 0
DT    7.32030  0.23622  0.46457 0
DT    7.33992  0.14961  0.40157 0
DT    7.35962  0.07087  0.34646 0
DT    7.37965  0.06299  0.26772 0
DT    7.39883  0.06299  0.21260 0
DT    7.41940  0.05512  0.12598 0
DT    7.43959  0.04724  0.04724 0
CS    7.45788  0.00000  0.00000 0
DT    7.46005  0.05512  0.01575 0
DT    7.47922  0.04724  0.03150 0
DT    7.49922  0.02362  0.03150 0
DT    7.51843  0.02362  0.03150 0
DT    7.54007  0.01575  0.03150 0
DT    7.56039  0.00000  0.03150 0
DT    7.58051 -0.02344  0.02362 0
EL    7.58051  0.12625  0.00000 0
DT    7.60075 -0.04688  0.03150 0
EL    7.60075  0.22000  0.00000 0
DT    7.61895 -0.07813  0.03150 0
EL    7.61896  0.47000  0.00000 0
DT    7.63928 -0.08594  0.03150 0
EL    7.63929  0.66531  0.00000 0
DT    7.66079 -0.10156  0.02362 0
EL    7.66080  0.89188  0.00000 0
DT    7.67949 -0.10938  0.01575 0
EL    7.67949  0.97000  0.00000 0
DT    7.69888 -0.10938  0.00000 0
EL    7.69889  0.97000  0.00000 0
DT    7.71887 -0.10938 -0.05469 0
EL    7.71888  0.97000  0.00000 0
DT    7.73879 -0.10938 -0.08594 0
EL    7.73880  0.97000  0.00000 0
DT    7.75896 -0.10938 -0.09375 0
EL    7.75897  0.97000  0.00000 0
DT    7.77846 -0.10938 -0.09375 0
EL    7.77847  0.97000  0.00000 0
DT    7.79806 -0.10938 -0.09375 0
EL    7.79807  0.97000  0.00000 0
DT    7.81884 -0.10938 -0.08594 0
EL    7.81885  0.97000  0.00000 0
DT    7.83820 -0.10938 -0.08594 0
EL    7.83821  0.97000  0.00000 0
DT    7.85802 -0.10938 -0.08594 0
EL    7.85802  0.97000  0.00000 0
DT    7.87853 -0.10938 -0.08594 0
EL    7.87854  0.97000  0.00000 0
DT    7.89831 -0.10938 -0.08594 0
EL    7.89832  0.97000  0.00000 0
DT    7.91898 -0.10938 -0.09375 0
EL    7.91899  0.97000  0.00000 0
DT    7.93812 -0.10938 -0.09375 0
EL    7.93813  0.97000  0.00000 0
DT    7.95859 -0.12500 -0.09375 0
EL    7.95860  0.97000  0.00000 0
DT    7.98086 -0.14063 -0.10156 0
EL    7.98087  0.82938  0.00000 0
DT    7.99987 -0.16406 -0.10938 0
EL    7.99987  0.45438  0.00000 0
DT    8.02190 -0.17969 -0.11719 0
EL    8.02191  0.21219  0.00000 0
DT    8.03953 -0.21094 -0.14844 0
EL    8.03953  0.00000  0.00000 0
DT    8.05945 -0.23438 -0.16406 0
DT    8.07930 -0.25781 -0.17969 0
DT    8.09977 -0.28125 -0.19531 0
DT    8.11918 -0.30469 -0.20313 0
DT    8.14011 -0.32031 -0.22656 0
DT    8.15906 -0.32031 -0.23438 0
DT    8.17854 -0.32031 -0.23438 0
DT    8.19959 -0.32031 -0.24219 0
DT    8.21884 -0.32031 -0.24219 0
DT    8.23800 -0.32031 -0.24219 0
DT    8.25993 -0.32813 -0.25000 0
DT    8.27938 -0.33594 -0.25000 0
DT    8.29959 -0.33594 -0.25781 0
DT    8.31886 -0.35156 -0.25781 0
DT    8.33914 -0.36719 -0.26563 0
DT    8.35877 -0.37500 -0.26563 0
DT    8.37851 -0.37500 -0.26563 0
DT    8.39816 -0.37500 -0.26563 0
DT    8.41865 -0.37500 -0.26563 0
DT    8.43825 -0.37500 -0.26563 0
DT    8.46003 -0.36719 -0.25781 0
DT    8.47932 -0.35156 -0.25781 0
DT    8.49857 -0.34375 -0.25781 0
DT    8.51892 -0.32813 -0.25781 0
DT    8.53929 -0.32031 -0.25000 0
DT    8.55862 -0.31250 -0.25000 0
DT    8.58008 -0.30469 -0.25000 0
DT    8.59941 -0.30469 -0.25000 0
DT    8.61967 -0.30469 -0.24219 0
DT    8.63848 -0.30469 -0.24219 0
DT    8.65913 -0.30469 -0.23438 0
DT    8.67815 -0.30469 -0.23438 0
DT    8.69881 -0.30469 -0.24219 0
DT    8.71904 -0.30469 -0.24219 0
DT    8.73943 -0.29688 -0.24219 0
DT    8.75886 -0.29688 -0.23438 0
DT    8.77868 -0.29688 -0.23438 0
DT    8.79955 -0.28906 -0.23438 0
DT    8.81809 -0.28906 -0.23438 0
DT    8.83915 -0.28125 -0.23438 0
DT    8.85973 -0.27344 -0.23438 0
DT    8.87874 -0.27344 -0.23438 0
DT    8.90061 -0.26563 -0.22656 0
DT    8.91938 -0.25781 -0.22656 0
DT    8.93932 -0.25781 -0.21875 0
DT    8.95933 -0.25000 -0.21094 0
DT    8.97971 -0.24219 -0.20313 0
DT    8.99948 -0.23438 -0.19531 0
DT    9.01913 -0.22656 -0.17969 0
DT    9.03916 -0.21094 -0.17969 0
DT    9.05952 -0.19531 -0.16406 0
DT    9.07975 -0.16406 -0.15625 0
DT    9.09979 -0.14063 -0.13281 0
DT    9.11925 -0.10938 -0.10156 0
DT    9.13988 -0.08594 -0.08594 0
DT    9.15948 -0.01563 -0.02344 0
CS    9.17762 -1.00000  1.00000 1
DT    9.17965  0.02362  0.02362 0
DT    9.19975  0.05512  0.04724 0
DT    9.21857  0.05512  0.03937 0
DT    9.24040  0.05512  0.03937 0
DT    9.25917  0.05512  0.03150 0
DT    9.27832  0.05512  0.03150 0
DT    9.29808  0.05512  0.03150 0
DT    9.31835  0.05512  0.03150 0
DT    9.33848  0.05512  0.03150 0
DT    9.35793  0.05512  0.03150 0
DT    9.37804  0.05512  0.03150 0
DT    9.39803  0.05512  0.03150 0
CS    9.41782  0.00000  0.00000 0
DT    9.42006  0.06299  0.03937 0
DT    9.43871  0.06299  0.03150 0
DT    9.45803  0.06299  0.03150 0
DT    9.47814  0.06299  0.03150 0
DT    9.49854  0.06299  0.03937 0
DT    9.51796  0.06299  0.03937 0
DT    9.53831  0.06299  0.03937 0
DT    9.55832  0.06299  0.03937 0
DT    9.58045  0.05512  0.03150 0
DT    9.59890  0.04724  0.03150 0
DT    9.61884  0.05512  0.03150 0
DT    9.63985  0.06299  0.03937 0
DT    9.65938  0.07874  0.06299 0
DT    9.68003  0.14961  0.14961 0
DT    9.69910  0.19685  0.22047 0
DT    9.71922  0.29134  0.29921 0
DT    9.73968  0.33858  0.34646 0
DT    9.75908  0.37008  0.40945 0
DT    9.77902  0.37008  0.47244 0
DT    9.79890  0.37008  0.48819 0
DT    9.81897  0.37008  0.48819 0
DT    9.83796  0.37008  0.48819 0
DT    9.85802  0.37008  0.48819 0
DT    9.88016  0.37008  0.48819 0
DT    9.89894  0.37008  0.48031 0
DT    9.91812  0.37008  0.48031 0
DT    9.93807  0.37008  0.48031 0
DT    9.95817  0.37008  0.48031 0
DT    9.97862  0.37008  0.47244 0
DT    9.99964  0.36220  0.46457 0
DT   10.01934  0.34646  0.46457 0
DT   10.03948  0.32283  0.45669 0
DT   10.05983  0.31496  0.44882 0
DT   10.07789  0.31496  0.44882 0
DT   10.09866  0.31496  0.44094 0
DT   10.11875  0.31496  0.44882 0
DT   10.13835  0.31496  0.44882 0
DT   10.16069  0.31496  0.44882 0
DT   10.17818  0.31496  0.44882 0
DT   10.19821  0.31496  0.44882 0
DT   10.21834  0.31496  0.44882 0
FB   10.23750  0.00000  0.00000 0
DT   10.23940  0.31496  0.43307 0
DT   10.25877  0.31496  0.40945 0
DT   10.27977  0.29921  0.35433 0
DT   10.29968  0.28346  0.30709 0
DT   10.31989  0.24409  0.21260 0
DT   10.34044  0.24409  0.21260 0
DT   10.35976  0.11811  0.02362 0
DT   10.38039  0.11811  0.02362 0
DT   10.40317  0.06299  0.03937 0
EL   10.40318 -0.14811  0.00000 0
DT   10.41986  0.05512  0.03150 0
EL   10.41997 -0.51819  0.00000 0
DT   10.43901  0.05512  0.02362 0
EL   10.43902 -0.72291  0.00000 0
DT   10.45948  0.05512  0.03150 0
EL   10.45949 -0.80953  0.00000 0
DT   10.47954  0.05512  0.02362 0
EL   10.47954 -0.89614  0.00000 0
DT   10.49967  0.04724  0.03150 0
EL   10.49968 -0.93551  0.00000 0
DT   10.51827  0.04724  0.03150 0
EL   10.51827 -0.95126  0.00000 0
DT   10.53825  0.04724  0.03150 0
EL   10.53826 -0.95126  0.00000 0
DT   10.55835  0.04724  0.03150 0
EL   10.55836 -0.95913  0.00000 0
DT   10.57801  0.04724  0.03150 0
EL   10.57802 -0.95913  0.00000 0
DT   10.59798  0.04724  0.03150 0
EL   10.59799 -0.95913  0.00000 0
DT   10.61813  0.04724  0.03150 0
EL   10.61814 -0.95913  0.00000 0
DT   10.63858  0.04724  0.03150 0
EL   10.63859 -0.95913  0.00000 0
DT   10.65805  0.04724  0.03150 0
EL   10.65805 -0.95913  0.00000 0
DT   10.67791  0.04724  0.03150 0
EL   10.67792 -0.95913  0.00000 0
DT   10.69853  0.04724  0.03150 0
EL   10.69854 -0.95913  0.00000 0
DT   10.71938  0.03937  0.03150 0
EL   10.71938 -0.89614  0.00000 0
DT   10.73993  0.03937  0.02362 0
EL   10.73993 -0.84890  0.00000 0
DT   10.75901  0.04724  0.02362 0
EL   10.75902 -0.80165  0.00000 0
DT   10.77877  0.08661  0.02362 0
EL   10.77877 -0.73866  0.00000 0
DT   10.79979  0.05512  0.03150 0
EL   10.79980 -0.70717  0.00000 0
DT   10.81966  0.05512  0.03150 0
EL   10.81967 -0.69142  0.00000 0
DT   10.83949  0.04724  0.03937 0
EL   10.83949 -0.68354  0.00000 0
DT   10.85873  0.04724  0.03937 0
EL   10.85873 -0.67567  0.00000 0
DT   10.87826  0.04724  0.03937 0
EL   10.87826 -0.61268  0.00000 0
DT   10.89843  0.04724  0.03937 0
EL   10.89844 -0.47882  0.00000 0
DT   10.91857  0.04724  0.03937 0
EL   10.91857 -0.38433  0.00000 0
DT   10.93870  0.04724  0.03937 0
EL   10.93870 -0.29772  0.00000 0
DT   10.95914  0.04724  0.03937 0
EL   10.95914 -0.26622  0.00000 0
DT   10.97893  0.04724  0.03937 0
EL   10.97893 -0.20323  0.00000 0
DT   10.99859  0.04724  0.03937 0
EL   10.99860 -0.10874  0.00000 0
DT   11.01877  0.04724  0.03937 0
EL   11.01877 -0.05362  0.00000 0
DT   11.03835  0.04724  0.03937 0
EL   11.03836  0.00000  0.00000 0
DT   11.06420  0.04724  0.03937 0
DT   11.07804  0.04724  0.03937 0
DT   11.09901  0.03937  0.03150 0
DT   11.11815  0.03937  0.03150 0
DT   11.13886  0.03937  0.02362 0
DT   11.15944  0.02362  0.01575 0
DT   11.17978  0.01575  0.00787 0
DT   11.19805  0.01575  0.00787 0
DT   11.21860  0.01575  0.00000 0
DT   11.23860  0.01575  0.00787 0
DT   11.25793  0.01575  0.00787 0
DT   11.27947  0.02362  0.01575 0
DT   11.29816  0.02362  0.01575 0
DT   11.31871  0.02362  0.02362 0
DT   11.33855  0.02362  0.02362 0
DT   11.35849  0.03150  0.02362 0
DT   11.37872  0.03937  0.02362 0
DT   11.39816  0.03937  0.02362 0
DT   11.41913  0.03937  0.03150 0
DT   11.43779  0.03937  0.03150 0
DT   11.45799  0.03937  0.03150 0
EL   11.75115  0.00000  0.00000 1
XX 9999.00000 999.00000 999.00000 0