0000    0.00005  0.00005  0.04724  0.03150 195.12281 -247.64644  0.00000  0.00000
0001    0.01905  0.01899  0.04724  0.03150 195.12281 -247.64644  0.00000  0.00000
0002    0.03879  0.01973  0.04724  0.03150 195.12281 -247.64644  0.00000  0.00000
0003    0.06069  0.02189  0.05512  0.04724 195.12281 -247.64644  0.00000  0.00000
0004    0.08031  0.01961  0.09449  0.07087 195.12281 -247.64644  0.00000  0.00000
0005    0.10102  0.02070  0.18898  0.14961 195.12281 -247.64644  0.00000  0.00000
0006    0.12042  0.01939  0.26772  0.20472 195.12281 -247.64644  0.00000  0.00000
0007    0.13994  0.01950  0.40945  0.25197 195.02464 -247.59735 -0.23407  0.00000
0008    0.16028  0.02033  0.47244  0.31496 194.87738 -247.54826 -0.58517  3.86145
0009    0.18016  0.01988  0.57480  0.41732 194.73011 -247.45009 -0.93627  3.95491
0010    0.20102  0.02085  0.62205  0.51181 194.53376 -247.25374 -7.82703  5.53023
0011    0.22031  0.01928  0.63780  0.54331 194.23924 -247.00830 -12.15085  8.42709
0012    0.23886  0.01854  0.63780  0.54331 193.89563 -246.76286 -16.75790 13.12514
0013    0.26084  0.02196  0.64567  0.56693 193.45384 -246.32108 -20.93886 18.62850
0014    0.27965  0.01880  0.64567  0.58268 192.96296 -245.87929 -24.13959 22.06224
0015    0.29966  0.02000  0.64567  0.59055 192.42300 -245.38841 -27.25637 25.35498
0016    0.32053  0.02086  0.64567  0.59843 191.78486 -244.79936 -30.41837 28.54937
0017    0.33964  0.01910  0.64567  0.61417 191.19581 -244.21031 -32.39917 31.04417
0018    0.35975  0.02010  0.64567  0.64567 190.45950 -243.52309 -35.37201 33.89857
0019    0.37956  0.01980  0.64567  0.66929 189.72319 -242.83586 -37.10556 36.17208
0020    0.39950  0.01992  0.64567  0.68504 188.93779 -242.05046 -40.27031 38.74294
0021    0.41932  0.01981  0.64567  0.68504 188.10330 -241.21598 -42.75747 43.62364
0022    0.43965  0.02033  0.64567  0.69291 187.21973 -240.33240 -44.12518 45.48803
0023    0.45922  0.01956  0.64567  0.69291 186.28706 -239.35065 -47.41242 48.65954
0024    0.48032  0.02108  0.64567  0.70079 185.25623 -238.27073 -49.43179 52.04716
0025    0.49952  0.01920  0.64567  0.70079 184.27448 -237.23989 -52.45792 54.57350
0026    0.52014  0.02061  0.64567  0.70079 183.14546 -236.06179 -54.00551 58.33333
0027    0.53923  0.01908  0.64567  0.70079 182.11463 -234.98186 -54.84239 57.40959
0028    0.55946  0.02022  0.64567  0.70079 180.93653 -233.75468 -57.67333 61.06512
0029    0.57915  0.01968  0.64567  0.70079 179.75843 -232.57658 -61.83473 61.16022
0030    0.59900  0.01984  0.64567  0.70079 178.53124 -231.30030 -61.73713 62.91293
0031    0.61890  0.01990  0.64567  0.70079 177.30405 -230.02403 -61.75577 66.31250
0032    0.63908  0.02017  0.64567  0.70079 176.02778 -228.64958 -64.17254 69.32430
0033    0.65912  0.02003  0.64567  0.70079 174.75150 -227.22604 -64.57947 70.66814
0034    0.67898  0.01984  0.64567  0.70079 173.42614 -225.80250 -66.15789 70.37584
0035    0.69912  0.02014  0.64567  0.70079 172.10078 -224.37896 -67.33770 71.76430
0036    0.71886  0.01972  0.64567  0.70079 170.77541 -222.95543 -66.99902 72.56527
0037    0.73942  0.02055  0.64567  0.70079 169.35188 -221.43371 -70.69307 74.06695
0038    0.75985  0.02042  0.64567  0.69291 167.87925 -219.91200 -71.84623 76.23052
0039    0.77931  0.01945  0.64567  0.69291 166.45571 -218.43937 -73.92362 76.19739
0040    0.79993  0.02060  0.65354  0.69291 164.93400 -216.81949 -74.10944 76.75199
0041    0.81962  0.01968  0.66142  0.69291 163.46138 -215.29778 -74.84733 79.33013
0042    0.83891  0.01928  0.66142  0.69291 161.98875 -213.77606 -75.98273 78.19968
0043    0.85955  0.02064  0.66929  0.69291 160.36886 -212.10709 -78.81301 80.12716
0044    0.87903  0.01947  0.66929  0.69291 158.79806 -210.48720 -80.42978 82.54439
0045    0.89910  0.02006  0.66929  0.69291 157.17818 -208.86731 -81.53867 81.11960
0046    0.91875  0.01964  0.66929  0.69291 155.55829 -207.24743 -81.85206 83.92962
0047    0.93878  0.02001  0.66929  0.69291 153.88931 -205.52936 -85.24873 85.81956
0048    0.95919  0.02040  0.66929  0.69291 152.17125 -203.76221 -83.76564 86.68951
0049    0.98008  0.02088  0.67717  0.69291 150.40410 -201.99506 -85.63391 86.38819
0050    0.99942  0.01933  0.67717  0.69291 148.73513 -200.32609 -86.30921 85.16812
0051    1.01988  0.02045  0.68504  0.69291 146.96798 -198.55894 -87.29150 86.92515
0052    1.04179  0.02190  0.68504  0.69291 145.05356 -196.59544 -85.71316 89.56266
0053    1.05962  0.01782  0.68504  0.68504 143.53185 -194.97555 -87.84527 92.15454
0054    1.07963  0.02000  0.69291  0.68504 141.71561 -193.15931 -91.11031 91.85965
0055    1.09878  0.01914  0.69291  0.68504 139.94846 -191.39216 -90.80609 91.61449
0056    1.11964  0.02084  0.69291  0.67717 138.03405 -189.47775 -93.23893 92.41218
0057    1.13999  0.02034  0.70079  0.67717 136.16873 -187.61243 -92.47311 92.92915
0058    1.16065  0.02065  0.70866  0.67717 134.25431 -185.74710 -93.15135 93.10453
0059    1.17919  0.01854  0.70866  0.67717 132.53625 -184.02904 -91.51628 92.19435
0060    1.20032  0.02112  0.71654  0.67717 130.57275 -182.06554 -93.34798 92.86059
0061    1.21977  0.01943  0.71654  0.67717 128.70743 -180.24930 -96.82812 93.27436
0062    1.23966  0.01988  0.71654  0.67717 126.84210 -178.38398 -93.77866 92.68613
0063    1.25895  0.01928  0.71654  0.67717 124.97678 -176.56774 -96.87876 95.36275
0064    1.27904  0.02008  0.71654  0.67717 123.01328 -174.65333 -97.43643 95.32571
0065    1.29884  0.01979  0.71654  0.67717 121.04978 -172.73891 -98.63662 97.48287
0066    1.31924  0.02039  0.71654  0.67717 119.08628 -170.72633 -98.29590 97.88526
0067    1.33916  0.01991  0.71654  0.67717 117.07369 -168.76283 -101.23117 98.08280
0068    1.35886  0.01969  0.71654  0.67717 115.06110 -166.84841 -99.60129 96.86920
0069    1.37907  0.02020  0.71654  0.67717 113.04851 -164.88491 -101.17379 98.89097
0070    1.39886  0.01978  0.71654  0.67717 111.08501 -162.97050 -100.78327 95.60793
0071    1.41986  0.02099  0.71654  0.68504 108.92516 -160.95791 -100.52837 95.56884
0072    1.44003  0.02016  0.71654  0.67717 106.91258 -158.99441 -99.68726 96.90362
0073    1.45934  0.01930  0.71654  0.67717 104.99816 -157.08000 -100.19800 98.26835
0074    1.48001  0.02066  0.71654  0.67717 102.88740 -155.06741 -102.77737 96.41731
0075    1.49903  0.01901  0.71654  0.67717 100.92390 -153.20209 -104.27620 99.66904
0076    1.51885  0.01981  0.71654  0.67717 98.86223 -151.14041 -104.88782 104.46260
0077    1.53916  0.02029  0.71654  0.67717 96.70238 -149.07874 -104.72782 101.59993
0078    1.55882  0.01966  0.71654  0.67717 94.64070 -147.06615 -104.57610 103.73192
0079    1.57903  0.02020  0.71654  0.67717 92.52994 -144.95539 -105.09329 104.58836
0080    1.59903  0.01997  0.71654  0.67717 90.41918 -142.89371 -106.73980 103.83724
0081    1.61916  0.02012  0.71654  0.67717 88.25933 -140.78295 -106.15464 101.79166
0082    1.63936  0.02019  0.71654  0.67717 86.14856 -138.72128 -104.98653 103.99564
0083    1.65876  0.01939  0.71654  0.67717 84.08689 -136.75778 -105.71115 103.82626
0084    1.68225  0.02348  0.71654  0.67717 81.63251 -134.35249 -104.75799 103.72425
0085    1.69947  0.01721  0.71654  0.67717 79.81628 -132.58534 -106.60767 101.06339
0086    1.71904  0.01957  0.71654  0.67717 77.75460 -130.57275 -106.89903 102.55406
0087    1.73884  0.01977  0.71654  0.67717 75.64384 -128.51108 -106.32249 102.39789
0088    1.75895  0.02010  0.71654  0.67717 73.48399 -126.44940 -108.37169 105.81255
0089    1.77882  0.01986  0.71654  0.67717 71.32414 -124.33864 -109.55319 105.12480
0090    1.79939  0.02057  0.71654  0.67717 69.06611 -122.12970 -108.50824 106.53594
0091    1.81901  0.01961  0.71654  0.67717 66.90626 -120.06802 -112.42356 107.54661
0092    1.83874  0.01972  0.71654  0.67717 64.69732 -117.95726 -110.41196 107.66573
0093    1.85957  0.02082  0.71654  0.67717 62.39021 -115.69924 -111.11425 108.61749
0094    1.87972  0.02014  0.71654  0.68504 60.18128 -113.53939 -110.48030 109.56053
0095    1.89986  0.02013  0.71654  0.68504 57.97234 -111.42863 -107.27046 105.32442
0096    1.91983  0.01996  0.71654  0.67717 55.81249 -109.36695 -108.38246 105.89701
0097    1.93989  0.02005  0.71654  0.67717 53.60355 -107.20710 -111.47130 106.86877
0098    1.95917  0.01927  0.71654  0.67717 51.49279 -105.14543 -109.13426 108.81734
0099    1.97935  0.02017  0.71654  0.68504 49.23476 -102.93649 -110.95728 107.62324
0100    1.99973  0.02037  0.71654  0.67717 46.97674 -100.77664 -111.83574 107.18848
9999 9999.00000 9999.00000 999.00000 999.00000 9999.00000 9999.00000 999.00000 999.00000
