0000    0.00006  0.00005  0.04724  0.00787 -181.86919 180.78926  0.00000  0.00000
0001    0.01982  0.01976  0.04724  0.00787 -181.86919 180.78926  0.00000  0.00000
0002    0.03950  0.01967  0.04724  0.00787 -181.86919 180.78926  0.00000  0.00000
0003    0.05900  0.01949  0.04724  0.00787 -181.86919 180.78926  0.00000  0.00000
0004    0.08162  0.02261  0.05512  0.00787 -181.86919 180.78926  0.00000  0.00000
0005    0.10199  0.02036  0.04724  0.01575 -181.86919 180.78926  0.00000  0.00000
0006    0.11892  0.01692  0.04724  0.01575 -181.86919 180.78926  0.00000  0.00000
0007    0.14031  0.02138  0.04724  0.01575 -181.86919 180.78926  0.00000  0.00000
0008    0.16006  0.01974  0.04724  0.01575 -181.86919 180.78926  0.00000  0.00000
0009    0.18080  0.02073  0.04724  0.01575 -181.86919 180.78926  0.00000  0.00000
0010    0.19980  0.01899  0.04724  0.01575 -181.86919 180.78926  0.00000  0.00000
0011    0.21937  0.01956  0.04724  0.01575 -181.86919 180.78926  0.00000  0.00000
0012    0.24024  0.02086  0.04724  0.01575 -181.86919 180.78926  0.00000  0.00000
0013    0.26042  0.02017  0.04724  0.01575 -181.86919 180.78926  0.00000  0.00000
0014    0.27958  0.01915  0.04724  0.01575 -181.86919 180.78926  0.00000  0.00000
0015    0.30082  0.02123  0.04724  0.01575 -181.86919 180.78926  0.00000  0.00000
0016    0.31984  0.01901  0.04724  0.01575 -181.86919 180.78926  0.00000  0.00000
0017    0.34030  0.02045  0.04724  0.01575 -181.86919 180.78926  0.00000  0.00000
0018    0.35909  0.01878  0.04724  0.01575 -181.86919 180.78926  0.00000  0.00000
0019    0.37905  0.01995  0.04724  0.01575 -181.86919 180.78926  0.00000  0.00000
0020    0.39952  0.02046  0.04724  0.01575 -181.86919 180.78926  0.00000  0.00000
0021    0.41955  0.02001  0.04724  0.01575 -181.86919 180.78926  0.00000  0.00000
0022    0.44191  0.02235  0.03937  0.01575 -181.86919 180.78926  0.00000  0.00000
0023    0.46083  0.01891  0.03150  0.01575 -181.86919 180.78926  0.00000  0.00000
0024    0.48188  0.02103  0.03150  0.00787 -181.86919 180.78926  0.00000  0.00000
0025    0.50268  0.02079  0.02362  0.00000 -181.86919 180.78926  0.00000  0.00000
0026    0.52121  0.01852  0.02362 -0.02344 -181.86919 180.78926  0.00000  0.00000
0027    0.54178  0.02057  0.02362 -0.05469 -181.86919 180.78926  0.00000  0.00000
0028    0.56358  0.02179  0.00787 -0.12500 -181.86919 180.78926  0.00000  0.00000
0029    0.58234  0.01875 -0.00781 -0.16406 -181.86919 180.78926  0.00000  0.00000
0030    0.60372  0.02137 -0.05469 -0.35156 -181.86919 180.78926  0.00000  0.00000
0031    0.62276  0.01903 -0.08594 -0.41406 -181.86919 180.69109  0.00000 -5.34164
0032    0.64366  0.02089 -0.13281 -0.48438 -181.82010 180.54383  0.00000 -5.61218
0033    0.66375  0.02008 -0.14844 -0.50000 -181.82010 180.34748  0.00000 -7.16341
0034    0.68254  0.01878 -0.17969 -0.53906 -181.77101 180.10204  1.72994 -10.49994
0035    0.70313  0.02058 -0.18750 -0.55469 -181.62375 179.75843  3.30819 -14.75604
0036    0.72286  0.01972 -0.20313 -0.58594 -181.47649 179.36573  4.28752 -19.09065
0037    0.74232  0.01945 -0.21094 -0.59375 -181.32923 178.92394  6.59898 -21.93134
0038    0.76027  0.01794 -0.21094 -0.59375 -181.13287 178.48215  8.62173 -25.67049
0039    0.78189  0.02144 -0.22656 -0.59375 -180.88744 177.89310 10.03690 -27.37325
0040    0.80260  0.02071 -0.24219 -0.60156 -180.74018 177.25496  9.50778 -30.93393
0041    0.82345  0.02084 -0.25000 -0.61719 -180.54383 176.51865  8.78014 -33.62653
0042    0.84279  0.01932 -0.26563 -0.64844 -180.34748 175.83143  9.18161 -36.10995
0043    0.86212  0.01932 -0.26563 -0.65625 -180.10204 175.09511 10.76079 -39.75936
0044    0.88175  0.01962 -0.25781 -0.66406 -179.90569 174.30971 11.64482 -40.41354
0045    0.89964  0.01788 -0.25781 -0.66406 -179.66025 173.52431 12.38284 -42.85920
0046    0.92021  0.02055 -0.25781 -0.66406 -179.36573 172.59165 13.89601 -46.81510
0047    0.94072  0.02050 -0.25000 -0.66406 -179.02211 171.60990 15.12397 -48.18287
0048    0.96001  0.01928 -0.25000 -0.66406 -178.62941 170.67724 19.95565 -49.38852
0049    0.98069  0.02067 -0.25000 -0.66406 -178.23671 169.59731 20.28174 -53.08909
0050    0.99949  0.01879 -0.25000 -0.66406 -177.84401 168.56648 19.44729 -54.37221
0051    1.02169  0.02218 -0.25781 -0.66406 -177.40223 167.33929 20.49938 -55.68286
0052    1.04134  0.01965 -0.25000 -0.66406 -176.91135 166.21028 22.96368 -56.90018
0053    1.06006  0.01871 -0.25781 -0.66406 -176.46956 165.13035 23.71463 -58.45699
0054    1.08086  0.02079 -0.25781 -0.66406 -175.92960 163.95225 25.90021 -57.51150
0055    1.10142  0.02055 -0.25000 -0.66406 -175.38964 162.72506 27.94421 -59.84784
0056    1.12031  0.01882 -0.25000 -0.66406 -174.84968 161.54696 28.12497 -60.60073
0057    1.13994  0.01962 -0.25000 -0.66406 -174.26063 160.36886 29.46676 -62.61081
0058    1.15963  0.01968 -0.25000 -0.66406 -173.67158 159.14168 29.01255 -64.16205
0059    1.17930  0.01966 -0.25000 -0.66406 -173.08253 157.86540 31.94168 -64.31126
0060    1.19977  0.02046 -0.25000 -0.66406 -172.39530 156.54004 32.44629 -63.69912
0061    1.22001  0.02023 -0.25000 -0.66406 -171.75716 155.26376 33.80426 -63.70532
0062    1.23963  0.01961 -0.25000 -0.66406 -171.06994 153.98749 34.84497 -64.39394
0063    1.26146  0.02181 -0.25781 -0.66406 -170.28454 152.61304 36.11061 -64.06115
0064    1.27931  0.01784 -0.25781 -0.66406 -169.59731 151.48403 37.16469 -63.57908
0065    1.30294  0.02362 -0.26563 -0.65625 -168.66465 149.91323 39.04308 -65.22259
0066    1.32265  0.01970 -0.28125 -0.64844 -167.87925 148.63695 40.38528 -65.98980
0067    1.34179  0.01912 -0.30469 -0.64844 -167.09385 147.36068 41.07088 -66.84073
0068    1.36070  0.01890 -0.32813 -0.64844 -166.30845 146.08440 42.20058 -67.87072
0069    1.38115  0.02044 -0.35156 -0.64844 -165.42488 144.66086 44.54199 -68.63129
0070    1.39991  0.01875 -0.35156 -0.64844 -164.59039 143.38459 44.29680 -69.23142
0071    1.41916  0.01924 -0.35156 -0.64844 -163.75590 142.01014 44.48669 -70.99006
0072    1.43972  0.02055 -0.35156 -0.64844 -162.82324 140.53751 44.11130 -71.30821
0073    1.46000  0.02027 -0.35156 -0.64844 -161.93966 139.06489 44.65362 -71.10833
0074    1.47676  0.01675 -0.35156 -0.64844 -161.15426 137.88679 45.58794 -72.78260
0075    1.49907  0.02229 -0.35156 -0.64844 -160.12343 136.26690 47.07685 -71.74280
0076    1.51957  0.02049 -0.35156 -0.64844 -159.14168 134.79428 48.98121 -71.38131
0077    1.53996  0.02038 -0.35156 -0.64844 -158.11084 133.32165 51.38573 -73.07624
0078    1.56251  0.02254 -0.35156 -0.64063 -156.93274 131.65268 51.89008 -72.09050
0079    1.58258  0.02006 -0.35938 -0.63281 -155.90190 130.22914 51.43931 -72.24647
0080    1.60328  0.02068 -0.36719 -0.62500 -154.82198 128.70743 51.71869 -73.16882
0081    1.62346  0.02018 -0.37500 -0.60938 -153.79114 127.23480 51.73913 -73.87133
0082    1.64326  0.01979 -0.38281 -0.60156 -152.71121 125.81126 55.23797 -73.12577
0083    1.66379  0.02052 -0.39844 -0.58594 -151.58220 124.28955 54.97813 -74.39191
0084    1.68248  0.01868 -0.40625 -0.57813 -150.50228 122.91510 55.73850 -72.72707
0085    1.70271  0.02022 -0.42188 -0.57031 -149.42235 121.44248 56.64378 -74.43082
0086    1.72451  0.02178 -0.43750 -0.56250 -148.09699 119.82259 57.73404 -73.10235
0087    1.74391  0.01939 -0.45313 -0.55469 -146.96798 118.39905 59.40603 -72.76480
0088    1.76396  0.02004 -0.46875 -0.54688 -145.74079 116.92643 61.29502 -73.35251
0089    1.78456  0.02059 -0.48438 -0.51563 -144.46451 115.45380 63.21432 -73.40571
0090    1.79787  0.01330 -0.49219 -0.49219 -143.63003 114.47205 62.40584 -73.01645
0091    1.82381  0.02593 -0.50000 -0.43750 -142.01014 112.60673 62.64477 -71.28957
0092    1.84316  0.01933 -0.50781 -0.39844 -140.83204 111.23228 62.95731 -68.79770
0093    1.86070  0.01744 -0.50781 -0.34375 -139.65394 110.05418 65.23343 -68.38461
0094    1.88325  0.02253 -0.51563 -0.32031 -138.18131 108.53246 64.82337 -65.83403
0095    1.90141  0.01815 -0.51563 -0.28125 -137.00321 107.35436 64.29905 -64.29694
0096    1.92401  0.02260 -0.52344 -0.26563 -135.53059 105.97991 66.12358 -60.77179
0097    1.94154  0.01752 -0.52344 -0.22656 -134.40158 104.85090 65.46440 -64.15618
0098    1.96261  0.02106 -0.53125 -0.18750 -132.97804 103.57463 67.49325 -60.77743
0099    1.98167  0.01904 -0.53125 -0.14844 -131.65268 102.44561 69.06097 -58.77476
0100    2.00116  0.01948 -0.53125 -0.10156 -130.32731 101.31660 68.31466 -57.52026
0101    2.02083  0.01966 -0.53125 -0.07813 -129.00195 100.18759 68.17661 -56.87644
0102    2.04183  0.02100 -0.53125  0.00000 -127.52933 99.05858 71.12378 -53.71476
0103    2.06144  0.01959 -0.53125  0.01575 -126.10579 97.97865 72.93454 -55.19760
0104    2.08165  0.02020 -0.53125  0.02362 -124.63316 96.84964 73.09201 -54.86415
0105    2.10212  0.02046 -0.53125  0.00787 -123.11145 95.72063 73.48428 -55.47770
0106    2.11899  0.01685 -0.53125  0.00787 -121.88426 94.78796 73.55310 -55.38162
0107    2.14122  0.02222 -0.53125  0.02362 -120.26438 93.56077 71.80472 -54.26672
0108    2.16138  0.02015 -0.53125  0.07087 -118.84084 92.48085 69.68994 -54.11327
0109    2.18147  0.02008 -0.53125  0.10236 -117.46639 91.45001 67.48953 -49.98345
0110    2.20245  0.02097 -0.53125  0.14173 -116.09194 90.66461 65.93528 -34.81000
0111    2.22106  0.01860 -0.53125  0.17323 -114.81566 90.02648 68.47619 -33.77483
0112    2.24122  0.02014 -0.53125  0.20472 -113.44121 89.29016 67.91251 -36.01814
0113    2.26115  0.01992 -0.53125  0.20472 -112.11585 88.65203 66.65829 -32.17597
0114    2.27945  0.01829 -0.53125  0.20472 -110.88866 88.11206 66.74122 -28.58578
0115    2.29972  0.02026 -0.53125  0.20472 -109.51421 87.57210 67.18149 -26.58761
0116    2.32038  0.02065 -0.53125  0.20472 -108.09068 87.08123 69.22068 -23.94273
0117    2.34144  0.02105 -0.53125  0.19685 -106.61805 86.63944 70.37080 -21.55906
0118    2.36008  0.01863 -0.53125  0.19685 -105.34178 86.29583 69.15388 -19.74168
0119    2.37951  0.01942 -0.53125  0.19685 -104.01641 86.00130 68.81120 -17.57236
0120    2.40057  0.02105 -0.53125  0.19685 -102.54379 85.75586 69.61927 -13.84976
0121    2.42185  0.02127 -0.53906  0.19685 -101.07116 85.65769 67.45846 -9.87766
0122    2.44110  0.01924 -0.54688  0.19685 -99.79489 85.70678 65.86141 -9.87766
0123    2.45728  0.01617 -0.55469  0.19685 -98.76405 85.70678 63.79888 -9.87766
0124    2.48015  0.02285 -0.55469  0.19685 -97.34051 85.70678 60.61644 -9.87766
0125    2.50199  0.02183 -0.55469  0.18898 -96.06424 85.60860 58.93812 -3.88298
0126    2.52233  0.01986 -0.55469  0.15748 -94.88614 85.51043 58.70587 -3.54148
0127    2.54125  0.01891 -0.55469  0.10236 -93.75713 85.36316 59.49928 -3.20028
0128    2.56096  0.01969 -0.55469  0.00000 -92.57903 85.26499 57.72895 -3.05016
0129    2.58206  0.02109 -0.55469 -0.02344 -91.35184 85.11773 57.11867 -5.87645
0130    2.60177  0.01970 -0.54688 -0.12500 -90.22283 84.97046 57.93300 -6.57357
0131    2.61923  0.01745 -0.54688 -0.12500 -89.24108 84.77411 57.27796 -8.13266
0132    2.64078  0.02154 -0.54688 -0.15625 -88.01389 84.52867 55.72363 -10.37881
0133    2.66124  0.02045 -0.54688 -0.18750 -86.93396 84.28324 53.03317 -11.99537
0134    2.68190  0.02065 -0.54688 -0.25781 -85.85404 83.98871 53.01341 -13.73138
0135    2.70154  0.01963 -0.54688 -0.31250 -84.77411 83.54693 53.58195 -19.37380
0136    2.72148  0.01994 -0.54688 -0.35938 -83.74328 83.00696 52.77545 -28.89684
0137    2.74275  0.02125 -0.54688 -0.37500 -82.61426 82.41791 53.35888 -26.39241
0138    2.75973  0.01697 -0.53906 -0.41406 -81.68160 82.02521 53.43439 -24.47180
0139    2.78144  0.02170 -0.53906 -0.48438 -80.55259 81.33799 52.01077 -30.75831
0140    2.80292  0.02146 -0.53125 -0.50781 -79.42358 80.60168 51.60207 -34.58790
0141    2.82063  0.01770 -0.53125 -0.51563 -78.54000 79.96354 50.44005 -36.92539
0142    2.84189  0.02126 -0.53125 -0.52344 -77.41099 79.17814 54.70761 -38.80343
0143    2.86127  0.01937 -0.52344 -0.52344 -76.33106 78.39274 55.00123 -40.66615
0144    2.87958  0.01830 -0.52344 -0.52344 -75.34931 77.60734 55.42508 -42.13031
0145    2.90143  0.02184 -0.52344 -0.50781 -74.12213 76.67468 54.93045 -42.51049
0146    2.92201  0.02057 -0.52344 -0.49219 -72.99311 75.74201 57.32579 -45.97973
0147    2.94072  0.01870 -0.52344 -0.46875 -71.91319 74.85844 57.75238 -48.34540
0148    2.96054  0.01981 -0.52344 -0.46875 -70.73509 73.87669 58.45490 -48.90533
0149    2.98028  0.01973 -0.52344 -0.46875 -69.55699 72.89494 61.23423 -50.99205
0150    3.00084  0.02054 -0.52344 -0.46875 -68.32980 71.81501 61.04385 -52.72188
0151    3.01978  0.01893 -0.52344 -0.46875 -67.15170 70.78418 60.39160 -55.17309
0152    3.04361  0.02382 -0.51563 -0.49219 -65.72816 69.40973 58.92150 -57.15691
0153    3.06367  0.02005 -0.50000 -0.51563 -64.50098 68.28071 62.07125 -57.54487
0154    3.08309  0.01941 -0.43750 -0.54688 -63.32287 67.15170 61.22659 -58.14539
0155    3.10428  0.02118 -0.39844 -0.57813 -62.04660 65.82634 59.40459 -61.98699
0156    3.12327  0.01898 -0.35156 -0.60156 -60.91759 64.64824 59.82049 -63.79681
0157    3.14424  0.02096 -0.28906 -0.61719 -59.69040 63.27379 58.52180 -66.29325
0158    3.16365  0.01940 -0.21875 -0.63281 -58.56139 61.99751 59.01749 -67.27633
0159    3.18270  0.01903 -0.17188 -0.64063 -57.43238 60.67215 58.92114 -67.96705
0160    3.20341  0.02070 -0.10938 -0.63281 -56.25428 59.24861 57.48321 -68.67642
0161    3.21985  0.01644 -0.10938 -0.63281 -55.32161 58.11960 53.13276 -69.40615
0162    3.23883  0.01896 -0.10938 -0.63281 -54.38895 56.79424 50.51817 -68.97412
0163    3.25981  0.02097 -0.10938 -0.63281 -53.30903 55.32161 49.76429 -70.07895
0164    3.27921  0.01939 -0.10938 -0.63281 -52.37636 53.94716 48.69284 -72.61196
0165    3.30138  0.02215 -0.10938 -0.62500 -51.29644 52.37636 49.50682 -71.48891
0166    3.32150  0.02011 -0.10938 -0.60156 -50.46195 50.95283 40.11154 -68.24960
0167    3.34282  0.02132 -0.10938 -0.58594 -50.06925 49.82381 20.09144 -50.19403
0168    3.36346  0.02063 -0.11719 -0.57031 -50.02016 49.03841 15.53087 -34.46914
0169    3.38339  0.01992 -0.13281 -0.55469 -50.11834 48.54754  6.46842 -26.29739
0170    3.39861  0.01521 -0.14063 -0.53906 -50.16743 48.30210  4.02010 -19.76756
0171    3.42363  0.02501 -0.16406 -0.52344 -50.31469 48.25301  0.00000 -16.08298
0172    3.44276  0.01911 -0.19531 -0.50781 -50.46195 48.25301 -2.89881 -16.08298
0173    3.46100  0.01823 -0.21875 -0.50781 -50.56013 48.25301 -4.67119 -16.08298
0174    3.48296  0.02195 -0.22656 -0.50000 -50.70739 48.30210 -6.62427 -16.08298
0175    3.50135  0.01838 -0.23438 -0.50000 -50.75648 48.20393 -6.59799 -3.97190
0176    3.52352  0.02216 -0.24219 -0.49219 -50.70739 47.95849 -6.59799 -3.66778
0177    3.54308  0.01955 -0.25000 -0.48438 -50.56013 47.66396 -1.82091 -15.50458
0178    3.56079  0.01770 -0.26563 -0.48438 -50.46195 47.56579  0.00000 -13.91673
0179    3.58142  0.02062 -0.26563 -0.47656 -50.46195 47.61488  0.00000 -13.91673
0180    3.60098  0.01955 -0.26563 -0.46875 -50.46195 47.56579  0.00000 -13.91673
0181    3.61901  0.01801 -0.26563 -0.46875 -50.46195 47.46761  0.00000 -5.30311
0182    3.64010  0.02108 -0.26563 -0.46875 -50.46195 47.36944  0.00000 -4.61935
0183    3.66063  0.02052 -0.26563 -0.46094 -50.41286 47.32035  0.49205 -4.19263
0184    3.67741  0.01678 -0.26563 -0.46094 -50.41286 47.32035  0.49205 -4.19263
0185    3.70023  0.02281 -0.26563 -0.46094 -50.36378 47.32035  0.84409 -4.19263
0186    3.72322  0.02297 -0.26563 -0.45313 -50.41286 47.32035  0.84409 -4.19263
0187    3.74204  0.01882 -0.26563 -0.43750 -50.41286 47.32035  0.84409 -4.19263
0188    3.76376  0.02170 -0.25781 -0.41406 -50.41286 47.32035  0.84409 -4.19263
0189    3.78310  0.01933 -0.21875 -0.35156 -50.41286 47.32035  0.84409 -4.19263
0190    3.80313  0.02002 -0.19531 -0.32813 -50.41286 47.32035  0.84409 -4.19263
0191    3.82327  0.02013 -0.09375 -0.24219 -50.41286 47.32035  0.84409  0.00000
0192    3.84385  0.02056  0.03937 -0.19531 -50.41286 47.32035  0.84409  0.00000
0193    3.86358  0.01972  0.08661 -0.10156 -50.41286 47.36944  0.00000  0.00000
0194    3.88321  0.01962  0.09449 -0.07031 -50.41286 47.36944  0.00000  0.00000
0195    3.90368  0.02046  0.10236  0.00787 -50.51104 47.46761 -3.08639  3.09384
0196    3.92192  0.01823  0.14961  0.00000 -50.56013 47.56579 -3.53941  4.03098
0197    3.94116  0.01923  0.18898  0.00000 -50.70739 47.61488 -4.51225  4.28607
0198    3.96311  0.02194  0.30709  0.00000 -50.85465 47.71305 -5.20997  4.17230
0199    3.97986  0.01674  0.40945  0.00000 -51.00191 47.76214 -6.34607  3.89006
0200    4.00348  0.02361  0.51969  0.00787 -51.29644 47.81123 -10.28225  3.66586
0201    4.02192  0.01842  0.58268  0.03150 -51.54188 47.86031 -13.40518  3.59318
0202    4.04323  0.02131  0.60630  0.12598 -51.83640 47.95849 -14.53807  3.65653
0203    4.06396  0.02072  0.61417  0.19685 -52.22910 48.10575 -16.56694  3.74102
0204    4.08127  0.01730  0.61417  0.27559 -52.52363 48.20393 -18.44885  4.08761
0205    4.10086  0.01958  0.61417  0.33071 -52.96541 48.44936 -20.45138  7.52038
0206    4.12065  0.01978  0.61417  0.33071 -53.40720 48.74389 -23.14356 13.35862
0207    4.14270  0.02204  0.62205  0.39370 -53.99625 49.13659 -26.52561 17.26023
0208    4.16302  0.02030  0.64567  0.42520 -54.58530 49.57838 -29.00184 20.98335
0209    4.18374  0.02071  0.67717  0.44094 -55.22344 50.06925 -31.08978 23.83467
0210    4.20249  0.01875  0.70079  0.43307 -55.86158 50.56013 -34.05827 26.68444
0211    4.22180  0.01930  0.71654  0.43307 -56.54880 51.10009 -36.50700 28.29805
0212    4.24140  0.01959  0.74016  0.43307 -57.33420 51.68914 -39.54428 29.58798
0213    4.26101  0.01960  0.74803  0.43307 -58.11960 52.32728 -41.90284 32.69274
0214    4.28141  0.02039  0.75591  0.43307 -59.00318 53.01450 -43.51324 34.08144
0215    4.29972  0.01831  0.75591  0.43307 -59.88675 53.65264 -47.30277 35.41181
0216    4.32138  0.02165  0.76378  0.43307 -60.91759 54.48713 -49.56631 37.79188
0217    4.33969  0.01830  0.76378  0.43307 -61.85025 55.17435 -51.30275 38.35036
0218    4.36120  0.02149  0.76378  0.42520 -63.02835 56.00884 -53.93549 39.89994
0219    4.38007  0.01886  0.76378  0.42520 -64.05919 56.79424 -56.36767 41.40274
0220    4.39973  0.01965  0.76378  0.42520 -65.13911 57.62872 -55.79108 42.88672
0221    4.41974  0.02000  0.76378  0.42520 -66.31721 58.51230 -57.58808 43.20037
0222    4.44389  0.02414  0.77165  0.41732 -67.69166 59.54314 -58.02648 43.71143
0223    4.46332  0.01942  0.79528  0.39370 -68.86976 60.42671 -62.38601 45.26572
0224    4.48366  0.02033  0.83465  0.37008 -70.14604 61.35938 -62.45269 45.58879
0225    4.50362  0.01995  0.86614  0.33858 -71.42231 62.24295 -65.50459 45.89697
0226    4.52400  0.02037  0.91339  0.29134 -72.84585 63.22470 -68.79818 46.38532
0227    4.54405  0.02004  0.94488  0.26772 -74.22030 64.10827 -69.42726 45.29892
0228    4.56315  0.01909  0.96850  0.24409 -75.59475 65.04094 -72.87120 48.23921
0229    4.58389  0.02073  0.97638  0.22047 -77.11646 66.07178 -74.98052 48.58489
0230    4.60235  0.01845  0.97638  0.19685 -78.54000 66.95535 -74.54895 49.08308
0231    4.62280  0.02044  0.97638  0.18110 -80.11080 67.98619 -77.17008 48.81268
0232    4.64540  0.02259  0.98425  0.13386 -81.82886 69.06611 -79.46947 48.04022
0233    4.66430  0.01889  0.98425  0.10236 -83.35057 69.94969 -78.66587 45.84446
0234    4.67730  0.01299  0.98425  0.08661 -84.38141 70.48965 -78.59156 44.95789
0235    4.69868  0.02137  0.99213  0.07874 -86.09948 71.37323 -82.15000 40.58395
0236    4.71951  0.02082  0.99213  0.07874 -87.86663 72.20771 -85.65708 39.99682
0237    4.73957  0.02004  0.99213  0.07874 -89.58469 72.99311 -88.27179 40.15551
0238    4.76066  0.02108  0.99213  0.07874 -91.45001 73.87669 -85.35695 41.62868
0239    4.77971  0.01904  0.99213  0.07874 -93.16808 74.66209 -94.26037 39.60170
0240    4.80154  0.02182  0.99213  0.08661 -95.27884 75.54566 -94.49990 39.84812
0241    4.82052  0.01897  0.99213  0.08661 -96.99690 76.33106 -89.01694 41.02128
0242    4.84149  0.02095  0.99213  0.09449 -98.91131 77.16555 -94.09233 39.49608
0243    4.86270  0.02120  0.99213  0.13386 -100.87481 77.95095 -91.23477 38.74141
0244    4.88085  0.01813  0.99213  0.15748 -102.54379 78.68726 -92.58648 39.09719
0245    4.90372  0.02287  0.97638  0.21260 -104.60546 79.57084 -92.62754 39.58989
0246    4.92459  0.02085  0.93701  0.26772 -106.56896 80.45441 -92.19608 42.04245
0247    4.94309  0.01849  0.81890  0.30709 -108.23794 81.23981 -91.37913 42.59718
0248    4.96408  0.02098  0.74803  0.38583 -110.15235 82.12339 -92.50360 43.84594
0249    4.98351  0.01941  0.65354  0.50394 -111.91950 83.00696 -88.38145 45.89633
0250    5.00361  0.02010  0.46457  0.59055 -113.68665 84.03780 -86.27205 52.15139
0251    5.02340  0.01977  0.31496  0.70079 -115.35563 85.26499 -84.37830 63.26157
0252    5.04452  0.02112  0.28346  0.77165 -117.07369 86.49218 -80.35144 60.20753
0253    5.06234  0.01781  0.28346  0.80315 -118.44814 87.62119 -75.61346 62.31830
0254    5.08251  0.02016  0.28346  0.88189 -119.87168 88.89746 -68.81361 66.59951
0255    5.10367  0.02115  0.25984  0.90551 -121.39339 90.41918 -73.00016 74.01167
0256    5.12426  0.02057  0.22047  0.92126 -122.86601 91.98998 -73.91360 77.23382
0257    5.14442  0.02015  0.17323  0.92913 -124.33864 93.56077 -71.73441 80.02657
0258    5.16392  0.01949  0.14173  0.95276 -125.71309 95.18066 -70.73636 82.86628
0259    5.18475  0.02081  0.11024  0.96850 -127.13663 96.89873 -63.21391 82.51872
0260    5.20164  0.01687  0.11024  0.96850 -128.16746 98.32226 -60.66926 84.09570
0261    5.22424  0.02258  0.05512  0.97638 -129.49283 100.33485 -58.65887 89.22404
0262    5.24293  0.01868  0.05512  0.99213 -130.52366 101.95474 -55.64877 91.60594
0263    5.26248  0.01954  0.05512  1.00000 -131.60359 103.82006 -54.17777 94.68583
0264    5.28066  0.01817  0.05512  1.00000 -132.63443 105.48904 -54.87825 89.57736
0265    5.30089  0.02022  0.05512  1.00000 -133.61618 107.40345 -48.86589 96.19059
0266    5.31990  0.01900  0.05512  1.00000 -134.54884 109.21969 -49.68924 95.96774
0267    5.34250  0.02258  0.03150  1.00000 -135.67785 111.37954 -48.90387 96.63655
0268    5.36198  0.01948  0.04724  1.00000 -136.65960 113.24486 -51.09635 95.92836
0269    5.37931  0.01731  0.04724  1.00000 -137.54318 114.96293 -51.53597 98.40034
0270    5.40109  0.02177  0.04724  1.00000 -138.62310 117.12278 -47.65522 100.33522
0271    5.42192  0.02083  0.03937  1.00000 -139.55576 119.33171 -46.02586 106.65979
0272    5.44213  0.02019  0.02362  1.00000 -140.48843 121.44248 -46.08203 102.33065
0273    5.46213  0.01999  0.00787  0.98425 -141.42109 123.45506 -47.37490 101.11127
0274    5.48234  0.02020 -0.05469  0.93701 -142.40284 125.51674 -49.34037 102.51230
0275    5.50372  0.02138 -0.15625  0.77953 -143.38459 127.67659 -42.43735 100.92314
0276    5.52426  0.02053 -0.21875  0.63780 -144.12090 129.73826 -33.88219 98.92286
0277    5.54390  0.01962 -0.28906  0.38583 -144.70995 131.65268 -29.98067 95.68340
0278    5.56436  0.02045 -0.31250  0.17323 -145.29900 133.51800 -28.02566 89.07347
0279    5.58465  0.02028 -0.33594 -0.10156 -145.74079 135.23606 -23.50737 82.93629
0280    5.60238  0.01772 -0.33594 -0.04688 -146.13349 136.07055 -22.27443 44.90258
0281    5.62367  0.02113 -0.33594  0.01575 -146.57528 137.39591 -19.40091 65.89324
0282    5.64439  0.02071 -0.34375  0.00000 -146.86980 138.72128 -16.55766 66.83709
0283    5.66198  0.01758 -0.34375 -0.03906 -147.11524 139.89938 -14.27500 67.85571
0284    5.68070  0.01871 -0.34375 -0.09375 -147.31159 141.17565 -12.79040 66.00089
0285    5.70141  0.02070 -0.34375 -0.16406 -147.55703 142.30466 -11.44503 53.26797
0286    5.72257  0.02115 -0.34375 -0.22656 -147.75338 142.84463 -10.56012 25.13261
0287    5.74198  0.01940 -0.34375 -0.24219 -147.90064 143.77729 -9.57083 45.56763
0288    5.76173  0.01974 -0.34375 -0.28906 -147.94973 144.46451 -8.90318 34.62450
0289    5.78085  0.01911 -0.34375 -0.28906 -147.90064 145.05356 -8.90318 28.74682
0290    5.80379  0.02293 -0.35156 -0.31250 -147.75338 145.64261 -2.08296 27.66950
0291    5.82262  0.01882 -0.35156 -0.34375 -147.55703 146.03531  2.07821 20.80428
0292    5.84287  0.02024 -0.35156 -0.35156 -147.36068 146.23166  8.92286 15.11626
0293    5.86192  0.01904 -0.35938 -0.35156 -147.16433 146.28075 10.15398 13.29856
0294    5.87925  0.01731 -0.35938 -0.35156 -146.96798 146.28075 10.19619 13.29856
0295    5.90032  0.02107 -0.35938 -0.35938 -146.77163 146.13349 10.14282  3.45811
0296    5.92251  0.02217 -0.35938 -0.36719 -146.57528 145.93714  9.48873 -1.04579
0297    5.94268  0.02016 -0.35938 -0.37500 -146.37893 145.64261  9.15950 -11.04837
0298    5.95809  0.01540 -0.35938 -0.38281 -146.23166 145.44626  9.19254 -13.18769
0299    5.98297  0.02487 -0.35938 -0.39063 -145.93714 145.05356 10.89846 -15.68514
0300    6.00070  0.01773 -0.35938 -0.39063 -145.64261 144.70995 13.82359 -17.05078
0301    6.02055  0.01984 -0.35938 -0.42188 -145.34809 144.36634 16.07429 -18.69605
0302    6.03916  0.01860 -0.35156 -0.42969 -144.95539 143.97364 18.66136 -20.66572
0303    6.06365  0.02447 -0.35938 -0.43750 -144.46451 143.38459 21.39290 -23.97957
0304    6.08156  0.01791 -0.35938 -0.42969 -144.02273 142.89371 23.50157 -26.27543
0305    6.10073  0.01916 -0.35938 -0.42969 -143.53185 142.35375 24.82332 -27.64808
0306    6.12438  0.02364 -0.36719 -0.40625 -142.94280 141.66653 26.11141 -29.27076
0307    6.14422  0.01983 -0.38281 -0.38281 -142.40284 141.07748 26.65047 -29.81424
0308    6.16437  0.02014 -0.40625 -0.36719 -141.86288 140.48843 27.04844 -29.61431
0309    6.18398  0.01960 -0.43750 -0.34375 -141.27383 139.89938 28.93687 -30.28373
0310    6.20068  0.01669 -0.43750 -0.34375 -140.78295 139.40850 30.46529 -29.98836
0311    6.22461  0.02392 -0.46094 -0.32813 -139.99755 138.67219 32.29271 -31.01004
0312    6.24209  0.01746 -0.46875 -0.32813 -139.40850 138.13223 33.83910 -31.94875
0313    6.26226  0.02017 -0.47656 -0.32813 -138.67219 137.44500 35.78941 -33.17922
0314    6.27970  0.01742 -0.47656 -0.32813 -138.08314 136.85595 36.69943 -33.09545
0315    6.30020  0.02049 -0.47656 -0.32813 -137.29774 136.16873 38.23193 -33.77844
0316    6.31954  0.01933 -0.47656 -0.32813 -136.51234 135.48150 41.29303 -35.59154
0317    6.34204  0.02249 -0.46875 -0.32813 -135.57968 134.69610 41.40256 -36.17568
0318    6.35980  0.01774 -0.46875 -0.32813 -134.79428 134.00888 43.39073 -37.09182
0319    6.38212  0.02231 -0.46094 -0.32813 -133.81253 133.17439 43.04864 -37.72102
0320    6.40322  0.02109 -0.45313 -0.32813 -132.87986 132.38899 44.29180 -37.73668
0321    6.42262  0.01939 -0.44531 -0.33594 -131.99629 131.65268 45.11947 -37.86257
0322    6.44201  0.01938 -0.44531 -0.33594 -131.16180 130.91636 45.01768 -37.39573
0323    6.46251  0.02049 -0.44531 -0.33594 -130.22914 130.13096 44.71911 -38.19236
0324    6.48167  0.01915 -0.44531 -0.33594 -129.39465 129.39465 44.67760 -40.02650
0325    6.50340  0.02172 -0.43750 -0.33594 -128.36381 128.51108 46.30678 -40.73364
0326    6.52181  0.01839 -0.43750 -0.33594 -127.48024 127.77476 48.17341 -39.52915
0327    6.54145  0.01963 -0.42969 -0.33594 -126.54758 126.94028 48.29973 -42.42397
0328    6.55956  0.01810 -0.42969 -0.33594 -125.71309 126.20396 45.55304 -39.90497
0329    6.58296  0.02339 -0.41406 -0.33594 -124.68225 125.27130 44.29560 -38.77722
0330    6.60245  0.01947 -0.40625 -0.33594 -123.74959 124.53499 46.19174 -38.72628
0331    6.62103  0.01857 -0.40625 -0.32813 -122.91510 123.79868 48.01508 -40.05737
0332    6.64220  0.02116 -0.39844 -0.32813 -121.83517 122.86601 50.76713 -43.28608
0333    6.65954  0.01734 -0.39844 -0.32813 -120.95160 122.12970 51.64441 -43.68342
0334    6.67948  0.01993 -0.39844 -0.32813 -119.87168 121.24612 52.81093 -45.32088
0335    6.70068  0.02119 -0.39844 -0.32813 -118.79175 120.26438 51.55519 -45.99201
0336    6.72018  0.01949 -0.39844 -0.32813 -117.76091 119.38080 51.57496 -45.02759
0337    6.74407  0.02388 -0.39063 -0.32813 -116.58281 118.30088 48.77001 -44.26724
0338    6.75920  0.01511 -0.39063 -0.32813 -115.84650 117.66274 48.18878 -44.19749
0339    6.77908  0.01988 -0.39063 -0.32813 -114.86475 116.77916 50.82758 -44.96119
0340    6.80107  0.02198 -0.37500 -0.32813 -113.78483 115.79741 49.71264 -44.10298
0341    6.82104  0.01996 -0.36719 -0.32813 -112.80307 114.86475 48.53781 -44.93176
0342    6.84195  0.02089 -0.34375 -0.32813 -111.77224 113.93209 47.93397 -45.46023
0343    6.86112  0.01916 -0.32031 -0.32813 -110.88866 113.04851 46.50265 -47.21427
0344    6.88135  0.02023 -0.28125 -0.32813 -109.95600 112.06676 45.51735 -48.57047
0345    6.90174  0.02038 -0.25000 -0.32813 -109.02334 111.08501 46.20522 -46.95032
0346    6.92196  0.02021 -0.19531 -0.32813 -108.09068 110.20144 46.15070 -44.36025
0347    6.94146  0.01949 -0.13281 -0.32813 -107.20710 109.36695 46.07273 -42.73960
0348    6.96180  0.02033 -0.07031 -0.32813 -106.27444 108.48338 42.79717 -43.42240
0349    6.98151  0.01970  0.02362 -0.32813 -105.53813 107.64889 38.18345 -40.68755
0350    7.00095  0.01942  0.03937 -0.32813 -104.80181 106.91258 36.91095 -38.44407
0351    7.02130  0.02034  0.03937 -0.32031 -104.06550 106.12718 36.53010 -37.24591
0352    7.04136  0.02005  0.01575 -0.32031 -103.32919 105.43995 35.82781 -33.52021
0353    7.06080  0.01942  0.01575 -0.32031 -102.74014 104.85090 32.85236 -31.97935
0354    7.08135  0.02054  0.01575 -0.30469 -102.29835 104.26185 20.95066 -26.76089
0355    7.10456  0.02320  0.02362 -0.29688 -102.10200 103.86915 13.42133 -19.55490
0356    7.12289  0.01832  0.02362 -0.28906 -102.15109 103.72189 13.42133 -13.01536
0357    7.14172  0.01882  0.02362 -0.27344 -102.24926 103.77097  4.25925 -13.01536
0358    7.16166  0.01993  0.02362 -0.23438 -102.44561 103.86915 -1.22227 -4.25077
0359    7.18188  0.02022  0.02362 -0.21094 -102.64196 104.06550 -6.24248  1.21527
0360    7.20138  0.01949  0.02362 -0.13281 -102.88740 104.21276 -10.89787  4.57931
0361    7.22406  0.02265  0.03150 -0.10156 -103.28010 104.36003 -16.50977  7.91546
0362    7.24265  0.01857  0.03937  0.00000 -103.57463 104.55638 -17.94819  8.00648
0363    7.26235  0.01969  0.03937  0.01575 -103.86915 104.80181 -15.43858 10.25822
0364    7.28390  0.02143  0.05512  0.00787 -104.16368 105.04725 -13.25051 12.44169
0365    7.30188  0.01797  0.06299  0.00787 -104.36003 105.24360 -12.47367 11.48211
0366    7.32222  0.02033  0.11024  0.00787 -104.55638 105.39086 -11.03281  9.31712
0367    7.34113  0.01889  0.15748  0.00787 -104.75273 105.48904 -9.92691  7.86080
0368    7.36215  0.02101  0.25197  0.00787 -104.89999 105.58721 -9.02204  6.69170
0369    7.38166  0.01950  0.36220  0.03150 -105.04725 105.68539 -8.07202  6.00083
0370    7.40321  0.02154  0.46457  0.14961 -105.39086 105.83265 -11.63518  5.71782
0371    7.42272  0.01950  0.57480  0.22835 -105.68539 105.97991 -16.66726  5.97456
0372    7.44388  0.02115  0.66929  0.47244 -105.97991 106.12718 -14.05991  6.79891
0373    7.46263  0.01875  0.71654  0.67717 -106.27444 106.37261 -15.60092  9.35770
0374    7.48357  0.02092  0.74803  0.70866 -106.66714 106.76531 -17.77843 17.45712
0375    7.50348  0.01990  0.77953  0.74016 -107.10893 107.20710 -20.83369 20.08979
0376    7.52356  0.02007  0.80315  0.75591 -107.59980 107.64889 -24.36866 23.43722
0377    7.54333  0.01977  0.84252  0.77165 -108.13976 108.18885 -27.72334 27.20041
0378    7.56128  0.01793  0.87402  0.77165 -108.67973 108.72881 -30.50846 29.83181
0379    7.58240  0.02112  0.93701  0.77953 -109.36695 109.41604 -33.26230 32.51377
0380    7.60301  0.02059  0.97638  0.77165 -110.15235 110.15235 -38.18345 35.40172
0381    7.62217  0.01916  1.00000  0.77165 -110.93775 110.83958 -41.34990 38.25457
0382    7.64047  0.01829  1.00000  0.77165 -111.77224 111.57589 -45.58180 40.40306
0383    7.66108  0.02060  1.00000  0.77165 -112.75399 112.50855 -50.16710 44.56585
0384    7.67833  0.01724  1.00000  0.77165 -113.68665 113.29395 -52.67945 46.36254
0385    7.70140  0.02306  1.00000  0.73228 -114.91384 114.37388 -55.96185 48.00921
0386    7.72100  0.01959  1.00000  0.67717 -116.04285 115.40471 -57.13795 52.28026
0387    7.74205  0.02103  1.00000  0.57480 -117.31913 116.48464 -61.10198 52.72386
0388    7.76238  0.02032  1.00000  0.47244 -118.59540 117.56456 -63.66649 52.22963
0389    7.77979  0.01741  1.00000  0.33858 -119.77350 118.44814 -68.63657 51.07110
0390    7.80220  0.02239  1.00000  0.25197 -121.29521 119.57715 -70.46272 51.49705
0391    7.82219  0.01998  1.00000  0.07087 -122.76784 120.60799 -72.26880 48.31233
0392    7.84185  0.01965  1.00000  0.00000 -124.19138 121.58974 -74.66802 49.95904
0393    7.86253  0.02066  1.00000  0.01575 -125.76218 122.47331 -77.06286 42.91447
0394    7.87787  0.01533  1.00000  0.00787 -126.98936 123.20963 -79.15807 47.80327
0395    7.90140  0.02352  1.00000  0.00000 -128.80560 124.33864 -78.48349 48.91118
0396    7.92441  0.02300  1.00000  0.00787 -130.72001 125.46765 -80.42055 48.78770
0397    7.94305  0.01862  0.93701 -0.01563 -132.24173 126.40031 -86.72090 50.03032
0398    7.96416  0.02110  0.79528 -0.10156 -134.05796 127.38206 -84.47850 48.46616
0399    7.98414  0.01997  0.70079 -0.18750 -135.72694 128.31473 -82.73848 44.38371
0400    8.00411  0.01996  0.56693 -0.25000 -137.34683 128.90378 -80.75926 29.23519
0401    8.02408  0.01995  0.25197 -0.37500 -138.91763 129.49283 -77.04834 28.50726
0402    8.04329  0.01920  0.07087 -0.46875 -140.34116 130.08188 -71.76588 31.15529
0403    8.06373  0.02043  0.06299 -0.53125 -141.71561 130.62184 -67.09380 25.54386
0404    8.08207  0.01833  0.05512 -0.58594 -142.59919 130.86728 -40.76019 19.05367
0405    8.10217  0.02009  0.05512 -0.62500 -143.53185 131.11271 -55.34634 13.10770
0406    8.12203  0.01984  0.05512 -0.65625 -144.70995 131.30906 -55.95197 11.10391
0407    8.14179  0.01976  0.05512 -0.67188 -145.64261 131.40724 -44.66317  9.23601
0408    8.16102  0.01922  0.05512 -0.68750 -146.42801 131.40724 -39.45306  9.23601
0409    8.18196  0.02093  0.04724 -0.69531 -147.16433 131.40724 -36.91803  9.23601
0410    8.20089  0.01892  0.03937 -0.69531 -147.94973 131.40724 -40.80831  9.23601
0411    8.22370  0.02280  0.02362 -0.70313 -148.78421 131.21089 -36.25316  1.55842
0412    8.24157  0.01787 -0.02344 -0.70313 -149.42235 130.91636 -35.05536 -3.44101
0413    8.26380  0.02221 -0.07813 -0.69531 -150.15866 130.32731 -33.08753 -27.39327
0414    8.27920  0.01539 -0.13281 -0.69531 -150.64954 129.68918 -31.62742 -40.83377
0415    8.30182  0.02260 -0.20313 -0.69531 -151.18950 128.75651 -24.31778 -42.04281
0416    8.32227  0.02044 -0.23438 -0.70313 -151.53311 127.92203 -17.16187 -39.65017
0417    8.34171  0.01943 -0.27344 -0.70313 -151.68038 127.23480 -13.50218 -34.61193
0418    8.36197  0.02024 -0.30469 -0.70313 -151.72946 126.59666 -12.04870 -32.62734
0419    8.38159  0.01961 -0.32813 -0.70313 -151.72946 125.95853 -12.04870 -31.88287
0420    8.40212  0.02052 -0.35156 -0.70313 -151.63129 125.32039 -4.12764 -30.18299
0421    8.42341  0.02128 -0.38281 -0.71094 -151.48403 124.68225 -0.93267 -29.81424
0422    8.44350  0.02008 -0.40625 -0.70313 -151.28768 124.09320  2.69305 -30.66445
0423    8.46297  0.01946 -0.43750 -0.69531 -151.09132 123.45506  9.48850 -32.54535
0424    8.48130  0.01823 -0.44531 -0.69531 -150.84589 122.71875 10.94202 -39.96751
0425    8.50329  0.02198 -0.48438 -0.69531 -150.50228 121.78609 14.72346 -43.30231
0426    8.52117  0.01787 -0.49219 -0.69531 -150.10958 120.95160 20.80724 -49.14328
0427    8.54240  0.02122 -0.54688 -0.67969 -149.56961 119.82259 25.83342 -51.64958
0428    8.56245  0.02004 -0.57813 -0.67969 -148.93148 118.88992 30.34804 -46.00386
0429    8.58221  0.01975 -0.62500 -0.67969 -148.29334 117.95726 34.35419 -49.94023
0430    8.60187  0.01966 -0.63281 -0.67969 -147.50794 116.97551 40.38628 -49.05635
0431    8.62336  0.02147 -0.64063 -0.68750 -146.52619 115.89559 46.63098 -49.78221
0432    8.64094  0.01757 -0.64063 -0.67969 -145.69170 115.01201 48.18925 -50.64143
0433    8.66341  0.02246 -0.65625 -0.68750 -144.56269 113.83391 49.73203 -53.20302
0434    8.67994  0.01652 -0.65625 -0.68750 -143.72820 112.95034 51.56196 -54.16851
0435    8.70146  0.02109 -0.67188 -0.68750 -142.59919 111.72315 54.30063 -58.78215
0436    8.72163  0.02016 -0.67969 -0.68750 -141.47018 110.44687 55.58386 -60.60036
0437    8.74083  0.01919 -0.70313 -0.68750 -140.29208 109.26878 61.38777 -63.45334
0438    8.75874  0.01790 -0.71875 -0.68750 -139.21215 108.09068 62.89318 -66.48090
0439    8.78192  0.02317 -0.73438 -0.68750 -137.73953 106.56896 63.54739 -66.22528
0440    8.80065  0.01872 -0.75781 -0.68750 -136.51234 105.29269 66.48225 -68.78854
0441    8.82141  0.02075 -0.76563 -0.68750 -135.03971 103.77097 69.77761 -71.88884
0442    8.84082  0.01940 -0.78125 -0.68750 -133.66526 102.39653 72.20874 -71.56864
0443    8.86090  0.02008 -0.78906 -0.68750 -132.19264 100.92390 74.49860 -73.38925
0444    8.88196  0.02105 -0.79688 -0.68750 -130.62184 99.40219 73.80414 -71.41195
0445    8.90103  0.01906 -0.80469 -0.68750 -129.24739 98.07683 71.73494 -71.45457
0446    8.91936  0.01832 -0.80469 -0.68750 -127.87294 96.75146 78.12500 -72.62431
0447    8.93927  0.01990 -0.80469 -0.68750 -126.25305 95.22975 80.82975 -75.15444
0448    8.95923  0.01995 -0.80469 -0.68750 -124.73134 93.75713 75.62744 -74.95076
0449    8.97975  0.02051 -0.80469 -0.68750 -123.20963 92.23541 72.35989 -73.39089
0450    8.99973  0.01997 -0.80469 -0.68750 -121.68791 90.81188 77.80490 -73.15574
0451    9.01951  0.01977 -0.80469 -0.68750 -120.16620 89.38834 77.73221 -69.94514
0452    9.03975  0.02023 -0.80469 -0.68750 -118.59540 87.91571 75.81549 -73.05448
0453    9.05827  0.01850 -0.79688 -0.67188 -117.17186 86.59035 76.72979 -73.88968
0454    9.08149  0.02321 -0.79688 -0.65625 -115.35563 84.82320 83.64574 -77.43790
0455    9.10185  0.02035 -0.79688 -0.64844 -113.53939 83.20331 92.11909 -81.26733
0456    9.12068  0.01882 -0.79688 -0.60156 -111.77224 81.58343 91.18393 -84.08129
0457    9.14231  0.02162 -0.79688 -0.55469 -109.75965 79.76719 94.67944 -85.91644
0458    9.15764  0.01532 -0.79688 -0.50781 -108.33611 78.44183 96.51305 -85.67576
0459    9.17965  0.02200 -0.79688 -0.44531 -106.17626 76.57650 97.04923 -84.20389
0460    9.20051  0.02085 -0.79688 -0.44531 -104.16368 74.85844 95.01849 -79.23537
0461    9.22273  0.02221 -0.78906 -0.33594 -102.05291 73.09129 97.16930 -78.98167
0462    9.24331  0.02057 -0.77344 -0.16406 -100.04033 71.52049 96.14255 -75.53666
0463    9.26365  0.02033 -0.75000  0.00000 -98.07683 69.99878 97.73811 -73.19228
0464    9.28328  0.01961 -0.67969  0.13386 -96.16241 68.77159 97.26364 -60.02274
0465    9.30421  0.02092 -0.65625  0.18110 -94.10074 67.44623 94.47080 -58.03162
0466    9.32475  0.02043 -0.53906  0.26772 -92.23541 66.26813 90.67693 -56.38774
0467    9.34559  0.02083 -0.46875  0.34646 -90.41918 65.33546 86.30162 -45.58413
0468    9.36574  0.02014 -0.32813  0.44094 -88.65203 64.50098 87.23022 -38.96483
0469    9.38646  0.02071 -0.08594  0.47244 -86.88488 63.86284 84.14471 -31.27120
0470    9.40619  0.01972  0.03150  0.51969 -85.31408 63.22470 77.85611 -31.86993
0471    9.42546  0.01926  0.03937  0.55118 -83.84145 62.68474 77.62833 -27.15152
0472    9.44332  0.01785  0.02362  0.55118 -82.46700 62.34113 78.06536 -21.62921
0473    9.46398  0.02057  0.03150  0.55118 -80.89620 62.04660 75.11707 -16.04500
0474    9.48165  0.01766  0.03150  0.55118 -79.57084 61.89934 73.70717 -11.90777
0475    9.50462  0.02297  0.02362  0.55118 -77.95095 61.94843 68.47858 -11.90777
0476    9.52287  0.01823  0.02362  0.54331 -76.72376 62.14477 68.34700 -1.37705
0477    9.54267  0.01980  0.02362  0.53543 -75.44749 62.48839 64.00769 13.81353
0478    9.56294  0.02025  0.02362  0.50394 -74.17121 63.02835 62.97387 28.24530
0479    9.58216  0.01921  0.02362  0.40945 -72.94403 63.66649 63.00499 32.91062
0480    9.60154  0.01937  0.02362  0.31496 -71.71684 63.96101 61.27015 19.14302
0481    9.62249  0.02094  0.02362  0.17323 -70.44056 64.10827 60.80566 12.44155
0482    9.64058  0.01808  0.02362  0.03937 -69.36064 64.35371 60.24669 10.30876
0483    9.66180  0.02121  0.02362  0.00000 -68.13345 64.55006 56.88501 10.76670
0484    9.68278  0.02097  0.03150  0.00787 -66.95535 64.74641 54.36679  9.77990
0485    9.70116  0.01837  0.02362  0.00787 -65.97360 64.89368 52.54524  8.74260
0486    9.72040  0.01923  0.02362  0.00787 -64.99185 64.94276 51.17573  8.08776
0487    9.74135  0.02094  0.02362  0.00000 -63.96101 65.09003 48.62628  6.63126
0488    9.76136  0.02000  0.02362  0.00787 -63.02835 65.18820 45.73639  5.71150
0489    9.78165  0.02028  0.00787  0.00787 -62.14477 65.23729 42.57224  5.23223
0490    9.80109  0.01943 -0.03125  0.00787 -61.40846 65.23729 38.06944  5.23223
0491    9.82165  0.02055 -0.07813  0.00787 -60.72124 65.13911 33.84516  3.03228
0492    9.84349  0.02183 -0.14844 -0.01563 -60.03401 64.94276 31.00045  0.00000
0493    9.86257  0.01907 -0.18750 -0.10938 -59.49405 64.74641 28.89973 -3.92617
0494    9.88361  0.02103 -0.21094 -0.19531 -58.90500 64.55006 28.02254 -9.74651
0495    9.90236  0.01874 -0.21094 -0.26563 -58.41413 64.40280 26.32002 -9.57504
0496    9.92282  0.02045 -0.21094 -0.32031 -57.82508 64.05919 28.15199 -11.80188
0497    9.94353  0.02070 -0.20313 -0.35156 -57.18694 63.56831 31.18974 -23.63026
0498    9.95793  0.01439 -0.19531 -0.35938 -56.74515 63.47014 29.49341 -16.11540
0499    9.98195  0.02401 -0.19531 -0.38281 -56.20519 63.07744 23.30818 -12.84825
0500   10.00205  0.02009 -0.19531 -0.42188 -55.86158 62.63565 18.76355 -21.14801
0501   10.02189  0.01983 -0.19531 -0.45313 -55.56705 62.19386 15.06676 -23.37044
0502   10.04253  0.02062 -0.19531 -0.46875 -55.27253 61.65390 13.66719 -25.61223
0503   10.06180  0.01926 -0.19531 -0.47656 -54.97800 61.11394 15.42378 -27.90077
0504   10.08201  0.02020 -0.19531 -0.48438 -54.58530 60.52489 17.79016 -30.12529
0505   10.10192  0.01990 -0.19531 -0.49219 -54.19260 59.83766 20.06996 -33.40763
0506   10.12144  0.01950 -0.19531 -0.50000 -53.75081 59.19953 22.94500 -35.18994
0507   10.14133  0.01988 -0.19531 -0.51563 -53.25994 58.41413 25.04068 -37.65635
0508   10.16337  0.02203 -0.18750 -0.52344 -52.67089 57.57964 26.38148 -38.46214
0509   10.18373  0.02034 -0.16406 -0.53125 -52.13093 56.79424 26.67465 -40.24588
0510   10.20151  0.01777 -0.15625 -0.53125 -51.64005 56.05793 26.51651 -40.61299
0511   10.22208  0.02056 -0.14844 -0.53125 -51.10009 55.22344 25.70585 -41.03568
0512   10.24286  0.02077 -0.14063 -0.53906 -50.56013 54.33986 26.09039 -42.85546
0513   10.26337  0.02050 -0.14844 -0.53125 -50.02016 53.45629 26.30796 -43.69723
0514   10.28021  0.01683 -0.14844 -0.53125 -49.57838 52.67089 26.67770 -44.54866
0515   10.30144  0.02120 -0.15625 -0.53125 -48.98933 51.73823 27.82060 -45.76944
0516   10.32199  0.02054 -0.16406 -0.53125 -48.40028 50.75648 28.66700 -46.63519
0517   10.34142  0.01942 -0.17969 -0.53125 -47.81123 49.87290 29.75776 -47.44771
0518   10.36249  0.02107 -0.19531 -0.53125 -47.17309 48.84206 30.65813 -48.05904
0519   10.38369  0.02118 -0.21094 -0.52344 -46.53495 47.81123 31.76218 -48.26127
0520   10.39900  0.01530 -0.21875 -0.52344 -45.99499 47.07491 33.04387 -49.08431
0521   10.42303  0.02402 -0.22656 -0.50781 -45.20959 45.84773 33.54071 -51.55248
0522   10.44270  0.01966 -0.24219 -0.49219 -44.52236 44.86598 34.69057 -51.94857
0523   10.46335  0.02064 -0.25781 -0.46094 -43.78605 43.78605 34.89997 -50.20096
0524   10.48417  0.02080 -0.26563 -0.45313 -43.09883 42.75521 34.72542 -48.78067
0525   10.50212  0.01793 -0.26563 -0.43750 -42.46069 41.92073 35.79659 -48.29047
0526   10.52255  0.02043 -0.26563 -0.42969 -41.72438 40.93898 35.36602 -47.56541
0527   10.54219  0.01962 -0.26563 -0.42188 -40.98806 40.00631 36.15476 -46.84995
0528   10.56006  0.01786 -0.26563 -0.42188 -40.34993 39.17183 37.27858 -47.26701
0529   10.58014  0.02007 -0.26563 -0.42188 -39.66270 38.23916 34.32152 -46.01227
0530   10.59974  0.01959 -0.26563 -0.42188 -39.22091 37.40468 25.48954 -42.00144
0531   10.62360  0.02384 -0.25000 -0.41406 -39.02456 36.61928 15.56764 -30.77876
0532   10.64418  0.02058 -0.23438 -0.39844 -38.97547 36.03023 11.76931 -29.49119
0533   10.66374  0.01954 -0.20313 -0.38281 -38.97547 35.53935 11.76931 -25.72093
0534   10.68407  0.02033 -0.15625 -0.37500 -39.02456 35.14665 11.76931 -19.68895
0535   10.69835  0.01427 -0.07031 -0.34375 -39.12274 34.99939  2.82185 -15.67862
0536   10.72293  0.02457 -0.01563 -0.32813 -39.41726 34.90121 -2.64734 -11.79787
0537   10.74357  0.02063  0.04724 -0.30469 -39.71179 34.85213 -12.87058 -9.00672
0538   10.76096  0.01738  0.05512 -0.28906 -39.95723 34.80304 -13.27522 -5.90246
0539   10.78400  0.02303  0.04724 -0.25781 -40.15358 34.80304 -11.88964 -5.90246
0540   10.80290  0.01889  0.03150 -0.21094 -40.30084 34.80304 -10.20608 -5.90246
0541   10.82372  0.02081  0.02362 -0.13281 -40.44810 34.85213 -8.51887 -5.90246
0542   10.84246  0.01873  0.03150 -0.07813 -40.59536 34.90121 -7.27989 -2.60054
0543   10.86232  0.01985  0.03150  0.00787 -40.69354 34.95030 -6.85520 -1.75900
0544   10.88125  0.01891  0.03150  0.01575 -40.79171 35.04847 -6.11298 -0.50532
0545   10.90299  0.02173  0.02362  0.02362 -40.79171 35.09756 -6.11298  0.00000
0546   10.92369  0.02069  0.03150  0.01575 -40.84080 35.14665 -4.77638  0.44622
0547   10.94175  0.01806  0.02362  0.01575 -40.84080 35.14665 -4.77638  0.44622
0548   10.96284  0.02107  0.03150  0.01575 -40.84080 35.14665 -4.77638  0.44622
0549   10.98127  0.01842  0.03937  0.01575 -40.88989 35.14665 -3.08411  0.44622
0550   11.00001  0.01873  0.03937  0.01575 -40.93898 35.14665 -2.87048  0.44622
0551   11.02123  0.02121  0.06299  0.01575 -41.03715 35.19574 -2.68657  0.65333
0552   11.04242  0.02118  0.14961  0.03937 -41.08624 35.24483 -2.58836  0.90811
0553   11.06404  0.02162  0.18110  0.07874 -41.13533 35.29391 -2.40055  1.20513
0554   11.08319  0.01914  0.22835  0.14961 -41.13533 35.29391 -2.40055  1.20513
0555   11.10309  0.01989  0.25984  0.19685 -41.18441 35.29391 -2.11642  1.20513
0556   11.12268  0.01958  0.25984  0.25984 -41.18441 35.29391 -2.11642  1.20513
0557   11.14050  0.01781  0.25984  0.29921 -41.23350 35.34300 -1.89697  1.30392
0558   11.15869  0.01818  0.25984  0.29921 -41.28259 35.44118 -1.84879  1.58698
0559   11.18266  0.02396  0.23622  0.36220 -41.42985 35.58844 -2.56932  1.74970
0560   11.20224  0.01957  0.18898  0.40157 -41.52803 35.78479 -2.74464  3.31908
0561   11.22420  0.02195  0.17323  0.44094 -41.72438 36.03023 -5.05933  9.84156
0562   11.24142  0.01721  0.17323  0.45669 -41.87164 36.27566 -7.31897 12.32413
0563   11.25992  0.01849  0.17323  0.45669 -42.01890 36.57019 -8.33360 14.66051
0564   11.28036  0.02043  0.17323  0.45669 -42.26434 36.91380 -9.26497 16.40880
0565   11.29898  0.01861  0.17323  0.45669 -42.46069 37.25741 -10.10247 17.69837
0566   11.32078  0.02180  0.17323  0.46457 -42.70613 37.65011 -11.44518 18.99120
0567   11.34135  0.02056  0.17323  0.47244 -43.00065 38.09190 -13.37904 20.05905
0568   11.36252  0.02116  0.16535  0.46457 -43.34426 38.53369 -15.15956 21.47141
0569   11.38472  0.02219  0.14961  0.47244 -43.68788 39.02456 -16.47870 21.87368
0570   11.40296  0.01823  0.07087  0.48031 -44.03149 39.46635 -16.66466 24.85135
0571   11.42356  0.02059  0.03937  0.50394 -44.32601 40.00631 -16.35440 25.67063
0572   11.44283  0.01926  0.03150  0.51969 -44.66962 40.54628 -16.80866 27.60206
0573   11.46298  0.02014  0.03937  0.54331 -45.01324 41.13533 -17.09184 29.86512
0574   11.48385  0.02085  0.04724  0.56693 -45.40594 41.77346 -17.39276 30.88109
0575   11.50331  0.01945  0.03937  0.57480 -45.74955 42.41160 -18.09988 31.68366
0576   11.52278  0.01946  0.04724  0.56693 -46.09316 43.04974 -18.91855 33.05255
0577   11.54178  0.01899  0.03937  0.56693 -46.48586 43.73696 -19.41883 34.92579
0578   11.56360  0.02181  0.07087  0.55118 -46.92765 44.47328 -19.55467 34.98341
0579   11.58411  0.02050  0.12598  0.51181 -47.32035 45.20959 -19.39451 35.92101
0580   11.60371  0.01959  0.24409  0.41732 -47.71305 45.94590 -19.96129 36.41776
0581   11.62329  0.01957  0.36220  0.27559 -48.10575 46.58404 -20.20752 34.24359
0582   11.64251  0.01920  0.48031  0.19685 -48.49845 47.22218 -21.57450 32.09812
0583   11.66379  0.02127  0.69291  0.11811 -49.18567 47.86031 -33.25666 30.12122
0584   11.68413  0.02033  0.78740  0.10236 -49.87290 48.44936 -34.57304 28.90561
0585   11.70379  0.01965  0.88189  0.09449 -50.60921 48.98933 -39.66955 27.73078
0586   11.72164  0.01784  0.92126  0.09449 -51.39461 49.43111 -43.97418 25.37897
0587   11.74327  0.02161  0.93701  0.08661 -52.42545 49.97108 -48.38543 24.36419
0588   11.76004  0.01677  0.93701  0.08661 -53.25994 50.46195 -50.32422 27.71371
0589   11.78065  0.02060  0.94488  0.08661 -54.33986 51.00191 -55.06849 27.01227
0590   11.79867  0.01800  0.94488  0.08661 -55.37070 51.49279 -55.60401 27.99473
0591   11.82329  0.02461  0.96063  0.07087 -56.79424 52.18001 -58.97353 27.28144
0592   11.84135  0.01805  0.96063  0.00787 -57.87416 52.67089 -60.64041 27.05671
0593   11.86201  0.02065  0.96063  0.00000 -59.15044 53.21085 -60.79813 26.87988
0594   11.88172  0.01971  0.96063  0.00787 -60.37763 53.75081 -63.85366 27.91973
0595   11.90134  0.01960  0.96063 -0.04688 -61.65390 54.33986 -66.13783 29.30623
0596   11.92411  0.02276  0.92913 -0.17188 -63.22470 54.97800 -69.77364 29.12773
0597   11.94264  0.01853  0.86614 -0.29688 -64.55006 55.41979 -71.45145 25.14812
0598   11.96293  0.02027  0.75591 -0.48438 -65.97360 55.86158 -67.90170 21.13426
0599   11.98340  0.02046  0.69291 -0.54688 -67.39714 56.10701 -68.29803 16.63645
0600   12.00285  0.01944  0.43307 -0.60156 -68.67341 56.30336 -66.94739 11.42173
0601   12.02441  0.02156  0.23622 -0.62500 -70.09695 56.35245 -62.39038  9.59199
0602   12.04390  0.01947  0.07874 -0.64844 -71.22596 56.35245 -56.50783  9.59199
0603   12.07144  0.02753  0.05512 -0.66406 -72.50224 56.20519 -41.52620  2.83465
0604   12.08091  0.00945  0.05512 -0.67188 -72.79676 56.10701 -32.00186  0.93466
0605   12.10360  0.02269  0.05512 -0.67969 -73.43490 55.81249 -28.28118 -5.57626
0606   12.12218  0.01856  0.05512 -0.70313 -73.97486 55.56705 -29.36373 -13.01257
0607   12.14284  0.02065  0.05512 -0.71094 -74.66209 55.27253 -32.20162 -13.31371
0608   12.16347  0.02062  0.04724 -0.71875 -75.25114 54.83074 -29.27495 -20.01456
0609   12.18287  0.01940  0.04724 -0.72656 -75.84019 54.29078 -31.67303 -27.58391
0610   12.20373  0.02085  0.01575 -0.71875 -76.52741 53.60355 -30.48478 -35.38208
0611   12.22368  0.01994  0.00000 -0.72656 -77.06738 52.71998 -29.02765 -45.54226
0612   12.24182  0.01813 -0.08594 -0.72656 -77.60734 51.88549 -28.16241 -46.08290
0613   12.26232  0.02049 -0.18750 -0.72656 -78.09821 51.00191 -24.98537 -43.93129
0614   12.28061  0.01828 -0.25000 -0.72656 -78.39274 50.16743 -19.17147 -44.56160
0615   12.30201  0.02139 -0.35156 -0.72656 -78.68726 49.18567 -13.91955 -45.94573
0616   12.32137  0.01935 -0.41406 -0.72656 -78.88361 48.20393 -12.42533 -51.42233
0617   12.34270  0.02132 -0.48438 -0.71875 -79.03088 47.07491 -10.61213 -55.90258
0618   12.35909  0.01637 -0.52344 -0.70313 -79.03088 46.14225 -10.61213 -57.50577
0619   12.38363  0.02453 -0.55469 -0.68750 -78.83453 44.62054 -2.48420 -63.14073
0620   12.40223  0.01858 -0.57031 -0.68750 -78.58909 43.49152  3.86982 -56.60785
0621   12.42475  0.02251 -0.58594 -0.67969 -78.24548 42.21525 14.27745 -54.25442
0622   12.43845  0.01369 -0.60938 -0.67969 -77.95095 41.57711 17.72022 -48.49250
0623   12.46466  0.02620 -0.64063 -0.67188 -77.21464 40.15358 28.97052 -56.24108
0624   12.48591  0.02124 -0.66406 -0.66406 -76.57650 38.92639 30.59955 -57.99529
0625   12.50411  0.01819 -0.71094 -0.67188 -75.79110 37.89555 42.45350 -57.95591
0626   12.52310  0.01897 -0.71875 -0.67188 -74.95661 36.66836 45.55938 -59.79535
0627   12.54198  0.01887 -0.72656 -0.67188 -74.07304 35.53935 45.95369 -60.06644
0628   12.55960  0.01761 -0.72656 -0.67188 -73.18946 34.50851 52.64216 -58.52459
0629   12.58134  0.02172 -0.72656 -0.67188 -72.01136 33.18315 53.83759 -59.88216
0630   12.60391  0.02257 -0.73438 -0.67969 -70.73509 31.80870 57.98193 -62.28153
0631   12.62107  0.01715 -0.75000 -0.67969 -69.75334 30.67969 59.27404 -66.50432
0632   12.64351  0.02243 -0.75781 -0.67188 -68.37889 29.20706 59.33279 -65.01914
0633   12.66289  0.01936 -0.76563 -0.65625 -67.24988 27.93079 60.66027 -64.05990
0634   12.68382  0.02092 -0.78906 -0.63281 -65.97360 26.60543 61.21857 -65.01828
0635   12.70375  0.01992 -0.81250 -0.59375 -64.64824 25.28006 67.67376 -66.65467
0636   12.72269  0.01892 -0.82813 -0.53906 -63.32287 24.00379 69.33605 -68.19840
0637   12.74427  0.02157 -0.85938 -0.47656 -61.75208 22.53116 73.79360 -67.48907
0638   12.76394  0.01966 -0.88281 -0.41406 -60.23036 21.20580 79.81383 -68.34843
0639   12.78487  0.02092 -0.89063 -0.37500 -58.51230 19.78226 82.20778 -68.66873
0640   12.80344  0.01856 -0.89844 -0.30469 -56.94150 18.50599 87.03920 -66.97753
0641   12.82253  0.01908 -0.89844 -0.25781 -55.27253 17.27880 87.54838 -65.93041
0642   12.84180  0.01926 -0.89844 -0.17188 -53.60355 16.00253 85.13415 -63.55068
0643   12.86331  0.02150 -0.90625 -0.12500 -51.68914 14.72625 91.65297 -55.26285
0644   12.88397  0.02066 -0.91406 -0.06250 -49.77473 13.69541 91.79437 -50.99656
0645   12.90199  0.01800 -0.91406  0.00000 -48.10575 12.71366 94.55542 -53.60155
0646   12.92383  0.02183 -0.92188  0.01575 -45.99499 11.48648 97.41420 -59.10632
0647   12.93936  0.01552 -0.92188  0.01575 -44.42419 10.60290 99.64476 -57.81087
0648   12.96101  0.02164 -0.92188  0.01575 -42.31343  9.37571 97.23185 -57.13130
0649   12.98066  0.01964 -0.92188  0.01575 -40.39901  8.24670 97.62731 -55.94049
0650   13.00011  0.01944 -0.92188  0.01575 -38.43551  7.16677 104.13242 -57.41933
0651   13.01969  0.01957 -0.92188  0.01575 -36.42293  6.03776 103.33232 -56.47045
0652   13.03889  0.01919 -0.92188  0.01575 -34.36125  4.95784 106.97358 -57.40154
0653   13.06110  0.02220 -0.92188  0.01575 -31.95596  3.68156 109.49821 -57.15824
0654   13.07936  0.01825 -0.92188  0.01575 -29.99246  2.65073 108.13892 -56.88633
0655   13.10001  0.02063 -0.92188  0.01575 -27.78353  1.52171 104.52044 -54.54652
0656   13.12054  0.02052 -0.92188  0.01575 -25.57459  0.39270 108.98767 -53.03174
0657   13.13897  0.01843 -0.92188  0.01575 -23.61109 -0.58905 105.49759 -54.81728
0658   13.16103  0.02205 -0.92188  0.00000 -21.25489 -1.81624 104.96071 -54.63059
0659   13.18005  0.01898 -0.92188  0.00000 -19.24230 -2.84708 107.20370 -54.75918
0660   13.20329  0.02323 -0.91406 -0.03906 -16.78793 -4.17244 106.05602 -57.25291
0661   13.22248  0.01918 -0.91406 -0.07813 -14.72625 -5.25236 107.10545 -58.26997
0662   13.24297  0.02049 -0.90625 -0.12500 -12.51731 -6.43046 107.64449 -56.08814
0663   13.26398  0.02099 -0.89063 -0.17969 -10.25929 -7.55948 107.18614 -53.04262
0664   13.28397  0.01998 -0.87500 -0.21875 -8.14853 -8.59031 106.56022 -51.90654
0665   13.30349  0.01951 -0.85156 -0.27344 -6.03776 -9.67024 106.55560 -53.10948
0666   13.32357  0.02008 -0.84375 -0.28125 -3.92700 -10.75016 103.47499 -56.94672
0667   13.34407  0.02049 -0.82813 -0.29688 -1.81624 -11.92826 103.42593 -56.02413
0668   13.36182  0.01773 -0.82813 -0.32031  0.00000 -12.95910 103.86910 -60.18575
0669   13.38349  0.02166 -0.81250 -0.35156  2.20894 -14.18629 101.26145 -57.28398
0670   13.40014  0.01663 -0.81250 -0.35156  3.87791 -15.16804 100.55926 -57.47783
0671   13.42375  0.02360 -0.79688 -0.35938  6.33229 -16.49340 104.95510 -56.73937
0672   13.44246  0.01868 -0.78125 -0.35938  8.29579 -17.62241 103.20414 -60.28258
0673   13.46353  0.02106 -0.75781 -0.36719 10.40655 -18.89869 102.32318 -61.52781
0674   13.48285  0.01931 -0.75000 -0.36719 12.37005 -20.07679 103.39108 -61.25639
0675   13.50178  0.01891 -0.73438 -0.36719 14.33355 -21.25489 103.42485 -62.63078
0676   13.52094  0.01915 -0.73438 -0.36719 16.24796 -22.43299 102.95305 -63.47262
0677   13.54255  0.02160 -0.73438 -0.35938 18.55508 -23.80744 105.80913 -62.66236
0678   13.56138  0.01883 -0.73438 -0.35938 20.51858 -24.98554 102.83120 -61.05031
0679   13.58247  0.02108 -0.73438 -0.34375 22.62934 -26.26181 99.54776 -61.20750
0680   13.60207  0.01959 -0.73438 -0.33594 24.64193 -27.48900 101.83812 -61.95218
0681   13.62420  0.02211 -0.72656 -0.32031 26.80178 -28.86345 98.51290 -61.77209
0682   13.64119  0.01698 -0.71094 -0.32031 28.47075 -29.89429 97.34079 -61.07879
0683   13.66455  0.02335 -0.68750 -0.31250 30.72878 -31.31783 98.32938 -62.06498
0684   13.68105  0.01648 -0.67188 -0.31250 32.34866 -32.39775 97.02909 -62.84125
0685   13.70129  0.02023 -0.59375 -0.32031 34.26308 -33.67403 94.61100 -65.58511
0686   13.72178  0.02047 -0.52344 -0.32031 36.17749 -35.04847 93.85307 -65.67329
0687   13.74244  0.02065 -0.38281 -0.32031 38.09190 -36.37384 90.63674 -65.66802
0688   13.76214  0.01968 -0.26563 -0.32031 39.85905 -37.69920 87.34120 -66.41164
0689   13.78137  0.01922 -0.03906 -0.32031 41.52803 -39.02456 84.74320 -67.85477
0690   13.80224  0.02087  0.02362 -0.32031 43.14791 -40.39901 73.91082 -66.62889
0691   13.82242  0.02017  0.02362 -0.31250 44.52236 -41.72438 66.03463 -65.16328
0692   13.84217  0.01972  0.02362 -0.29688 45.99499 -43.00065 75.55119 -64.80540
0693   13.86251  0.02032  0.02362 -0.28906 47.46761 -44.27693 69.96059 -62.57609
0694   13.88317  0.02065  0.04724 -0.27344 48.84206 -45.55320 67.43761 -63.33544
0695   13.90175  0.01858  0.05512 -0.27344 50.06925 -46.73130 63.37878 -61.98856
0696   13.92357  0.02180  0.05512 -0.28125 51.24735 -48.05666 52.80895 -61.44386
0697   13.94219  0.01861  0.04724 -0.28125 52.18001 -49.18567 49.79155 -60.45035
0698   13.96099  0.01878  0.04724 -0.30469 53.11267 -50.36378 47.20088 -60.43807
0699   13.98274  0.02174  0.04724 -0.32031 54.09443 -51.64005 45.62247 -59.96372
0700   14.00149  0.01874  0.04724 -0.33594 54.97800 -52.76906 45.99072 -58.88262
0701   14.02124  0.01974  0.04724 -0.33594 55.86158 -53.89808 45.60128 -58.73713
0702   14.04384  0.02259  0.03937 -0.34375 56.79424 -55.22344 40.19414 -58.81102
0703   14.06013  0.01628  0.03937 -0.34375 57.38329 -56.20519 35.87822 -57.50948
0704   14.08459  0.02445  0.03150 -0.32813 58.21777 -57.57964 33.31512 -55.30145
0705   14.10388  0.01928  0.02362 -0.30469 58.85591 -58.65956 34.56525 -57.19121
0706   14.12275  0.01886  0.02362 -0.26563 59.54314 -59.69040 36.07691 -53.53141
0707   14.14390  0.02113  0.03150 -0.22656 60.27945 -60.77033 33.24900 -51.74268
0708   14.16011  0.01620  0.03150 -0.19531 60.81941 -61.60481 33.25655 -50.80207
0709   14.18468  0.02456  0.03937 -0.14844 61.65390 -62.83200 34.52866 -49.40095
0710   14.20480  0.02010  0.04724 -0.13281 62.34113 -63.81375 34.93051 -48.32517
0711   14.22172  0.01691  0.04724 -0.09375 62.93018 -64.55006 35.98922 -43.93738
0712   14.24253  0.02080  0.04724 -0.06250 63.66649 -65.43364 32.73700 -40.77052
0713   14.26235  0.01981  0.04724 -0.00781 64.30463 -66.21904 31.83583 -38.65279
0714   14.28262  0.02026  0.04724  0.00000 64.89368 -67.00444 30.31964 -39.07852
0715   14.30287  0.02024  0.04724  0.02362 65.48273 -67.78984 27.87376 -38.02329
0716   14.31698  0.01410  0.04724  0.02362 65.82634 -68.32980 27.03905 -37.96653
0717   14.33779  0.02080  0.04724  0.02362 66.36630 -69.06611 25.59900 -34.71608
0718   14.35674  0.01894  0.04724  0.02362 66.80809 -69.65516 24.10812 -32.92408
0719   14.37670  0.01994  0.04724  0.02362 67.29896 -70.29330 22.35156 -30.75513
0720   14.39690  0.02019  0.04724  0.02362 67.69166 -70.88235 21.56451 -29.10338
0721   14.41897  0.02206  0.04724  0.02362 68.18254 -71.47140 21.36306 -26.94081
0722   14.44016  0.02118  0.04724  0.02362 68.62433 -72.01136 20.50871 -24.79373
0723   14.46060  0.02043  0.04724  0.02362 69.01703 -72.45315 19.72899 -23.42631
0724   14.48068  0.02007  0.04724  0.02362 69.40973 -72.89494 18.89114 -21.84570
0725   14.50077  0.02008  0.04724  0.02362 69.75334 -73.33673 18.03282 -20.43997
0726   14.52134  0.02057  0.04724  0.01575 70.09695 -73.68034 16.92801 -19.02963
0727   14.54379  0.02243  0.03937  0.02362 70.44056 -74.07304 15.60503 -17.35169
0728   14.55996  0.01616  0.03937  0.02362 70.63691 -74.31847 14.70007 -15.91157
0729   14.57966  0.01969  0.03937  0.02362 70.93144 -74.61300 13.45184 -14.27336
0730   14.60059  0.02090  0.03937  0.02362 71.17688 -74.85844 12.32778 -13.09185
0731   14.62050  0.01990  0.03937  0.02362 71.37323 -75.10388 11.46833 -11.95821
0732   14.64000  0.01949  0.03937  0.02362 71.56958 -75.30023 10.51552 -10.94689
0733   14.66184  0.02183  0.03937  0.01575 71.76593 -75.49657  9.56708 -10.04031
0734   14.68244  0.02058  0.03937  0.01575 71.91319 -75.64384  8.77095 -9.21866
0735   14.69974  0.01729  0.03937  0.01575 72.01136 -75.79110  8.14935 -8.33578
0736   14.72008  0.02033  0.03937  0.01575 72.15863 -75.88928  7.01574 -7.63790
0737   14.74015  0.02006  0.03937  0.01575 72.25680 -75.98745  6.15064 -6.84225
0738   14.76064  0.02048  0.03937  0.01575 72.30589 -76.08563  5.69272 -5.90217
9999 9999.00000 9999.00000 999.00000 999.00000 9999.00000 9999.00000 999.00000 999.00000
