DT    0.00005  0.00000  0.00000 0
DT    0.01892  0.00000  0.00000 0
DT    0.03832  0.00000  0.00000 0
DT    0.05874  0.00000  0.00000 0
DT    0.07828  0.00000  0.00000 0
DT    0.09926  0.00000  0.00000 0
DT    0.11835  0.00000  0.00000 0
DT    0.13863  0.00000  0.00000 0
DT    0.15923  0.00000  0.00000 0
DT    0.17858  0.00000  0.00000 0
DT    0.19813  0.00000  0.00000 0
DT    0.21849  0.00000  0.00000 0
DT    0.23803  0.00000  0.00000 0
DT    0.25952  0.00000  0.00000 0
DT    0.27904  0.00000  0.00000 0
DT    0.29879  0.00000  0.00000 0
DT    0.32047  0.00000  0.00000 0
DT    0.33976  0.00000  0.00000 0
DT    0.35963  0.00000  0.00000 0
DT    0.38038  0.00000  0.00000 0
DT    0.39952  0.00000  0.00000 0
DT    0.42032  0.00000  0.00000 0
DT    0.44033  0.00000  0.00000 0
DT    0.45939  0.00000  0.00000 0
DT    0.47983  0.00000  0.00000 0
DT    0.49960  0.00000  0.00000 0
DT    0.51987  0.00000  0.00000 0
DT    0.53908  0.00000  0.00000 0
DT    0.56023  0.00000  0.00000 0
DT    0.58044 -0.55469 -0.07813 0
DT    0.60078 -0.56250 -0.06250 0
DT    0.61969 -0.57813 -0.04688 0
DT    0.64086 -0.58594 -0.03125 0
DT    0.66046 -0.60156 -0.01563 0
DT    0.68013 -0.60938 -0.00781 0
DT    0.70015 -0.60938 -0.00781 0
DT    0.71973 -0.62500  0.00000 0
DT    0.74046 -0.63281  0.00787 0
DT    0.75918 -0.63281  0.00787 0
DT    0.77995 -0.64844  0.01575 0
DT    0.79882 -0.64844  0.01575 0
DT    0.81988 -0.65625  0.00787 0
DT    0.83873 -0.66406  0.00787 0
DT    0.85835 -0.66406  0.00787 0
DT    0.87804 -0.66406  0.00787 0
DT    0.89887 -0.66406  0.00000 0
DT    0.91875 -0.66406 -0.01563 0
DT    0.93874 -0.66406 -0.05469 0
DT    0.95949 -0.66406 -0.12500 0
DT    0.97892 -0.66406 -0.13281 0
DT    0.99882 -0.66406 -0.17969 0
DT    1.02001 -0.66406 -0.18750 0
DT    1.03890 -0.66406 -0.19531 0
DT    1.05976 -0.66406 -0.21094 0
DT    1.08072 -0.66406 -0.21094 0
DT    1.09871 -0.66406 -0.22656 0
DT    1.11922 -0.66406 -0.24219 0
DT    1.13894 -0.66406 -0.25781 0
DT    1.15957 -0.66406 -0.27344 0
DT    1.18019 -0.66406 -0.27344 0
DT    1.20088 -0.66406 -0.28125 0
DT    1.21941 -0.66406 -0.30469 0
DT    1.23990 -0.66406 -0.32813 0
DT    1.25910 -0.66406 -0.34375 0
DT    1.27926 -0.66406 -0.35938 0
DT    1.29962 -0.66406 -0.38281 0
DT    1.31986 -0.66406 -0.38281 0
DT    1.34086 -0.66406 -0.39844 0
DT    1.36088 -0.66406 -0.42969 0
DT    1.37918 -0.66406 -0.45313 0
DT    1.40031 -0.66406 -0.46094 0
DT    1.41918 -0.66406 -0.47656 0
DT    1.43922 -0.66406 -0.48438 0
DT    1.45956 -0.66406 -0.50781 0
DT    1.47992 -0.65625 -0.51563 0
DT    1.50073 -0.63281 -0.54688 0
DT    1.52013 -0.61719 -0.57813 0
DT    1.53993 -0.61719 -0.57813 0
DT    1.55995 -0.56250 -0.62500 0
DT    1.57960 -0.53125 -0.64844 0
DT    1.59959 -0.51563 -0.65625 0
DT    1.61975 -0.50000 -0.66406 0
DT    1.63885 -0.48438 -0.66406 0
DT    1.66006 -0.46094 -0.67188 0
DT    1.67977 -0.44531 -0.67969 0
DT    1.69914 -0.42188 -0.68750 0
DT    1.71905 -0.39844 -0.68750 0
DT    1.74023 -0.34375 -0.70313 0
DT    1.76141 -0.34375 -0.70313 0
DT    1.77978 -0.27344 -0.70313 0
DT    1.79878 -0.25781 -0.70313 0
DT    1.81866 -0.25781 -0.70313 0
DT    1.84021 -0.25000 -0.70313 0
DT    1.85909 -0.24219 -0.70313 0
DT    1.87888 -0.22656 -0.70313 0
DT    1.89930 -0.21094 -0.70313 0
DT    1.91912 -0.15625 -0.70313 0
DT    1.94047 -0.07813 -0.71094 0
DT    1.95973 -0.02344 -0.71094 0
DT    1.97882  0.04724 -0.71094 0
DT    1.99968  0.05512 -0.71094 0
DT    2.01894  0.05512 -0.70313 0
DT    2.04070  0.04724 -0.71094 0
DT    2.05984  0.04724 -0.70313 0
DT    2.08108  0.04724 -0.70313 0
DT    2.09960  0.04724 -0.67969 0
DT    2.12028  0.03150 -0.67188 0
DT    2.13886  0.01575 -0.66406 0
DT    2.15941  0.01575 -0.66406 0
DT    2.18163  0.00000 -0.64063 0
DT    2.20117 -0.06250 -0.60156 0
DT    2.22066 -0.06250 -0.60156 0
DT    2.24448 -0.14063 -0.53906 0
DT    2.26472 -0.18750 -0.49219 0
DT    2.27897 -0.28125 -0.32813 0
DT    2.29896 -0.31250 -0.19531 0
DT    2.32028 -0.31250 -0.19531 0
DT    2.34019 -0.33594  0.00787 0
DT    2.35978 -0.32813  0.00000 0
DT    2.37801 -0.32813  0.00000 0
DT    2.40200 -0.32813  0.00000 0
DT    2.41953 -0.32031  0.00000 0
DT    2.43909 -0.30469  0.00000 0
DT    2.45909 -0.28125  0.00000 0
DT    2.47979 -0.28125  0.00000 0
DT    2.50018 -0.24219 -0.03906 0
DT    2.52059 -0.22656 -0.07031 0
DT    2.53889 -0.22656 -0.07031 0
DT    2.55977 -0.20313 -0.09375 0
DT    2.57923 -0.20313 -0.09375 0
DT    2.59908 -0.20313 -0.09375 0
DT    2.61862 -0.20313 -0.09375 0
DT    2.63885 -0.20313 -0.07813 0
DT    2.65864 -0.20313 -0.06250 0
DT    2.67971 -0.20313 -0.03125 0
DT    2.69971 -0.20313 -0.01563 0
DT    2.71991 -0.19531 -0.00781 0
DT    2.73995 -0.19531 -0.00781 0
DT    2.75944 -0.15625  0.00000 0
DT    2.78076 -0.14063  0.01575 0
DT    2.79864 -0.14063  0.01575 0
DT    2.81907 -0.13281  0.01575 0
DT    2.83830 -0.13281  0.01575 0
DT    2.85875 -0.12500  0.01575 0
DT    2.87800 -0.12500  0.01575 0
DT    2.89945 -0.10938  0.00787 0
CS    2.91687 -1.00000  1.00000 1
DT    2.91891 -0.08594  0.00787 0
DT    2.93885 -0.06250  0.00787 0
DT    2.95869 -0.03906  0.00787 0
DT    2.97909  0.01575  0.00000 0
DT    2.99970  0.01575  0.00000 0
DT    3.01836  0.03150  0.00000 0
DT    3.03900  0.03150  0.00787 0
DT    3.05833  0.03150  0.00787 0
DT    3.07833  0.03150  0.00787 0
DT    3.09882  0.03150  0.00787 0
DT    3.11925  0.03150  0.00787 0
DT    3.13802  0.03150  0.00787 0
DT    3.15856  0.03150  0.00787 0
DT    3.17871  0.03150  0.00787 0
DT    3.19840  0.03150  0.00787 0
DT    3.21836  0.03150  0.00787 0
DT    3.23950  0.04724  0.00787 0
CS    3.25663  0.00000  0.00000 0
DT    3.25878  0.04724  0.00787 0
DT    3.28078  0.03937  0.03150 0
DT    3.29946  0.03937  0.09449 0
DT    3.32063  0.05512  0.20472 0
DT    3.33958  0.08661  0.26772 0
DT    3.36010  0.11811  0.43307 0
DT    3.38012  0.11811  0.43307 0
DT    3.40009  0.22047  0.66929 0
DT    3.42053  0.26772  0.72441 0
DT    3.44055  0.26772  0.72441 0
DT    3.45968  0.34646  0.84252 0
DT    3.48035  0.35433  0.91339 0
DT    3.49968  0.35433  0.91339 0
DT    3.51954  0.35433  0.95276 0
DT    3.53780  0.35433  0.95276 0
DT    3.55910  0.36220  0.96063 0
DT    3.57895  0.35433  0.96063 0
DT    3.59859  0.36220  0.96063 0
DT    3.61983  0.36220  0.96850 0
DT    3.63868  0.36220  0.96850 0
FB    3.65723  0.00000  0.00000 1
DT    3.65919  0.36220  0.97638 0
DT    3.67793  0.36220  0.97638 0
DT    3.69879  0.36220  0.97638 0
DT    3.71879  0.37795  0.97638 0
DT    3.73993  0.38583  0.97638 0
DT    3.75911  0.41732  0.97638 0
DT    3.77854  0.44882  0.97638 0
DT    3.79907  0.52756  0.97638 0
DT    3.81847  0.58268  0.97638 0
DT    3.84034  0.62205  0.97638 0
DT    3.85904  0.63780  0.97638 0
DT    3.87906  0.67717  0.97638 0
DT    3.89985  0.68504  0.97638 0
DT    3.91820  0.68504  0.97638 0
DT    3.93833  0.68504  0.97638 0
DT    3.95888  0.68504  0.97638 0
DT    3.97790  0.68504  0.97638 0
DT    3.99991  0.69291  0.96850 0
DT    4.01805  0.69291  0.96850 0
DT    4.03837  0.70866  0.96850 0
DT    4.05978  0.74016  0.96063 0
DT    4.08010  0.80315  0.93701 0
DT    4.09911  0.85827  0.91339 0
DT    4.11911  0.90551  0.79528 0
DT    4.13974  0.99213  0.75591 0
DT    4.16039  1.00000  0.71654 0
DT    4.17961  1.00000  0.67717 0
DT    4.19977  1.00000  0.67717 0
DT    4.21952  1.00000  0.51181 0
DT    4.23976  1.00000  0.38583 0
DT    4.25866  1.00000  0.30709 0
CS    4.27705  1.00000 -1.00000 1
DT    4.27948  1.00000  0.27559 0
DT    4.29977  1.00000  0.22835 0
DT    4.31904  1.00000  0.17323 0
DT    4.34051  1.00000  0.17323 0
DT    4.35891  1.00000  0.00000 0
DT    4.37984  1.00000  0.00787 0
DT    4.39853  1.00000  0.00787 0
DT    4.41975  0.93701 -0.01563 0
DT    4.44096  0.93701 -0.01563 0
DT    4.45897  0.53543 -0.17969 0
DT    4.48033  0.35433 -0.28125 0
DT    4.49967  0.35433 -0.28125 0
DT    4.51916  0.00787 -0.35156 0
DT    4.54050  0.04724 -0.39063 0
DT    4.55978  0.04724 -0.43750 0
DT    4.57953  0.03150 -0.46875 0
DT    4.59972  0.01575 -0.47656 0
DT    4.61947 -0.03125 -0.48438 0
DT    4.63932 -0.05469 -0.48438 0
DT    4.65859 -0.11719 -0.48438 0
DT    4.67895 -0.14844 -0.48438 0
EL    4.67896 -0.22685  0.00000 0
DT    4.69969 -0.19531 -0.48438 0
EL    4.69969 -0.46307  0.00000 0
DT    4.71886 -0.19531 -0.48438 0
EL    4.71886 -0.46307  0.00000 0
DT    4.74011 -0.19531 -0.48438 0
EL    4.74011 -0.46307  0.00000 0
DT    4.76046 -0.26563 -0.46094 0
EL    4.76046 -0.74654  0.00000 0
DT    4.77998 -0.32031 -0.45313 0
EL    4.77999 -0.81740  0.00000 0
DT    4.80050 -0.35156 -0.44531 0
EL    4.80051 -0.75441  0.00000 0
DT    4.82025 -0.35156 -0.44531 0
EL    4.82026 -0.75441  0.00000 0
DT    4.83963 -0.35938 -0.43750 0
EL    4.83963 -0.25835  0.00000 0
DT    4.85897 -0.35938 -0.43750 0
EL    4.85897  0.00000  0.00000 0
DT    4.87905 -0.35938 -0.43750 0
DT    4.89903 -0.35938 -0.42969 0
DT    4.92008 -0.36719 -0.40625 0
DT    4.93956 -0.37500 -0.39063 0
DT    4.96313 -0.37500 -0.39063 0
DT    4.97993 -0.39844 -0.32813 0
DT    4.99995 -0.40625 -0.28906 0
DT    5.01999 -0.41406 -0.26563 0
DT    5.03949 -0.42188 -0.21094 0
DT    5.05870 -0.42188 -0.17188 0
DT    5.07890 -0.42188 -0.12500 0
DT    5.09840 -0.42188 -0.08594 0
DT    5.11945 -0.42188 -0.03125 0
DT    5.13941 -0.42188 -0.03906 0
DT    5.15852 -0.42188 -0.06250 0
DT    5.17964 -0.42188 -0.08594 0
DT    5.19892 -0.42188 -0.10938 0
DT    5.21899 -0.42188 -0.11719 0
DT    5.24000 -0.41406 -0.12500 0
DT    5.25831 -0.41406 -0.12500 0
DT    5.27846 -0.41406 -0.13281 0
DT    5.29874 -0.41406 -0.12500 0
DT    5.31936 -0.41406 -0.12500 0
DT    5.33836 -0.41406 -0.12500 0
DT    5.35874 -0.41406 -0.12500 0
DT    5.37948 -0.39844 -0.14063 0
DT    5.40050 -0.37500 -0.19531 0
DT    5.41998 -0.37500 -0.19531 0
DT    5.44005 -0.32813 -0.27344 0
DT    5.45995 -0.31250 -0.28906 0
DT    5.47934 -0.28125 -0.31250 0
DT    5.50092 -0.28125 -0.31250 0
DT    5.51961 -0.26563 -0.32813 0
DT    5.53975 -0.25781 -0.33594 0
DT    5.56047 -0.25781 -0.33594 0
DT    5.57874 -0.23438 -0.33594 0
DT    5.60242 -0.23438 -0.33594 0
DT    5.61970 -0.20313 -0.34375 0
DT    5.63963 -0.19531 -0.35156 0
DT    5.66007 -0.17969 -0.35938 0
DT    5.68246 -0.17969 -0.35938 0
DT    5.69935 -0.17188 -0.35938 0
DT    5.71977 -0.17188 -0.35938 0
DT    5.73799 -0.17188 -0.35938 0
DT    5.75889 -0.17188 -0.35156 0
DT    5.77818 -0.17188 -0.35156 0
DT    5.79826 -0.17188 -0.35156 0
DT    5.82003 -0.17969 -0.33594 0
DT    5.83950 -0.18750 -0.33594 0
DT    5.85946 -0.19531 -0.32813 0
DT    5.87956 -0.21094 -0.31250 0
DT    5.89987 -0.21875 -0.30469 0
DT    5.91960 -0.22656 -0.29688 0
DT    5.93953 -0.23438 -0.28906 0
DT    5.95840 -0.25000 -0.28906 0
DT    5.97992 -0.25781 -0.28125 0
DT    5.99951 -0.27344 -0.26563 0
DT    6.01934 -0.28125 -0.25781 0
DT    6.03968 -0.29688 -0.25000 0
DT    6.05943 -0.29688 -0.24219 0
DT    6.07903 -0.30469 -0.24219 0
DT    6.09969 -0.30469 -0.24219 0
DT    6.11943 -0.31250 -0.23438 0
DT    6.13844 -0.31250 -0.23438 0
DT    6.15881 -0.31250 -0.22656 0
DT    6.17848 -0.31250 -0.21875 0
DT    6.19893 -0.31250 -0.21875 0
DT    6.21889 -0.31250 -0.21094 0
DT    6.23985 -0.31250 -0.20313 0
DT    6.25897 -0.31250 -0.20313 0
DT    6.27967 -0.31250 -0.19531 0
DT    6.29956 -0.30469 -0.19531 0
DT    6.31948 -0.30469 -0.18750 0
DT    6.33959 -0.29688 -0.18750 0
DT    6.36048 -0.27344 -0.17969 0
DT    6.37870 -0.25000 -0.17969 0
DT    6.39984 -0.20313 -0.14844 0
DT    6.41967 -0.14844 -0.13281 0
DT    6.43986 -0.14844 -0.13281 0
DT    6.46047  0.00000 -0.03125 0
DT    6.47965  0.03937  0.01575 0
DT    6.50029  0.03937  0.00787 0
DT    6.51986  0.03937  0.00000 0
DT    6.53897  0.03937  0.00787 0
DT    6.56094  0.04724  0.01575 0
DT    6.57941  0.05512  0.00787 0
DT    6.59870  0.11024  0.00787 0
DT    6.61908  0.16535  0.00787 0
DT    6.63834  0.29134  0.00787 0
DT    6.65843  0.39370  0.00787 0
DT    6.67961  0.54331  0.04724 0
DT    6.69955  0.57480  0.12598 0
DT    6.71970  0.68504  0.24409 0
DT    6.74034  0.72441  0.33858 0
DT    6.75975  0.76378  0.55118 0
DT    6.78007  0.78740  0.69291 0
DT    6.79940  0.80315  0.74803 0
DT    6.81949  0.82677  0.77165 0
DT    6.83963  0.85039  0.78740 0
DT    6.85944  0.85827  0.79528 0
DT    6.87947  0.85827  0.88189 0
DT    6.89939  0.85827  0.88189 0
DT    6.91862  0.85827  0.95276 0
DT    6.93930  0.85827  0.96063 0
DT    6.95942  0.85827  0.98425 0
DT    6.97973  0.85827  1.00000 0
DT    6.99933  0.85039  1.00000 0
DT    7.01914  0.84252  1.00000 0
DT    7.03877  0.84252  1.00000 0
DT    7.05853  0.83465  1.00000 0
DT    7.07852  0.82677  1.00000 0
DT    7.09895  0.80315  1.00000 0
DT    7.11875  0.73228  1.00000 0
DT    7.13874  0.63780  1.00000 0
DT    7.15933  0.45669  1.00000 0
DT    7.17985  0.16535  0.99213 0
DT    7.20076  0.03937  0.93701 0
CS    7.20076  0.00000  0.00000 0
DT    7.22076  0.00000  0.00000 0
DT    7.24076  0.00000  0.00000 0
EL    7.26000  0.00000  0.00000 1
XX 9999.00000 999.00000 999.00000 0
