0000    0.00007  0.00006  0.03937  0.00000 -68.37889 247.69553  0.00000  0.00000
0001    0.01893  0.01885  0.03150  0.00000 -68.37889 247.69553  0.00000  0.00000
0002    0.03833  0.01939  0.03150  0.00000 -68.37889 247.69553  0.00000  0.00000
0003    0.05875  0.02041  0.03150  0.00000 -68.37889 247.69553  0.00000  0.00000
0004    0.07830  0.01953  0.03150  0.00000 -68.37889 247.69553  0.00000  0.00000
0005    0.09927  0.02096  0.03150  0.00000 -68.37889 247.69553  0.00000  0.00000
0006    0.11836  0.01908  0.03150  0.00000 -68.37889 247.69553  0.00000  0.00000
0007    0.13864  0.02027  0.03150  0.00000 -68.37889 247.69553  0.00000  0.00000
0008    0.15924  0.02060  0.03150  0.00000 -68.37889 247.69553  0.00000  0.00000
0009    0.17859  0.01934  0.03150  0.00000 -68.37889 247.69553  0.00000  0.00000
0010    0.19814  0.01954  0.03150  0.00000 -68.37889 247.69553  0.00000  0.00000
0011    0.21850  0.02034  0.03150  0.00000 -68.37889 247.69553  0.00000  0.00000
0012    0.23804  0.01953  0.03150  0.00000 -68.37889 247.69553  0.00000  0.00000
0013    0.25953  0.02148  0.02362  0.00787 -68.37889 247.69553  0.00000  0.00000
0014    0.27905  0.01950  0.01575  0.00787 -68.37889 247.69553  0.00000  0.00000
0015    0.29872  0.01966  0.00000  0.00787 -68.37889 247.69553  0.00000  0.00000
0016    0.32048  0.02167 -0.04688  0.00000 -68.37889 247.69553  0.00000  0.00000
0017    0.33977  0.01928 -0.14844 -0.00781 -68.37889 247.69553  0.00000  0.00000
0018    0.35964  0.01986 -0.20313 -0.03125 -68.37889 247.69553  0.00000  0.00000
0019    0.38040  0.02075 -0.29688 -0.06250 -68.32980 247.69553  0.00000  0.00000
0020    0.39953  0.01912 -0.34375 -0.07031 -68.28071 247.69553  5.99989  0.00000
0021    0.42032  0.02079 -0.39844 -0.07813 -68.13345 247.69553  4.92058  0.00000
0022    0.44034  0.02001 -0.39844 -0.07813 -67.98619 247.69553  5.76864  0.00000
0023    0.45932  0.01896 -0.43750 -0.09375 -67.83893 247.64644  6.46047  0.00000
0024    0.47984  0.02051 -0.46094 -0.09375 -67.59349 247.64644  9.45305  0.00000
0025    0.49961  0.01975 -0.46094 -0.09375 -67.34805 247.59735 11.53160 -1.26731
0026    0.51988  0.02026 -0.50000 -0.09375 -67.05353 247.54826 13.87372 -1.68496
0027    0.53909  0.01920 -0.50000 -0.09375 -66.75900 247.45009 15.77803 -2.21576
0028    0.56024  0.02113 -0.52344 -0.08594 -66.31721 247.40100 19.44872 -2.39254
0029    0.58045  0.02021 -0.55469 -0.07813 -65.87542 247.30282 20.68732 -2.65082
0030    0.60079  0.02033 -0.56250 -0.06250 -65.43364 247.25374 23.24428 -2.75395
0031    0.61970  0.01890 -0.57813 -0.04688 -64.94276 247.15556 25.76488 -2.92425
0032    0.64087  0.02115 -0.58594 -0.03125 -64.35371 247.05739 28.12731 -3.71064
0033    0.66047  0.01959 -0.60156 -0.01563 -63.71558 246.95921 30.06136 -4.13421
0034    0.68014  0.01965 -0.60938 -0.00781 -63.12653 246.81195 31.70505 -4.86530
0035    0.70016  0.02002 -0.60938 -0.00781 -62.48839 246.71378 32.25610 -5.40210
0036    0.71974  0.01956 -0.62500  0.00000 -61.85025 246.51743 32.74727 -6.88769
0037    0.74047  0.02073 -0.63281  0.00787 -61.11394 246.32108 34.80223 -8.05722
0038    0.75919  0.01871 -0.63281  0.00787 -60.42671 246.12472 36.31941 -9.65078
0039    0.77996  0.02076 -0.64844  0.01575 -59.64131 245.87929 38.12621 -11.39170
0040    0.79883  0.01886 -0.64844  0.01575 -58.90500 245.58476 38.95648 -13.88380
0041    0.81989  0.02105 -0.65625  0.00787 -58.07051 245.24115 40.23302 -15.47276
0042    0.83874  0.01883 -0.66406  0.00787 -57.28511 244.94662 40.81187 -16.38653
0043    0.85836  0.01962 -0.66406  0.00787 -56.49971 244.60301 41.58918 -17.37688
0044    0.87804  0.01967 -0.66406  0.00787 -55.66523 244.25940 42.17393 -18.21077
0045    0.89887  0.02082 -0.66406  0.00000 -54.78165 243.86670 42.58517 -18.85034
0046    0.91876  0.01987 -0.66406 -0.01563 -53.89808 243.47400 43.06620 -19.51731
0047    0.93874  0.01998 -0.66406 -0.05469 -53.06359 243.03221 43.93600 -21.24595
0048    0.95950  0.02074 -0.66406 -0.12500 -52.08184 242.54134 46.27906 -22.97760
0049    0.97893  0.01942 -0.66406 -0.13281 -51.19826 242.09955 46.02823 -23.70655
0050    0.99883  0.01989 -0.66406 -0.17969 -50.26560 241.55959 47.53869 -25.53502
0051    1.02002  0.02118 -0.66406 -0.18750 -49.28385 241.01963 46.39891 -26.64418
0052    1.03891  0.01888 -0.66406 -0.19531 -48.35119 240.47966 49.11525 -28.28868
0053    1.05977  0.02085 -0.66406 -0.21094 -47.32035 239.89061 50.87183 -29.22388
0054    1.08073  0.02095 -0.66406 -0.21094 -46.24043 239.20339 51.04057 -31.03161
0055    1.09872  0.01799 -0.66406 -0.22656 -45.30776 238.66343 50.57751 -31.80282
0056    1.11923  0.02049 -0.66406 -0.24219 -44.27693 237.97620 51.65447 -32.62116
0057    1.13887  0.01963 -0.66406 -0.25781 -43.24609 237.33806 52.11956 -33.69312
0058    1.15958  0.02062 -0.66406 -0.27344 -42.16616 236.60175 52.55255 -34.79088
0059    1.18020  0.02061 -0.66406 -0.27344 -41.03715 235.86544 54.24003 -35.81212
0060    1.20089  0.02069 -0.66406 -0.28125 -39.90814 235.12913 57.08911 -35.26173
0061    1.21942  0.01852 -0.66406 -0.30469 -38.82821 234.39281 57.88689 -39.74455
0062    1.23991  0.02048 -0.66406 -0.32813 -37.65011 233.60741 58.97140 -40.06718
0063    1.25911  0.01918 -0.66406 -0.34375 -36.52110 232.77293 57.74592 -41.48251
0064    1.27927  0.02015 -0.66406 -0.35938 -35.29391 231.93844 62.42291 -43.73227
0065    1.29963  0.02035 -0.66406 -0.38281 -34.01764 231.05486 62.88110 -43.09645
0066    1.31987  0.02022 -0.66406 -0.38281 -32.74136 230.17129 63.27176 -43.81619
0067    1.34087  0.02099 -0.66406 -0.39844 -31.41600 229.18954 64.41971 -44.82324
0068    1.36089  0.02001 -0.66406 -0.42969 -30.13973 228.30596 64.90051 -45.50342
0069    1.37919  0.01830 -0.66406 -0.45313 -28.91254 227.42239 66.69996 -47.30208
0070    1.40032  0.02112 -0.66406 -0.46094 -27.43991 226.39155 68.35366 -49.23150
0071    1.41919  0.01885 -0.66406 -0.47656 -26.16364 225.45889 70.83896 -49.91002
0072    1.43923  0.02004 -0.66406 -0.48438 -24.74010 224.42805 67.55408 -51.48165
0073    1.45957  0.02032 -0.66406 -0.50781 -23.41474 223.34813 65.79036 -52.82031
0074    1.47992  0.02035 -0.65625 -0.51563 -21.99120 222.26820 70.76186 -53.62263
0075    1.50074  0.02080 -0.63281 -0.54688 -20.51858 221.13919 69.88639 -55.00247
0076    1.52014  0.01939 -0.61719 -0.57813 -19.19321 220.05926 69.29641 -57.14926
0077    1.53994  0.01978 -0.61719 -0.57813 -17.76968 218.88116 71.53527 -60.06755
0078    1.55996  0.02001 -0.56250 -0.62500 -16.34614 217.65398 72.29541 -60.89807
0079    1.57961  0.01964 -0.53125 -0.64844 -14.87351 216.37770 74.52971 -65.30242
0080    1.59960  0.01998 -0.51563 -0.65625 -13.40089 215.05234 73.28790 -68.30421
0081    1.61975  0.02014 -0.50000 -0.66406 -11.92826 213.62880 71.20787 -70.87629
0082    1.63886  0.01909 -0.48438 -0.66406 -10.60290 212.25435 68.87927 -72.83552
0083    1.66007  0.02120 -0.46094 -0.67188 -9.13028 210.68355 71.87832 -73.88745
0084    1.67978  0.01970 -0.44531 -0.67969 -7.75583 209.26001 68.69804 -73.42877
0085    1.69915  0.01936 -0.42188 -0.68750 -6.47955 207.78739 66.00532 -76.65371
0086    1.71906  0.01990 -0.39844 -0.68750 -5.10510 206.21659 67.70083 -78.73526
0087    1.74023  0.02116 -0.34375 -0.70313 -3.73065 204.54761 66.21947 -77.79319
0088    1.76142  0.02118 -0.34375 -0.70313 -2.30711 202.87864 66.99810 -80.52477
0089    1.77979  0.01836 -0.27344 -0.70313 -1.03084 201.40601 67.42372 -82.79919
0090    1.79879  0.01899 -0.25781 -0.70313  0.24544 199.83521 67.58617 -83.05346
0091    1.81867  0.01987 -0.25781 -0.70313  1.57080 198.16624 65.43517 -87.15433
0092    1.84022  0.02154 -0.25000 -0.70313  2.99434 196.30091 66.12892 -86.00827
0093    1.85910  0.01887 -0.24219 -0.70313  4.22153 194.68103 63.97349 -87.84134
0094    1.87889  0.01977 -0.22656 -0.70313  5.39963 192.91388 58.75963 -88.34884
0095    1.89931  0.02041 -0.21094 -0.70313  6.57773 191.14673 57.93813 -86.93900
0096    1.91913  0.01981 -0.15625 -0.70313  7.80491 189.42866 60.53832 -87.82170
0097    1.94036  0.02122 -0.07813 -0.71094  9.08119 187.56334 58.56194 -86.53363
0098    1.95974  0.01936 -0.02344 -0.71094 10.16111 185.84528 55.96664 -87.50546
0099    1.97883  0.01908  0.04724 -0.71094 11.24104 184.17630 55.68317 -86.64743
0100    1.99969  0.02085  0.05512 -0.71094 12.37005 182.36006 53.06068 -87.64060
0101    2.01896  0.01926  0.05512 -0.70313 13.30271 180.64200 49.26930 -88.37588
0102    2.04071  0.02175  0.04724 -0.71094 14.33355 178.77667 45.58985 -86.59851
0103    2.05985  0.01912  0.04724 -0.70313 15.16804 177.05861 46.04032 -89.73375
0104    2.08109  0.02123  0.04724 -0.70313 16.10070 175.19329 43.41529 -88.42842
0105    2.09961  0.01851  0.04724 -0.67969 16.93519 173.47523 42.87080 -92.37305
0106    2.12029  0.02067  0.03150 -0.67188 17.72059 171.56081 38.87718 -91.75491
0107    2.13887  0.01857  0.01575 -0.66406 18.45690 169.89184 40.43768 -92.38522
0108    2.15942  0.02054  0.01575 -0.66406 19.29139 167.97743 38.95200 -90.24516
0109    2.18164  0.02220  0.00000 -0.64063 20.17496 166.01393 42.00216 -89.85859
0110    2.20118  0.01953 -0.06250 -0.60156 21.00945 164.24677 43.06110 -88.63840
0111    2.22068  0.01949 -0.06250 -0.60156 21.84394 162.57780 42.00827 -84.16635
0112    2.24449  0.02381 -0.14063 -0.53906 22.72751 160.66339 35.47028 -80.17820
0113    2.26473  0.02023 -0.18750 -0.49219 23.41474 159.09259 35.17103 -75.66474
0114    2.27898  0.01424 -0.28125 -0.32813 24.05288 158.01266 42.19659 -75.42408
0115    2.29897  0.01997 -0.31250 -0.19531 24.88736 156.54004 42.07578 -70.14655
0116    2.32029  0.02132 -0.31250 -0.19531 25.82003 155.01833 44.51876 -67.89043
0117    2.34020  0.01990 -0.33594  0.00787 26.75269 153.74205 47.96207 -61.93108
0118    2.35979  0.01958 -0.32813  0.00000 27.73444 152.51486 52.04771 -64.13439
0119    2.37802  0.01822 -0.32813  0.00000 28.71619 151.33676 52.50477 -63.48945
0120    2.40201  0.02398 -0.32813  0.00000 29.94338 149.81505 51.92274 -64.32601
0121    2.41954  0.01752 -0.32031  0.00000 30.87604 148.73513 52.70433 -61.92795
0122    2.43910  0.01955 -0.30469  0.00000 31.90688 147.55703 52.10877 -59.08533
0123    2.45909  0.01998 -0.28125  0.00000 32.93771 146.42801 52.24298 -53.54367
0124    2.47980  0.02070 -0.28125  0.00000 34.01764 145.24991 52.30616 -56.52832
0125    2.50018  0.02032 -0.24219 -0.03906 34.01764 145.24991 0.000000  0.000000
9999 9999.00000 9999.00000 999.00000 999.00000 9999.00000 9999.00000 999.00000 999.00000
