DT    0.00005  0.03937 -0.01563 0
DT    0.01963  0.03937 -0.00781 0
DT    0.04022  0.04724 -0.01563 0
DT    0.06086  0.03937 -0.00781 0
DT    0.07967  0.04724 -0.00781 0
DT    0.09941  0.04724 -0.00781 0
DT    0.11887  0.04724 -0.00781 0
DT    0.13878  0.04724 -0.00781 0
DT    0.15933  0.04724 -0.00781 0
DT    0.17916  0.04724 -0.00781 0
DT    0.19900  0.04724 -0.00781 0
DT    0.21930  0.04724 -0.00781 0
DT    0.23888  0.04724 -0.00781 0
DT    0.25882  0.04724 -0.00781 0
DT    0.28013  0.04724 -0.00781 0
DT    0.29952  0.04724 -0.01563 0
DT    0.32015  0.04724 -0.00781 0
DT    0.33931  0.04724 -0.00781 0
DT    0.35883  0.04724 -0.00781 0
DT    0.37974  0.04724 -0.00781 0
DT    0.39931  0.04724 -0.00781 0
DT    0.42021  0.04724  0.00000 0
DT    0.43956  0.04724  0.00000 0
DT    0.45943  0.04724  0.00000 0
DT    0.47905  0.04724  0.00000 0
DT    0.49927  0.04724  0.02362 0
DT    0.52026  0.09449  0.05512 0
DT    0.54082  0.19685  0.13386 0
DT    0.56050  0.25984  0.17323 0
DT    0.58058  0.33858  0.22835 0
DT    0.60079  0.38583  0.25984 0
DT    0.62003  0.40945  0.32283 0
DT    0.64034  0.42520  0.37008 0
DT    0.65967  0.42520  0.40945 0
DT    0.67987  0.43307  0.42520 0
DT    0.70001  0.43307  0.44094 0
DT    0.72033  0.44094  0.44882 0
DT    0.74013  0.44882  0.44882 0
DT    0.75965  0.46457  0.44882 0
DT    0.78008  0.50394  0.44882 0
DT    0.80007  0.53543  0.44882 0
DT    0.81992  0.56693  0.44094 0
DT    0.84043  0.57480  0.44882 0
DT    0.85995  0.58268  0.44882 0
DT    0.87897  0.58268  0.44882 0
DT    0.89880  0.58268  0.44882 0
DT    0.91904  0.58268  0.44882 0
DT    0.93956  0.58268  0.45669 0
DT    0.96035  0.58268  0.46457 0
DT    0.98023  0.58268  0.47244 0
DT    1.00015  0.58268  0.48031 0
DT    1.01988  0.58268  0.48819 0
DT    1.03908  0.58268  0.48819 0
DT    1.06057  0.57480  0.50394 0
DT    1.07963  0.57480  0.50394 0
DT    1.09941  0.57480  0.50394 0
DT    1.11968  0.57480  0.50394 0
DT    1.13980  0.57480  0.50394 0
DT    1.16032  0.57480  0.51969 0
DT    1.18083  0.57480  0.52756 0
DT    1.19952  0.57480  0.54331 0
DT    1.21893  0.57480  0.54331 0
DT    1.23990  0.57480  0.55906 0
DT    1.25903  0.57480  0.55906 0
DT    1.27982  0.57480  0.56693 0
DT    1.29964  0.57480  0.57480 0
DT    1.31963  0.67480  0.68268 0
DT    1.34090  0.65906  0.69055 0
DT    1.36056  0.65118  0.69843 0
DT    1.38035  0.63543  0.70630 0
DT    1.40054  0.61969  0.70630 0
DT    1.41986  0.61969  0.71417 0
DT    1.43887  0.61969  0.71417 0
DT    1.45898  0.61969  0.71417 0
DT    1.47952  0.61181  0.71417 0
DT    1.49924  0.61181  0.71417 0
DT    1.51935  0.61969  0.71417 0
DT    1.53879  0.61969  0.71417 0
DT    1.55932  0.61969  0.71417 0
DT    1.57876  0.61969  0.71417 0
DT    1.59967  0.61969  0.70630 0
DT    1.61936  0.61969  0.70630 0
DT    1.63957  0.63543  0.70630 0
DT    1.65983  0.65118  0.70630 0
DT    1.67943  0.65906  0.70630 0
DT    1.69942  0.66693  0.70630 0
DT    1.71957  0.66693  0.70630 0
DT    1.73947  0.66693  0.71417 0
DT    1.75914  0.66693  0.71417 0
DT    1.78019  0.66693  0.70630 0
DT    1.79922  0.66693  0.70630 0
DT    1.82015  0.66693  0.71417 0
DT    1.83978  0.66693  0.70630 0
DT    1.85929  0.66693  0.70630 0
DT    1.87938  0.66693  0.70630 0
DT    1.89875  0.66693  0.70630 0
DT    1.91877  0.66693  0.70630 0
DT    1.93895  0.66693  0.70630 0
DT    1.95893  0.66693  0.70630 0
DT    1.97925  0.66693  0.70630 0
DT    1.99949  0.66693  0.69843 0
DT    2.01937  0.67480  0.69843 0
DT    2.03948  0.67480  0.69055 0
DT    2.05945  0.68268  0.69055 0
DT    2.08054  0.69055  0.69843 0
DT    2.09985  0.69055  0.69055 0
DT    2.12045  0.69843  0.68268 0
DT    2.13910  0.69843  0.68268 0
DT    2.15948  0.70630  0.68268 0
DT    2.17884  0.70630  0.68268 0
DT    2.19968  0.70630  0.67480 0
DT    2.21988  0.61417  0.56693 0
DT    2.23914  0.61417  0.56693 0
DT    2.25944  0.61417  0.55906 0
DT    2.27930  0.61417  0.55118 0
DT    2.30070  0.60630  0.54331 0
DT    2.31927  0.60630  0.54331 0
DT    2.33892  0.60630  0.54331 0
DT    2.35896  0.60630  0.54331 0
DT    2.37884  0.60630  0.54331 0
DT    2.39918  0.60630  0.54331 0
DT    2.41952  0.59843  0.54331 0
DT    2.43893  0.59843  0.54331 0
DT    2.45923  0.59843  0.54331 0
DT    2.47962  0.59843  0.55118 0
DT    2.49971  0.59055  0.55118 0
DT    2.52014  0.59055  0.56693 0
DT    2.53962  0.59055  0.56693 0
DT    2.56101  0.58268  0.58268 0
DT    2.58003  0.57480  0.58268 0
DT    2.60037  0.55906  0.59843 0
DT    2.62033  0.55118  0.60630 0
DT    2.63991  0.51969  0.61417 0
DT    2.65958  0.48819  0.61417 0
DT    2.67980  0.46457  0.62205 0
DT    2.69996  0.44882  0.62992 0
DT    2.72074  0.42520  0.62205 0
DT    2.73932  0.39370  0.62205 0
DT    2.75877  0.39370  0.62205 0
DT    2.77997  0.36220  0.62205 0
DT    2.80042  0.33858  0.62992 0
DT    2.81887  0.33858  0.62992 0
DT    2.83952  0.30709  0.62992 0
DT    2.85925  0.29134  0.62992 0
DT    2.87984  0.25984  0.62992 0
DT    2.89933  0.25197  0.62992 0
DT    2.91937  0.23622  0.62992 0
DT    2.93958  0.21260  0.62992 0
DT    2.95995  0.17323  0.63780 0
DT    2.98019  0.14961  0.64567 0
DT    3.00005  0.11811  0.65354 0
DT    3.02043  0.07087  0.66929 0
DT    3.04068  0.06299  0.68504 0
DT    3.05952  0.06299  0.72441 0
DT    3.07888  0.06299  0.72441 0
DT    3.09966  0.04724  0.72441 0
DT    3.11925  0.05512  0.72441 0
DT    3.14012  0.03937  0.71654 0
DT    3.16012  0.01575  0.72441 0
DT    3.18008  0.00000  0.71654 0
DT    3.19999 -0.00781  0.71654 0
DT    3.22042 -0.04688  0.70866 0
DT    3.23973 -0.07813  0.70866 0
DT    3.26007 -0.12500  0.70866 0
DT    3.28074 -0.15625  0.70079 0
DT    3.30087 -0.19531  0.69291 0
DT    3.31949 -0.24219  0.69291 0
DT    3.34000 -0.25000  0.68504 0
DT    3.36016 -0.25781  0.66929 0
DT    3.38005 -0.25000  0.66142 0
DT    3.40043 -0.20313  0.65354 0
DT    3.41987 -0.13281  0.64567 0
DT    3.43999  0.02362  0.63780 0
DT    3.46017  0.04724  0.64567 0
DT    3.47959  0.04724  0.64567 0
DT    3.49997  0.03150  0.64567 0
DT    3.51975  0.03937  0.64567 0
DT    3.53905  0.03937  0.64567 0
DT    3.56062  0.04724  0.65354 0
DT    3.57881  0.04724  0.65354 0
DT    3.59927  0.04724  0.66142 0
DT    3.61958  0.03937  0.66142 0
DT    3.63999  0.04724  0.65354 0
DT    3.65881  0.04724  0.65354 0
DT    3.67937  0.05512  0.65354 0
DT    3.69934  0.05512  0.64567 0
DT    3.72041  0.10236  0.62992 0
DT    3.74010  0.16535  0.55906 0
DT    3.76091  0.28346  0.51969 0
DT    3.78072  0.38583  0.51181 0
DT    3.79968  0.44882  0.51181 0
DT    3.82039  0.64567  0.51969 0
DT    3.84016  0.76378  0.51181 0
DT    3.85992  0.77165  0.50394 0
DT    3.87956  0.77165  0.48031 0
DT    3.89964  0.77165  0.47244 0
DT    3.91945  0.77165  0.44882 0
DT    3.93992  0.77165  0.44094 0
DT    3.95958  0.76378  0.44094 0
DT    3.98586  0.74803  0.44882 0
DT    4.00086  0.70866  0.45669 0
DT    4.02104  0.69291  0.46457 0
DT    4.04066  0.66929  0.50394 0
DT    4.06025  0.65354  0.55906 0
DT    4.07987  0.64567  0.59843 0
DT    4.09963  0.64567  0.60630 0
DT    4.11989  0.64567  0.61417 0
DT    4.13922  0.64567  0.62205 0
DT    4.15883  0.64567  0.62205 0
DT    4.17944  0.62992  0.62205 0
DT    4.20045  0.60630  0.62992 0
DT    4.21925  0.60630  0.62992 0
DT    4.23978  0.57480  0.62992 0
DT    4.25977  0.54331  0.62992 0
DT    4.28094  0.50394  0.63780 0
DT    4.29880  0.50394  0.63780 0
DT    4.31977  0.45669  0.64567 0
DT    4.34002  0.42520  0.65354 0
DT    4.35931  0.37008  0.65354 0
DT    4.37982  0.30709  0.65354 0
DT    4.40036  0.18898  0.66142 0
DT    4.41931  0.10236  0.66142 0
DT    4.43995  0.06299  0.66142 0
DT    4.45908  0.06299  0.66142 0
DT    4.47974  0.05512  0.66142 0
DT    4.49939  0.06299  0.66142 0
DT    4.51934  0.06299  0.65354 0
DT    4.53973  0.07874  0.65354 0
DT    4.55931  0.11024  0.65354 0
DT    4.57943  0.14961  0.65354 0
DT    4.60019  0.18110  0.65354 0
DT    4.61930  0.28346  0.65354 0
DT    4.63965  0.36220  0.65354 0
DT    4.65989  0.45669  0.65354 0
DT    4.68035  0.51181  0.64567 0
DT    4.70083  0.55118  0.64567 0
DT    4.72003  0.55118  0.65354 0
DT    4.74076  0.54331  0.64567 0
DT    4.76058  0.55118  0.64567 0
DT    4.77929  0.55118  0.63780 0
DT    4.79932  0.55118  0.61417 0
DT    4.82002  0.55906  0.59843 0
DT    4.83983  0.56693  0.57480 0
DT    4.86053  0.57480  0.55906 0
DT    4.87975  0.59055  0.53543 0
DT    4.89996  0.59843  0.51181 0
DT    4.92065  0.61417  0.48031 0
DT    4.94025  0.62205  0.46457 0
DT    4.96052  0.62992  0.44882 0
DT    4.98034  0.63780  0.44094 0
DT    4.99995  0.65354  0.41732 0
DT    5.02015  0.67717  0.38583 0
DT    5.03982  0.69291  0.36220 0
DT    5.05972  0.70079  0.33071 0
DT    5.07990  0.70079  0.32283 0
DT    5.09958  0.70079  0.31496 0
DT    5.11879  0.70079  0.31496 0
DT    5.13886  0.70079  0.31496 0
DT    5.15918  0.70079  0.31496 0
DT    5.17982  0.70079  0.32283 0
DT    5.20001  0.70079  0.33071 0
DT    5.21926  0.70079  0.34646 0
DT    5.23936  0.70079  0.35433 0
DT    5.25938  0.70079  0.37008 0
DT    5.27885  0.70079  0.37008 0
DT    5.29919  0.70079  0.37008 0
DT    5.31951  0.70079  0.37795 0
DT    5.33940  0.70079  0.37795 0
DT    5.35984  0.70079  0.38583 0
CS    5.37828  1.00000 -1.00000 1
DT    5.38017  0.70079  0.40157 0
DT    5.40037  0.70079  0.40945 0
DT    5.41957  0.70079  0.42520 0
DT    5.43924  0.70079  0.42520 0
DT    5.46037  0.70079  0.43307 0
DT    5.47939  0.70079  0.44094 0
DT    5.50155  0.68504  0.44882 0
DT    5.51989  0.65354  0.45669 0
DT    5.54007  0.63780  0.46457 0
DT    5.56036  0.61417  0.47244 0
DT    5.57946  0.61417  0.48031 0
DT    5.59942  0.61417  0.48819 0
DT    5.61963  0.61417  0.50394 0
DT    5.63976  0.61417  0.51181 0
DT    5.66050  0.61417  0.51969 0
DT    5.67989  0.61417  0.53543 0
DT    5.69935  0.61417  0.55118 0
CS    5.71829  0.00000  0.00000 0
DT    5.72040  0.61417  0.57480 0
DT    5.73959  0.61417  0.58268 0
DT    5.75928  0.61417  0.59843 0
DT    5.77963  0.61417  0.62205 0
DT    5.79943  0.61417  0.62992 0
DT    5.81970  0.61417  0.63780 0
DT    5.83888  0.61417  0.63780 0
DT    5.86013  0.60630  0.64567 0
DT    5.88003  0.60630  0.64567 0
DT    5.90040  0.59843  0.65354 0
DT    5.91961  0.56693  0.65354 0
DT    5.93955  0.54331  0.65354 0
DT    5.96000  0.47244  0.66929 0
DT    5.98044  0.41732  0.67717 0
DT    5.99966  0.39370  0.67717 0
DT    6.02031  0.37795  0.68504 0
DT    6.04029  0.37008  0.69291 0
DT    6.06035  0.36220  0.70866 0
DT    6.08035  0.35433  0.70866 0
DT    6.10067  0.33858  0.71654 0
DT    6.12018  0.32283  0.71654 0
DT    6.14043  0.25197  0.71654 0
DT    6.16058  0.18110  0.72441 0
DT    6.17994  0.07874  0.70866 0
DT    6.20073  0.05512  0.70079 0
DT    6.22000  0.04724  0.63780 0
DT    6.24049  0.02362  0.48819 0
DT    6.26002  0.00000  0.40945 0
DT    6.28013 -0.11719  0.27559 0
DT    6.30082 -0.22656  0.22835 0
DT    6.32022 -0.38281  0.12598 0
DT    6.34001 -0.46094  0.09449 0
DT    6.35960 -0.53125  0.09449 0
DT    6.37996 -0.53906  0.08661 0
DT    6.40051 -0.53125  0.07087 0
DT    6.41956 -0.53125  0.06299 0
DT    6.43948 -0.53125  0.05512 0
DT    6.46052 -0.53906  0.04724 0
DT    6.48001 -0.53125  0.03937 0
DT    6.49870 -0.53125  0.03937 0
DT    6.51942 -0.53125  0.03150 0
DT    6.53889 -0.53125  0.03150 0
DT    6.55925 -0.53125  0.03150 0
DT    6.57948 -0.53125  0.03150 0
DT    6.59988 -0.53125  0.02362 0
DT    6.62021 -0.53125  0.01575 0
DT    6.63942 -0.53906  0.01575 0
DT    6.65936 -0.53906  0.02362 0
DT    6.67964 -0.54688  0.02362 0
DT    6.69911 -0.54688  0.02362 0
DT    6.71953 -0.54688  0.05512 0
DT    6.73937 -0.54688  0.09449 0
DT    6.76003 -0.52344  0.14961 0
DT    6.78138 -0.48438  0.18898 0
DT    6.80110 -0.38281  0.25197 0
EL    6.80110  0.14969  0.00000 0
DT    6.82100 -0.26563  0.29921 0
EL    6.82100  0.31375  0.00000 0
DT    6.84118 -0.04688  0.36220 0
EL    6.84119  0.62625  0.00000 0
DT    6.86085  0.07087  0.44094 0
EL    6.86086  0.85281  0.00000 0
DT    6.88103  0.07087  0.46457 0
EL    6.88103  0.93094  0.00000 0
DT    6.89990  0.03937  0.46457 0
EL    6.89991  0.97000  0.00000 0
DT    6.91952  0.03150  0.46457 0
EL    6.91953  0.97000  0.00000 0
DT    6.94054  0.05512  0.44882 0
EL    6.94054  0.97000  0.00000 0
DT    6.95994  0.06299  0.41732 0
EL    6.95994  0.97000  0.00000 0
DT    6.97983  0.05512  0.35433 0
EL    6.97983  0.97000  0.00000 0
DT    7.00015  0.04724  0.31496 0
EL    7.00015  0.97000  0.00000 0
DT    7.01993  0.03150  0.25984 0
EL    7.01993  0.97000  0.00000 0
DT    7.04035  0.03150  0.22835 0
EL    7.04036  0.97000  0.00000 0
DT    7.06022  0.03937  0.18898 0
EL    7.06022  0.97000  0.00000 0
DT    7.07978  0.03937  0.18110 0
EL    7.07978  0.97000  0.00000 0
DT    7.10072  0.04724  0.14173 0
EL    7.10072  0.97000  0.00000 0
DT    7.11976  0.04724  0.07874 0
EL    7.11977  0.97000  0.00000 0
DT    7.13984  0.04724  0.01575 0
EL    7.13984  0.97000  0.00000 0
DT    7.15967  0.04724  0.00000 0
EL    7.15968  0.97000  0.00000 0
DT    7.17954  0.04724  0.00787 0
EL    7.17955  0.97000  0.00000 0
DT    7.19939  0.04724  0.00787 0
EL    7.19939  0.97000  0.00000 0
DT    7.21900  0.04724  0.00787 0
EL    7.21900  0.97000  0.00000 0
DT    7.23942  0.03937  0.00787 0
EL    7.23942  0.97000  0.00000 0
DT    7.26009  0.03150  0.00787 0
EL    7.26010  0.97000  0.00000 0
DT    7.27961  0.00787  0.00787 0
EL    7.27962  0.97000  0.00000 0
DT    7.30044 -0.03906  0.00000 0
EL    7.30045  0.97000  0.00000 0
DT    7.32035 -0.10156  0.00787 0
EL    7.32036  0.97000  0.00000 0
DT    7.33976 -0.18750  0.00787 0
EL    7.33977  0.97000  0.00000 0
DT    7.35970 -0.23438  0.00787 0
EL    7.35970  0.97000  0.00000 0
DT    7.38045 -0.28125 -0.01563 0
EL    7.38045  0.97000  0.00000 0
DT    7.40046 -0.28906 -0.07813 0
EL    7.40046  0.97000  0.00000 0
DT    7.42016 -0.32031 -0.14063 0
EL    7.42017  0.97000  0.00000 0
DT    7.44012 -0.33594 -0.21875 0
EL    7.44012  0.97000  0.00000 0
DT    7.45939 -0.33594 -0.21875 0
EL    7.45940  0.97000  0.00000 0
DT    7.48080 -0.36719 -0.26563 0
EL    7.48080  0.97000  0.00000 0
DT    7.50143 -0.39844 -0.27344 0
EL    7.50144  0.97000  0.00000 0
DT    7.52079 -0.42188 -0.27344 0
EL    7.52080  0.88406  0.00000 0
DT    7.54134 -0.43750 -0.27344 0
EL    7.54134  0.62625  0.00000 0
DT    7.56095 -0.46094 -0.27344 0
EL    7.56095  0.37625  0.00000 0
DT    7.58078 -0.46875 -0.27344 0
EL    7.58078  0.08719  0.00000 0
FB    7.59836  0.00000  0.00000 1
DT    7.60081 -0.48438 -0.27344 0
EL    7.60081  0.00000  0.00000 0
DT    7.61926 -0.49219 -0.27344 0
DT    7.64075 -0.51563 -0.28125 0
DT    7.66052 -0.53125 -0.28906 0
DT    7.68087 -0.53906 -0.29688 0
DT    7.70062 -0.55469 -0.32031 0
DT    7.71984 -0.56250 -0.32031 0
DT    7.74069 -0.57031 -0.34375 0
DT    7.76024 -0.57813 -0.35156 0
DT    7.78017 -0.59375 -0.35938 0
DT    7.80007 -0.60156 -0.35938 0
DT    7.81936 -0.60938 -0.35938 0
DT    7.83958 -0.60938 -0.33594 0
DT    7.85961 -0.60938 -0.32813 0
DT    7.87903 -0.60938 -0.32813 0
DT    7.90044 -0.60938 -0.32031 0
DT    7.91949 -0.60938 -0.32031 0
DT    7.93888 -0.60938 -0.32031 0
DT    7.95956 -0.60938 -0.32031 0
DT    7.97982 -0.58594 -0.32031 0
DT    7.99995 -0.57031 -0.32031 0
DT    8.02023 -0.53125 -0.32813 0
DT    8.03955 -0.48438 -0.32813 0
DT    8.06084 -0.43750 -0.34375 0
DT    8.08041 -0.35938 -0.36719 0
DT    8.10065 -0.32031 -0.38281 0
DT    8.12129 -0.26563 -0.39844 0
DT    8.13989 -0.22656 -0.39844 0
DT    8.16137 -0.14063 -0.41406 0
DT    8.18057 -0.10156 -0.41406 0
DT    8.20012 -0.02344 -0.41406 0
DT    8.21996  0.02362 -0.41406 0
DT    8.23969  0.04724 -0.41406 0
DT    8.25911  0.04724 -0.41406 0
DT    8.28002  0.03937 -0.41406 0
DT    8.29965  0.03937 -0.42188 0
DT    8.31903  0.03937 -0.42188 0
DT    8.33936  0.03937 -0.42188 0
DT    8.36014  0.03937 -0.42969 0
DT    8.38033  0.03937 -0.42188 0
DT    8.39951  0.03937 -0.42188 0
CA    8.41721  0.00000  0.00000 1
DT    8.41977  0.03937 -0.42188 0
DT    8.43998  0.03937 -0.41406 0
DT    8.45975  0.03937 -0.39844 0
DT    8.47945  0.03937 -0.32813 0
DT    8.49996  0.03937 -0.21875 0
DT    8.51959  0.03937 -0.07031 0
DT    8.53964  0.03937  0.02362 0
DT    8.55958  0.03937  0.02362 0
DT    8.57989  0.03937  0.00787 0
DT    8.60051  0.03937  0.01575 0
DT    8.61873  0.03937  0.01575 0
DT    8.63969  0.03937  0.00787 0
DT    8.65963  0.03937  0.00787 0
DT    8.67972  0.04724  0.00787 0
DT    8.70059  0.06299  0.01575 0
DT    8.71959  0.05512  0.01575 0
DT    8.73909  0.05512  0.01575 0
DT    8.76049  0.06299  0.01575 0
DT    8.78028  0.08661  0.01575 0
DT    8.80066  0.14173  0.01575 0
DT    8.82113  0.17323  0.03937 0
DT    8.84117  0.27559  0.11024 0
DT    8.86133  0.35433  0.16535 0
DT    8.88096  0.42520  0.26772 0
DT    8.90017  0.44882  0.37795 0
DT    8.92084  0.45669  0.46457 0
DT    8.93964  0.45669  0.50394 0
DT    8.95979  0.45669  0.51969 0
DT    8.97936  0.45669  0.51969 0
DT    8.99977  0.45669  0.52756 0
DT    9.01921  0.45669  0.52756 0
DT    9.03905  0.45669  0.52756 0
DT    9.05940  0.45669  0.52756 0
DT    9.07902  0.45669  0.52756 0
DT    9.09889  0.45669  0.52756 0
DT    9.11905  0.45669  0.52756 0
DT    9.13934  0.45669  0.52756 0
DT    9.15988  0.45669  0.53543 0
DT    9.17951  0.45669  0.55118 0
DT    9.19965  0.45669  0.55906 0
DT    9.21957  0.45669  0.56693 0
DT    9.24234  0.45669  0.56693 0
DT    9.26039  0.45669  0.57480 0
DT    9.27974  0.45669  0.58268 0
DT    9.29998  0.45669  0.58268 0
DT    9.31903  0.45669  0.58268 0
DT    9.33905  0.45669  0.58268 0
DT    9.36043  0.41732  0.57480 0
DT    9.37934  0.38583  0.57480 0
DT    9.39963  0.26772  0.57480 0
CA    9.41798  0.00000  0.00000 0
DT    9.42018  0.14961  0.57480 0
DT    9.43984  0.05512  0.57480 0
DT    9.46063  0.04724  0.57480 0
DT    9.48019  0.05512  0.57480 0
DT    9.50027  0.06299  0.57480 0
DT    9.52048  0.05512  0.57480 0
DT    9.54069  0.04724  0.55906 0
DT    9.56171  0.03937  0.51969 0
EL    9.56172 -0.06150  0.00000 0
DT    9.57979  0.03937  0.42520 0
EL    9.57980 -0.25835  0.00000 0
DT    9.59976  0.03937  0.35433 0
EL    9.59977 -0.45520  0.00000 0
DT    9.62031  0.03937  0.24409 0
EL    9.62031 -0.77016  0.00000 0
DT    9.64030  0.04724  0.20472 0
EL    9.64030 -0.95126  0.00000 0
DT    9.66078  0.05512  0.22047 0
EL    9.66078 -1.03000  0.00000 0
FB    9.67798  0.00000  0.00000 0
DT    9.68002  0.05512  0.27559 0
EL    9.68002 -1.03000  0.00000 0
DT    9.69919  0.05512  0.35433 0
EL    9.69920 -1.03000  0.00000 0
DT    9.72037  0.05512  0.45669 0
EL    9.72038 -1.03000  0.00000 0
DT    9.73965  0.05512  0.48031 0
EL    9.73966 -1.03000  0.00000 0
DT    9.76013  0.05512  0.56693 0
EL    9.76013 -1.03000  0.00000 0
DT    9.78055  0.05512  0.60630 0
EL    9.78055 -1.03000  0.00000 0
DT    9.79940  0.05512  0.62992 0
EL    9.79941 -1.03000  0.00000 0
DT    9.81909  0.05512  0.62992 0
EL    9.81910 -1.03000  0.00000 0
DT    9.83896  0.05512  0.62992 0
EL    9.83896 -1.03000  0.00000 0
DT    9.85873  0.05512  0.62992 0
EL    9.85874 -1.03000  0.00000 0
DT    9.87971  0.05512  0.62205 0
EL    9.87971 -1.03000  0.00000 0
DT    9.89948  0.06299  0.62205 0
EL    9.89948 -1.03000  0.00000 0
DT    9.91935  0.06299  0.61417 0
EL    9.91936 -1.03000  0.00000 0
DT    9.94030  0.05512  0.60630 0
EL    9.94030 -1.03000  0.00000 0
DT    9.96030  0.06299  0.59843 0
EL    9.96030 -1.03000  0.00000 0
DT    9.97972  0.07087  0.59843 0
EL    9.97972 -1.03000  0.00000 0
DT    9.99970  0.07874  0.59843 0
EL    9.99971 -1.03000  0.00000 0
DT   10.01948  0.11024  0.59843 0
EL   10.01949 -1.03000  0.00000 0
DT   10.04026  0.14961  0.59843 0
EL   10.04026 -1.03000  0.00000 0
DT   10.06228  0.14961  0.59843 0
EL   10.06228 -1.03000  0.00000 0
DT   10.07981  0.24409  0.60630 0
EL   10.07982 -1.03000  0.00000 0
DT   10.09991  0.30709  0.60630 0
EL   10.09992 -1.03000  0.00000 0
DT   10.11969  0.33071  0.61417 0
EL   10.11970 -1.03000  0.00000 0
DT   10.13971  0.33071  0.62205 0
EL   10.13971 -1.03000  0.00000 0
DT   10.16008  0.33071  0.64567 0
EL   10.16008 -1.03000  0.00000 0
DT   10.17917  0.33071  0.64567 0
EL   10.17917 -1.03000  0.00000 0
DT   10.20025  0.33071  0.65354 0
EL   10.20025 -1.03000  0.00000 0
DT   10.21925  0.33071  0.65354 0
EL   10.21926 -1.03000  0.00000 0
DT   10.23934  0.33071  0.65354 0
EL   10.23934 -1.03000  0.00000 0
DT   10.26060  0.33071  0.65354 0
EL   10.26060 -1.03000  0.00000 0
DT   10.27924  0.33071  0.65354 0
EL   10.27925 -0.78591  0.00000 0
DT   10.29969  0.33071  0.64567 0
EL   10.29970 -0.40008  0.00000 0
DT   10.31978  0.33858  0.64567 0
EL   10.31979 -0.16386  0.00000 0
DT   10.33986  0.33858  0.63780 0
EL   10.33986  0.00000  0.00000 0
DT   10.35965  0.33858  0.61417 0
DT   10.38012  0.36220  0.59843 0
DT   10.39991  0.40157  0.57480 0
DT   10.42053  0.42520  0.55118 0
DT   10.44020  0.44094  0.50394 0
DT   10.45990  0.44094  0.48031 0
DT   10.48019  0.44094  0.45669 0
DT   10.49981  0.44094  0.44882 0
DT   10.51908  0.44094  0.44882 0
DT   10.53904  0.44094  0.44882 0
DT   10.55878  0.44094  0.44882 0
DT   10.57989  0.44094  0.45669 0
DT   10.59982  0.42520  0.44882 0
DT   10.61993  0.40157  0.45669 0
DT   10.64006  0.33071  0.44882 0
DT   10.65993  0.22835  0.43307 0
DT   10.68025  0.08661  0.38583 0
DT   10.70009  0.04724  0.32283 0
DT   10.72036  0.06299  0.21260 0
DT   10.74002  0.06299  0.12598 0
DT   10.76066  0.04724  0.01575 0
DT   10.77898  0.04724  0.01575 0
DT   10.80038  0.03150  0.02362 0
DT   10.81890  0.03150  0.02362 0
DT   10.84032  0.03937  0.01575 0
DT   10.85929  0.03937  0.02362 0
DT   10.87956  0.03937  0.03150 0
DT   10.89967  0.03937  0.03150 0
DT   10.91987  0.03937  0.02362 0
DT   10.93931  0.03937  0.02362 0
DT   10.95959  0.03937  0.02362 0
DT   10.97940  0.03937  0.02362 0
DT   10.99927  0.03937  0.02362 0
DT   11.01878  0.03937  0.02362 0
DT   11.03871  0.03937  0.02362 0
DT   11.05907  0.03937  0.02362 0
DT   11.07879  0.03937  0.02362 0
DT   11.09943  0.03937  0.03150 0
DT   11.11880  0.03937  0.03150 0
DT   11.13934  0.03937  0.02362 0
DT   11.15972  0.03937  0.02362 0
DT   11.17885  0.03937  0.02362 0
DT   11.19916  0.03937  0.02362 0
DT   11.22005  0.03937  0.01575 0
DT   11.23943  0.03150  0.01575 0
DT   11.26080  0.03937  0.02362 0
DT   11.27952  0.03150  0.02362 0
DT   11.29943  0.03150  0.01575 0
DT   11.31959  0.03150  0.02362 0
DT   11.33876  0.03150  0.02362 0
DT   11.35887  0.03150  0.02362 0
DT   11.37954  0.03150  0.01575 0
DT   11.39950  0.03937  0.01575 0
DT   11.42043  0.03150  0.02362 0
DT   11.43904  0.03150  0.02362 0
DT   11.45897  0.03150  0.02362 0
DT   11.47933  0.03150  0.02362 0
DT   11.49881  0.03150  0.02362 0
DT   11.51878  0.03150  0.02362 0
DT   11.53918  0.03150  0.02362 0
DT   11.55897  0.03150  0.02362 0
DT   11.57921  0.03150  0.02362 0
DT   11.59912  0.03150  0.02362 0
DT   11.61915  0.03150  0.02362 0
DT   11.63987  0.03150  0.02362 0
DT   11.65953  0.03150  0.02362 0
DT   11.67949  0.03150  0.02362 0
EL   11.67949 -0.11661  0.00000 0
DT   11.70054  0.03150  0.01575 0
EL   11.70054 -0.36071  0.00000 0
DT   11.71916  0.03150  0.01575 0
EL   11.71917 -0.58118  0.00000 0
DT   11.74018  0.03937  0.01575 0
EL   11.74018 -0.81740  0.00000 0
EL   12.00655  0.00000  0.00000 1
XX 9999.00000 999.00000 999.00000 0
