DT    0.00005  0.04724  0.03150 0
DT    0.01982  0.04724  0.03150 0
DT    0.04092  0.04724  0.03937 0
DT    0.06012  0.04724  0.03937 0
DT    0.07996  0.04724  0.03937 0
DT    0.10007  0.04724  0.03937 0
DT    0.11986  0.04724  0.03937 0
DT    0.14019  0.04724  0.03937 0
DT    0.16042  0.04724  0.03937 0
DT    0.18045  0.04724  0.03937 0
DT    0.20266  0.04724  0.03937 0
DT    0.21999  0.04724  0.03937 0
DT    0.24023  0.04724  0.03937 0
DT    0.26201  0.04724  0.03937 0
DT    0.27986  0.04724  0.03937 0
DT    0.29998  0.04724  0.03937 0
DT    0.32191  0.05512  0.05512 0
DT    0.34189  0.07874  0.07087 0
DT    0.36266  0.14961  0.11811 0
DT    0.38242  0.24409  0.18110 0
DT    0.40222  0.31496  0.22047 0
DT    0.42273  0.42520  0.29134 0
DT    0.44133  0.48031  0.33858 0
DT    0.46137  0.55906  0.41732 0
DT    0.48122  0.56693  0.48031 0
DT    0.50077  0.56693  0.50394 0
DT    0.52074  0.56693  0.52756 0
DT    0.54129  0.56693  0.53543 0
DT    0.56080  0.56693  0.55118 0
DT    0.58222  0.57480  0.56693 0
DT    0.60106  0.57480  0.59843 0
DT    0.62097  0.57480  0.61417 0
DT    0.64170  0.58268  0.62992 0
DT    0.66116  0.59055  0.63780 0
DT    0.68105  0.59055  0.64567 0
DT    0.70092  0.59055  0.65354 0
DT    0.72068  0.59055  0.66142 0
DT    0.74017  0.59055  0.66142 0
DT    0.76160  0.59055  0.66142 0
DT    0.78099  0.59055  0.67717 0
DT    0.80124  0.59055  0.68504 0
DT    0.82056  0.59055  0.68504 0
DT    0.84053  0.59055  0.68504 0
DT    0.86031  0.59055  0.68504 0
DT    0.88017  0.59055  0.68504 0
DT    0.90072  0.59055  0.68504 0
DT    0.92083  0.59843  0.68504 0
DT    0.94048  0.60630  0.68504 0
DT    0.95996  0.60630  0.68504 0
DT    0.98095  0.61417  0.68504 0
DT    1.00076  0.61417  0.68504 0
DT    1.02152  0.62205  0.68504 0
DT    1.04138  0.62992  0.68504 0
DT    1.06145  0.63780  0.68504 0
DT    1.08112  0.64567  0.68504 0
DT    1.10011  0.64567  0.68504 0
DT    1.12059  0.65354  0.68504 0
DT    1.14058  0.66929  0.68504 0
DT    1.16087  0.68504  0.68504 0
DT    1.18003  0.68504  0.68504 0
DT    1.20049  0.69291  0.68504 0
DT    1.22066  0.69291  0.68504 0
DT    1.24005  0.69291  0.68504 0
DT    1.25990  0.69291  0.68504 0
DT    1.28007  0.69291  0.68504 0
DT    1.29998  0.69291  0.68504 0
DT    1.32030  0.69291  0.68504 0
DT    1.34032  0.69291  0.68504 0
DT    1.36002  0.69291  0.68504 0
DT    1.38022  0.69291  0.68504 0
DT    1.40240  0.69291  0.68504 0
DT    1.42052  0.69291  0.68504 0
DT    1.44092  0.70079  0.68504 0
DT    1.46091  0.70866  0.68504 0
DT    1.48115  0.71654  0.68504 0
DT    1.50057  0.72441  0.68504 0
DT    1.52055  0.73228  0.68504 0
DT    1.54055  0.74016  0.68504 0
DT    1.55981  0.74016  0.68504 0
DT    1.58019  0.74016  0.68504 0
DT    1.59995  0.74016  0.68504 0
DT    1.62172  0.74803  0.67717 0
DT    1.64071  0.74803  0.67717 0
DT    1.66109  0.74803  0.68504 0
DT    1.68084  0.74803  0.68504 0
DT    1.70152  0.75591  0.67717 0
DT    1.71988  0.75591  0.67717 0
DT    1.74083  0.76378  0.67717 0
DT    1.75981  0.76378  0.67717 0
DT    1.78112  0.77165  0.66142 0
DT    1.80144  0.77953  0.65354 0
DT    1.81990  0.77953  0.65354 0
DT    1.84132  0.78740  0.61417 0
DT    1.86133  0.79528  0.59055 0
DT    1.88135  0.80315  0.51969 0
DT    1.90194  0.81890  0.46457 0
DT    1.92099  0.85039  0.40945 0
DT    1.94093  0.91339  0.35433 0
DT    1.96105  0.93701  0.33071 0
DT    1.98107  0.96063  0.29134 0
DT    2.00083  0.96063  0.24409 0
DT    2.02103  0.96850  0.16535 0
DT    2.04117  0.96063  0.08661 0
DT    2.06143  0.96063  0.01575 0
DT    2.08143  0.96850  0.02362 0
DT    2.10185  0.96063  0.00787 0
DT    2.12044  0.96063 -0.04688 0
DT    2.14057  0.96063 -0.10156 0
DT    2.16175  0.93701 -0.13281 0
DT    2.18109  0.86614 -0.19531 0
DT    2.20089  0.79528 -0.24219 0
DT    2.22153  0.76378 -0.25000 0
DT    2.24159  0.70079 -0.28906 0
DT    2.26137  0.62205 -0.30469 0
DT    2.28161  0.58268 -0.31250 0
DT    2.30117  0.46457 -0.32813 0
DT    2.32176  0.37008 -0.35156 0
DT    2.34173  0.32283 -0.36719 0
DT    2.36142  0.22835 -0.37500 0
DT    2.38083  0.16535 -0.37500 0
DT    2.40078  0.06299 -0.37500 0
DT    2.42178  0.05512 -0.36719 0
DT    2.44136  0.05512 -0.35938 0
DT    2.46158  0.02362 -0.34375 0
DT    2.48248 -0.01563 -0.31250 0
DT    2.50129 -0.11719 -0.30469 0
DT    2.52151 -0.16406 -0.28906 0
DT    2.54083 -0.21094 -0.28906 0
DT    2.56029 -0.24219 -0.28906 0
DT    2.58033 -0.26563 -0.28906 0
DT    2.60048 -0.27344 -0.28906 0
DT    2.62120 -0.28906 -0.29688 0
DT    2.64086 -0.30469 -0.29688 0
DT    2.66049 -0.32031 -0.29688 0
DT    2.68090 -0.32813 -0.30469 0
DT    2.70137 -0.33594 -0.30469 0
DT    2.72087 -0.33594 -0.31250 0
DT    2.74129 -0.35156 -0.31250 0
DT    2.76044 -0.36719 -0.31250 0
DT    2.78079 -0.38281 -0.31250 0
DT    2.80166 -0.40625 -0.29688 0
DT    2.82107 -0.42969 -0.28125 0
DT    2.84119 -0.46875 -0.25781 0
DT    2.86128 -0.48438 -0.24219 0
DT    2.88051 -0.51563 -0.24219 0
DT    2.89987 -0.51563 -0.24219 0
DT    2.92007 -0.51563 -0.24219 0
DT    2.94065 -0.51563 -0.24219 0
DT    2.96090 -0.50781 -0.24219 0
DT    2.98176 -0.48438 -0.25000 0
DT    3.00125 -0.42969 -0.26563 0
DT    3.02123 -0.40625 -0.27344 0
DT    3.04099 -0.35156 -0.29688 0
DT    3.06128 -0.32813 -0.30469 0
DT    3.08142 -0.28906 -0.34375 0
DT    3.10155 -0.26563 -0.35938 0
DT    3.12183 -0.24219 -0.38281 0
DT    3.14158 -0.22656 -0.39844 0
DT    3.16200 -0.20313 -0.40625 0
DT    3.18217 -0.19531 -0.41406 0
DT    3.20211 -0.14844 -0.42188 0
DT    3.22168 -0.08594 -0.42969 0
DT    3.24095 -0.04688 -0.43750 0
DT    3.26059  0.02362 -0.43750 0
DT    3.28006  0.02362 -0.43750 0
DT    3.30110  0.03150 -0.44531 0
DT    3.32091  0.03150 -0.44531 0
DT    3.34007  0.03150 -0.44531 0
DT    3.36003  0.03150 -0.44531 0
DT    3.38072  0.03937 -0.44531 0
DT    3.40110  0.03937 -0.43750 0
DT    3.42301  0.03937 -0.43750 0
DT    3.44211  0.02362 -0.41406 0
DT    3.46209  0.01575 -0.39063 0
DT    3.48110  0.00000 -0.38281 0
DT    3.50131 -0.05469 -0.35938 0
DT    3.52103 -0.08594 -0.34375 0
CS    3.53978 -1.00000  1.00000 1
DT    3.54207 -0.15625 -0.32031 0
DT    3.56123 -0.19531 -0.31250 0
DT    3.58064 -0.21875 -0.31250 0
DT    3.60068 -0.22656 -0.31250 0
DT    3.62098 -0.24219 -0.31250 0
DT    3.64145 -0.25781 -0.32031 0
DT    3.66074 -0.26563 -0.32031 0
DT    3.68088 -0.27344 -0.32031 0
DT    3.70047 -0.27344 -0.31250 0
DT    3.72052 -0.25781 -0.31250 0
DT    3.74136 -0.24219 -0.30469 0
DT    3.76145 -0.18750 -0.28125 0
DT    3.78108 -0.13281 -0.25781 0
DT    3.80129 -0.00781 -0.19531 0
DT    3.82182  0.05512 -0.10938 0
DT    3.84174  0.03937  0.03937 0
CS    3.85995  0.00000  0.00000 0
DT    3.86231  0.04724  0.05512 0
DT    3.88107  0.04724  0.06299 0
DT    3.90136  0.04724  0.07087 0
DT    3.92139  0.04724  0.15748 0
DT    3.94084  0.04724  0.23622 0
DT    3.96187  0.04724  0.23622 0
DT    3.98087  0.04724  0.62992 0
DT    4.00120  0.05512  0.73228 0
DT    4.02133  0.04724  0.77953 0
DT    4.04034  0.04724  0.79528 0
DT    4.06070  0.04724  0.79528 0
DT    4.08048  0.04724  0.79528 0
DT    4.10095  0.05512  0.79528 0
DT    4.12140  0.04724  0.80315 0
DT    4.14108  0.05512  0.80315 0
DT    4.16101  0.04724  0.81102 0
DT    4.18104  0.05512  0.81890 0
DT    4.19992  0.05512  0.81890 0
DT    4.22056  0.03150  0.81890 0
DT    4.24077  0.03937  0.81890 0
DT    4.26052  0.02362  0.81890 0
DT    4.28047  0.00000  0.81890 0
DT    4.30067 -0.05469  0.81890 0
DT    4.32039 -0.07031  0.81890 0
DT    4.34116 -0.09375  0.81890 0
DT    4.36108 -0.11719  0.81890 0
DT    4.38082 -0.14063  0.81890 0
DT    4.40093 -0.14844  0.81890 0
DT    4.42054 -0.17969  0.81890 0
DT    4.44061 -0.19531  0.81890 0
DT    4.46133 -0.21875  0.81890 0
FB    4.47883  0.00000  0.00000 1
DT    4.48113 -0.23438  0.81890 0
DT    4.50081 -0.24219  0.81890 0
DT    4.52058 -0.26563  0.81890 0
DT    4.54109 -0.28125  0.81890 0
DT    4.56100 -0.31250  0.81890 0
DT    4.58112 -0.33594  0.81890 0
DT    4.60132 -0.35156  0.81890 0
DT    4.62139 -0.36719  0.82677 0
DT    4.64171 -0.39063  0.83465 0
DT    4.66125 -0.39844  0.84252 0
DT    4.68055 -0.40625  0.84252 0
DT    4.70075 -0.39844  0.84252 0
DT    4.72085 -0.38281  0.84252 0
DT    4.74037 -0.32031  0.84252 0
DT    4.76040 -0.27344  0.84252 0
DT    4.78054 -0.14063  0.84252 0
DT    4.80086 -0.05469  0.84252 0
DT    4.82124  0.06299  0.84252 0
DT    4.84075  0.04724  0.84252 0
DT    4.85992  0.04724  0.84252 0
DT    4.88232  0.04724  0.84252 0
DT    4.90012  0.04724  0.84252 0
DT    4.92061  0.04724  0.85039 0
DT    4.94132  0.07087  0.84252 0
DT    4.96104  0.11811  0.85039 0
DT    4.98040  0.20472  0.85039 0
DT    5.00076  0.26772  0.85039 0
DT    5.02012  0.26772  0.85039 0
DT    5.04153  0.37795  0.85827 0
DT    5.06104  0.40945  0.85827 0
DT    5.08056  0.44094  0.85827 0
DT    5.10120  0.46457  0.85827 0
DT    5.12126  0.48031  0.85039 0
DT    5.14135  0.51181  0.85039 0
DT    5.16122  0.54331  0.84252 0
DT    5.18047  0.55906  0.84252 0
DT    5.20130  0.56693  0.84252 0
DT    5.22109  0.57480  0.84252 0
DT    5.24087  0.56693  0.84252 0
DT    5.26029  0.56693  0.84252 0
DT    5.28015  0.56693  0.84252 0
DT    5.30137  0.56693  0.84252 0
DT    5.32224  0.57480  0.85039 0
DT    5.34059  0.56693  0.85039 0
DT    5.36068  0.57480  0.85039 0
DT    5.37982  0.57480  0.85039 0
DT    5.40027  0.57480  0.85039 0
DT    5.42097  0.58268  0.85039 0
DT    5.43996  0.58268  0.85039 0
DT    5.45987  0.58268  0.85039 0
DT    5.48001  0.58268  0.85039 0
DT    5.50123  0.58268  0.83465 0
DT    5.52183  0.59055  0.82677 0
DT    5.54143  0.61417  0.79528 0
DT    5.56130  0.65354  0.78740 0
DT    5.58150  0.69291  0.77953 0
DT    5.60080  0.73228  0.77953 0
DT    5.62129  0.77165  0.76378 0
DT    5.64091  0.79528  0.74803 0
DT    5.66091  0.81890  0.67717 0
DT    5.68174  0.83465  0.57480 0
DT    5.70121  0.87402  0.40157 0
DT    5.72130  0.91339  0.29134 0
DT    5.74167  0.93701  0.13386 0
DT    5.76120  0.94488  0.03150 0
DT    5.78182  0.93701  0.02362 0
DT    5.80013  0.93701  0.02362 0
DT    5.82016  0.93701  0.02362 0
DT    5.84102  0.90551 -0.05469 0
DT    5.86114  0.87402 -0.12500 0
DT    5.88111  0.81102 -0.21094 0
DT    5.90171  0.74803 -0.25781 0
DT    5.92128  0.63780 -0.31250 0
DT    5.94143  0.48031 -0.33594 0
DT    5.96172  0.27559 -0.38281 0
DT    5.98154  0.13386 -0.39844 0
DT    6.00315  0.13386 -0.39844 0
DT    6.02167  0.05512 -0.43750 0
DT    6.04095  0.05512 -0.44531 0
DT    6.06080  0.04724 -0.44531 0
DT    6.08062  0.01575 -0.44531 0
DT    6.10089 -0.04688 -0.44531 0
DT    6.12047 -0.11719 -0.44531 0
DT    6.14249 -0.11719 -0.44531 0
DT    6.16060 -0.22656 -0.44531 0
DT    6.18061 -0.26563 -0.44531 0
DT    6.20087 -0.28125 -0.44531 0
DT    6.22082 -0.31250 -0.44531 0
DT    6.24091 -0.32031 -0.44531 0
DT    6.26104 -0.33594 -0.44531 0
DT    6.28041 -0.34375 -0.44531 0
DT    6.30001 -0.34375 -0.44531 0
DT    6.32170 -0.35938 -0.43750 0
DT    6.34129 -0.36719 -0.42969 0
DT    6.36106 -0.38281 -0.42188 0
DT    6.38071 -0.39063 -0.42188 0
DT    6.40119 -0.40625 -0.41406 0
DT    6.42084 -0.41406 -0.41406 0
DT    6.44113 -0.42188 -0.40625 0
DT    6.46273 -0.42188 -0.40625 0
DT    6.48180 -0.44531 -0.39063 0
CS    6.49996  1.00000 -1.00000 1
DT    6.50225 -0.46875 -0.38281 0
DT    6.52224 -0.46875 -0.38281 0
DT    6.54110 -0.47656 -0.36719 0
DT    6.56053 -0.46875 -0.36719 0
DT    6.57996 -0.46875 -0.36719 0
DT    6.60051 -0.46875 -0.36719 0
DT    6.62126 -0.46875 -0.36719 0
DT    6.64202 -0.43750 -0.35938 0
DT    6.66074 -0.43750 -0.35938 0
DT    6.68102 -0.40625 -0.35938 0
DT    6.70190 -0.39844 -0.35938 0
DT    6.72065 -0.39063 -0.35938 0
DT    6.73978 -0.39063 -0.35938 0
DT    6.76043 -0.39063 -0.35156 0
DT    6.78067 -0.38281 -0.35156 0
DT    6.80027 -0.38281 -0.35156 0
DT    6.81997 -0.38281 -0.35156 0
DT    6.84061 -0.38281 -0.34375 0
DT    6.86028 -0.38281 -0.34375 0
DT    6.88104 -0.38281 -0.32813 0
DT    6.90147 -0.38281 -0.31250 0
DT    6.92075 -0.38281 -0.30469 0
DT    6.94145 -0.39063 -0.28125 0
DT    6.96103 -0.39063 -0.25781 0
DT    6.98129 -0.39844 -0.18750 0
DT    7.00041 -0.39844 -0.10938 0
DT    7.02102 -0.39844  0.00787 0
DT    7.04112 -0.39063  0.04724 0
DT    7.06152 -0.37500  0.03150 0
DT    7.08052 -0.34375  0.03150 0
DT    7.10118 -0.26563  0.03937 0
DT    7.12162 -0.11719  0.03150 0
DT    7.14169  0.01575  0.03937 0
DT    7.16134  0.04724  0.03150 0
DT    7.18039  0.04724  0.03150 0
DT    7.20093  0.03150  0.03150 0
DT    7.22144  0.03937  0.03937 0
DT    7.24035  0.03937  0.03937 0
DT    7.26071  0.04724  0.03937 0
DT    7.28025  0.04724  0.03937 0
DT    7.30177  0.05512  0.03150 0
DT    7.32017  0.05512  0.03150 0
DT    7.34141  0.04724  0.03150 0
DT    7.36119  0.05512  0.03150 0
DT    7.38188  0.06299  0.03937 0
DT    7.40195  0.04724  0.05512 0
DT    7.42211  0.04724  0.05512 0
DT    7.44395  0.06299  0.08661 0
DT    7.46131  0.13386  0.22047 0
DT    7.48099  0.17323  0.27559 0
DT    7.50137  0.27559  0.31496 0
DT    7.52142  0.33858  0.36220 0
DT    7.54182  0.42520  0.40157 0
DT    7.56161  0.42520  0.40157 0
DT    7.58232  0.48819  0.45669 0
DT    7.60253  0.51181  0.47244 0
DT    7.62337  0.51181  0.47244 0
DT    7.64076  0.51181  0.48819 0
DT    7.66034  0.51181  0.48819 0
DT    7.68088  0.51181  0.50394 0
DT    7.70016  0.51181  0.50394 0
DT    7.72052  0.48819  0.50394 0
DT    7.74062  0.46457  0.50394 0
DT    7.76182  0.40157  0.48819 0
DT    7.78250  0.30709  0.48031 0
DT    7.80221  0.23622  0.46457 0
DT    7.82183  0.14961  0.40157 0
DT    7.84153  0.07087  0.34646 0
DT    7.86156  0.06299  0.26772 0
DT    7.88074  0.06299  0.21260 0
DT    7.90131  0.05512  0.12598 0
DT    7.92150  0.04724  0.04724 0
CS    7.93979  0.00000  0.00000 0
DT    7.96000  0.00000  0.00000 0
DT    7.98000  0.00000  0.00000 0
EL    8.00000  0.00000  0.00000 1
XX 9999.00000 999.00000 999.00000 0
