DT    0.00006  0.04724  0.03937 0
DT    0.02037  0.04724  0.03937 0
DT    0.03968  0.04724  0.03937 0
DT    0.06017  0.04724  0.03937 0
DT    0.08065  0.04724  0.03937 0
DT    0.10123  0.04724  0.03150 0
DT    0.12085  0.04724  0.03150 0
DT    0.14043  0.04724  0.03150 0
DT    0.16076  0.04724  0.03937 0
DT    0.18018  0.04724  0.03937 0
DT    0.20056  0.04724  0.04724 0
DT    0.21983  0.04724  0.04724 0
DT    0.24040  0.03937  0.04724 0
DT    0.25981  0.03937  0.04724 0
DT    0.27986  0.03937  0.04724 0
DT    0.30004  0.03937  0.04724 0
DT    0.32031  0.03937  0.04724 0
DT    0.34039  0.03937  0.04724 0
DT    0.35994  0.03937  0.04724 0
DT    0.38052  0.04724  0.04724 0
DT    0.40022  0.04724  0.04724 0
DT    0.41976  0.04724  0.04724 0
DT    0.44018  0.03937  0.04724 0
DT    0.45991  0.03937  0.04724 0
DT    0.48053  0.03937  0.05512 0
DT    0.50147  0.04724  0.07874 0
DT    0.52099  0.06299  0.11811 0
DT    0.54092  0.09449  0.14173 0
DT    0.56163  0.14961  0.18898 0
DT    0.58169  0.18898  0.22047 0
DT    0.60214  0.28346  0.28346 0
DT    0.62171  0.33858  0.34646 0
DT    0.64096  0.41732  0.43307 0
DT    0.66150  0.43307  0.48819 0
DT    0.68093  0.47244  0.55118 0
DT    0.70096  0.50394  0.56693 0
DT    0.72137  0.51969  0.59843 0
DT    0.74132  0.54331  0.61417 0
DT    0.76235  0.55906  0.62205 0
DT    0.78111  0.58268  0.62205 0
DT    0.80097  0.59055  0.62205 0
DT    0.82226  0.60630  0.62992 0
DT    0.84076  0.61417  0.62992 0
DT    0.86016  0.61417  0.62992 0
DT    0.88125  0.62205  0.62992 0
DT    0.89979  0.62205  0.62992 0
DT    0.92151  0.63780  0.63780 0
DT    0.94361  0.63780  0.63780 0
DT    0.96132  0.65354  0.64567 0
DT    0.98189  0.66142  0.65354 0
DT    1.00086  0.66142  0.66929 0
DT    1.01985  0.66142  0.66929 0
DT    1.04017  0.66142  0.66929 0
DT    1.05983  0.66142  0.66929 0
DT    1.08010  0.66142  0.66929 0
DT    1.09983  0.66142  0.66929 0
DT    1.11993  0.66142  0.66929 0
DT    1.14033  0.66142  0.66929 0
DT    1.15993  0.66142  0.66929 0
DT    1.17989  0.66142  0.66929 0
DT    1.20017  0.66142  0.66929 0
DT    1.22029  0.66142  0.66929 0
DT    1.24063  0.66142  0.66929 0
DT    1.25973  0.66142  0.66929 0
DT    1.27986  0.66142  0.66929 0
DT    1.30041  0.66142  0.66929 0
DT    1.31992  0.66142  0.66929 0
DT    1.34000  0.66142  0.66929 0
DT    1.35981  0.66142  0.66929 0
DT    1.37988  0.66142  0.66929 0
DT    1.40008  0.66142  0.66929 0
DT    1.42045  0.66142  0.66929 0
DT    1.44026  0.66142  0.66929 0
DT    1.46093  0.66142  0.66929 0
DT    1.48009  0.66142  0.66929 0
DT    1.50024  0.66142  0.66929 0
DT    1.52050  0.66142  0.66929 0
DT    1.54037  0.66142  0.66929 0
DT    1.56050  0.66142  0.66929 0
DT    1.58400  0.66142  0.66929 0
DT    1.60156  0.66142  0.67717 0
DT    1.62071  0.66142  0.67717 0
DT    1.64016  0.66142  0.67717 0
DT    1.65982  0.66142  0.67717 0
DT    1.68016  0.66142  0.67717 0
DT    1.69984  0.66142  0.67717 0
DT    1.72008  0.66142  0.67717 0
DT    1.73994  0.66142  0.67717 0
DT    1.75976  0.66142  0.67717 0
DT    1.78031  0.66142  0.67717 0
DT    1.80006  0.66142  0.67717 0
DT    1.82015  0.66142  0.67717 0
DT    1.84064  0.66142  0.67717 0
DT    1.86007  0.66142  0.67717 0
DT    1.87986  0.66142  0.67717 0
DT    1.89991  0.66142  0.67717 0
DT    1.91992  0.66142  0.67717 0
DT    1.94041  0.66142  0.67717 0
DT    1.95968  0.66142  0.67717 0
DT    1.98027  0.66142  0.66929 0
DT    1.99985  0.66142  0.66929 0
DT    2.02041  0.66929  0.66929 0
DT    2.04025  0.66929  0.66929 0
DT    2.06032  0.66929  0.66929 0
DT    2.08025  0.66929  0.66929 0
DT    2.10014  0.66929  0.66929 0
DT    2.11963  0.66929  0.66929 0
DT    2.14033  0.67717  0.66929 0
DT    2.16000  0.67717  0.66929 0
DT    2.17958  0.67717  0.66929 0
DT    2.19984  0.67717  0.66929 0
DT    2.22011  0.67717  0.66929 0
DT    2.24068  0.67717  0.66142 0
DT    2.26090  0.67717  0.66142 0
DT    2.28170  0.68504  0.65354 0
DT    2.30094  0.67717  0.65354 0
DT    2.32193  0.68504  0.64567 0
DT    2.34029  0.68504  0.62992 0
DT    2.36058  0.68504  0.61417 0
DT    2.38070  0.69291  0.59843 0
DT    2.40027  0.69291  0.59843 0
DT    2.42107  0.69291  0.59055 0
DT    2.44013  0.69291  0.57480 0
DT    2.46018  0.69291  0.56693 0
DT    2.48124  0.70079  0.55906 0
DT    2.50017  0.70079  0.55906 0
DT    2.52050  0.70079  0.55118 0
DT    2.54111  0.70866  0.54331 0
DT    2.56021  0.70866  0.53543 0
DT    2.58086  0.70866  0.52756 0
DT    2.60059  0.70866  0.51969 0
DT    2.62046  0.70866  0.50394 0
DT    2.64041  0.70866  0.46457 0
DT    2.65958  0.70866  0.46457 0
DT    2.68076  0.70866  0.42520 0
DT    2.70074  0.70866  0.38583 0
DT    2.72132  0.71654  0.31496 0
DT    2.74090  0.71654  0.29921 0
DT    2.76046  0.71654  0.22835 0
DT    2.78040  0.71654  0.19685 0
DT    2.80095  0.72441  0.10236 0
DT    2.82041  0.72441  0.05512 0
DT    2.84069  0.72441  0.02362 0
DT    2.86108  0.72441  0.03150 0
DT    2.88040  0.72441  0.03937 0
DT    2.90119  0.72441  0.03150 0
DT    2.92139  0.73228  0.02362 0
DT    2.94135  0.73228  0.00000 0
DT    2.96119  0.73228 -0.03906 0
DT    2.98121  0.73228 -0.07031 0
DT    3.00154  0.73228 -0.09375 0
DT    3.02048  0.73228 -0.10938 0
DT    3.04047  0.73228 -0.12500 0
DT    3.06031  0.73228 -0.12500 0
DT    3.08239  0.73228 -0.12500 0
DT    3.10167  0.72441 -0.10156 0
CS    3.11896  1.00000 -1.00000 1
DT    3.12154  0.72441 -0.06250 0
DT    3.14079  0.72441 -0.00781 0
DT    3.16133  0.72441  0.03937 0
DT    3.18085  0.72441  0.04724 0
DT    3.20088  0.73228  0.04724 0
DT    3.22124  0.73228  0.03937 0
DT    3.24054  0.73228  0.03150 0
DT    3.26106  0.74016 -0.03125 0
DT    3.28149  0.74803 -0.07031 0
DT    3.30100  0.77953 -0.09375 0
DT    3.32146  0.79528 -0.13281 0
DT    3.34082  0.79528 -0.14063 0
DT    3.36105  0.79528 -0.16406 0
DT    3.38137  0.79528 -0.18750 0
DT    3.39978  0.79528 -0.18750 0
DT    3.42128  0.78740 -0.17969 0
DT    3.44163  0.77953 -0.15625 0
DT    3.46167  0.77165 -0.11719 0
DT    3.48161  0.72441 -0.05469 0
DT    3.50107  0.72441  0.00787 0
DT    3.52100  0.70866  0.04724 0
DT    3.54112  0.70079  0.04724 0
DT    3.56149  0.67717  0.04724 0
DT    3.58138  0.66142  0.04724 0
DT    3.60187  0.62992  0.04724 0
DT    3.62149  0.61417  0.03937 0
DT    3.64184  0.60630  0.05512 0
DT    3.66096  0.59843  0.10236 0
DT    3.68058  0.59843  0.18898 0
DT    3.70007  0.59843  0.18898 0
DT    3.72059  0.59843  0.25197 0
DT    3.74055  0.59843  0.29921 0
DT    3.76138  0.59843  0.31496 0
DT    3.78084  0.59843  0.34646 0
DT    3.80187  0.60630  0.36220 0
DT    3.82072  0.60630  0.37008 0
CS    3.83817  0.00000  0.00000 0
DT    3.84035  0.60630  0.37008 0
DT    3.86115  0.61417  0.36220 0
DT    3.88102  0.62205  0.37008 0
DT    3.90083  0.62992  0.36220 0
DT    3.92093  0.63780  0.36220 0
DT    3.94102  0.64567  0.34646 0
DT    3.96008  0.64567  0.34646 0
DT    3.98130  0.64567  0.35433 0
DT    4.00013  0.64567  0.35433 0
DT    4.02198  0.64567  0.36220 0
DT    4.04044  0.64567  0.37008 0
DT    4.06067  0.64567  0.40157 0
DT    4.08116  0.64567  0.42520 0
DT    4.10112  0.63780  0.48031 0
DT    4.12156  0.62992  0.48819 0
DT    4.14398  0.62992  0.48819 0
DT    4.16152  0.61417  0.51969 0
DT    4.18205  0.61417  0.52756 0
DT    4.20093  0.61417  0.51969 0
DT    4.22068  0.61417  0.51969 0
DT    4.24140  0.61417  0.52756 0
DT    4.26098  0.60630  0.52756 0
DT    4.28184  0.59843  0.54331 0
DT    4.30115  0.59055  0.55118 0
DT    4.32100  0.57480  0.57480 0
DT    4.34158  0.56693  0.59055 0
DT    4.36114  0.55118  0.60630 0
DT    4.38042  0.55118  0.60630 0
DT    4.40168  0.55118  0.59843 0
DT    4.41973  0.55118  0.59843 0
DT    4.44052  0.55906  0.59843 0
DT    4.45988  0.55906  0.59843 0
DT    4.47997  0.55906  0.59843 0
DT    4.49995  0.55906  0.59843 0
DT    4.51982  0.55906  0.59843 0
DT    4.53974  0.55906  0.59843 0
DT    4.56016  0.55906  0.59843 0
DT    4.58008  0.55906  0.59843 0
DT    4.60003  0.55906  0.59843 0
DT    4.62084  0.55906  0.59055 0
DT    4.64031  0.55906  0.59055 0
DT    4.66018  0.55906  0.59055 0
DT    4.68006  0.55906  0.59055 0
DT    4.70007  0.55906  0.59055 0
DT    4.72028  0.55906  0.59055 0
DT    4.73968  0.55906  0.59055 0
DT    4.75989  0.55906  0.59055 0
DT    4.78305  0.55906  0.59055 0
DT    4.80191  0.55118  0.59843 0
DT    4.82042  0.55118  0.59843 0
DT    4.84031  0.55118  0.59843 0
DT    4.86081  0.52756  0.59843 0
DT    4.88127  0.51969  0.59843 0
DT    4.89985  0.51969  0.59843 0
CS    4.91838  1.00000 -1.00000 1
DT    4.92116  0.51969  0.59843 0
DT    4.94029  0.51969  0.59843 0
DT    4.96002  0.51969  0.59843 0
DT    4.98026  0.51969  0.59843 0
DT    4.99994  0.51969  0.59843 0
DT    5.02018  0.51969  0.59843 0
DT    5.04127  0.51181  0.59843 0
DT    5.06067  0.50394  0.59843 0
DT    5.08052  0.48031  0.59843 0
DT    5.10046  0.47244  0.59843 0
DT    5.12035  0.46457  0.59843 0
DT    5.14079  0.45669  0.59843 0
DT    5.15971  0.45669  0.59843 0
DT    5.17978  0.45669  0.59843 0
DT    5.20007  0.45669  0.59843 0
DT    5.21984  0.45669  0.59843 0
DT    5.24041  0.45669  0.59843 0
DT    5.26023  0.45669  0.59843 0
DT    5.28035  0.45669  0.59843 0
DT    5.30110  0.46457  0.59843 0
DT    5.32046  0.46457  0.60630 0
DT    5.33976  0.46457  0.60630 0
DT    5.36072  0.47244  0.60630 0
DT    5.37992  0.47244  0.60630 0
DT    5.39983  0.47244  0.60630 0
DT    5.42065  0.47244  0.61417 0
DT    5.44004  0.47244  0.62205 0
DT    5.46033  0.47244  0.62205 0
DT    5.48062  0.47244  0.62205 0
DT    5.50037  0.47244  0.62205 0
DT    5.52085  0.47244  0.62205 0
DT    5.54012  0.47244  0.62205 0
DT    5.56012  0.47244  0.62205 0
DT    5.58109  0.47244  0.61417 0
DT    5.60005  0.47244  0.61417 0
DT    5.62130  0.48031  0.61417 0
DT    5.64042  0.51181  0.61417 0
DT    5.66041  0.53543  0.61417 0
DT    5.68067  0.55906  0.61417 0
CS    5.69920  0.00000  0.00000 0
DT    5.70145  0.56693  0.61417 0
DT    5.71990  0.56693  0.61417 0
DT    5.74089  0.57480  0.61417 0
DT    5.75981  0.57480  0.61417 0
DT    5.78079  0.57480  0.62205 0
DT    5.80013  0.56693  0.62205 0
DT    5.82072  0.57480  0.62992 0
DT    5.84109  0.56693  0.64567 0
DT    5.86022  0.56693  0.65354 0
DT    5.88064  0.56693  0.66142 0
DT    5.89963  0.56693  0.66142 0
DT    5.91959  0.56693  0.66142 0
DT    5.94054  0.56693  0.66142 0
DT    5.96070  0.57480  0.66142 0
DT    5.97976  0.57480  0.66142 0
DT    6.00044  0.57480  0.65354 0
DT    6.02017  0.58268  0.65354 0
DT    6.04049  0.59843  0.65354 0
DT    6.06030  0.61417  0.65354 0
DT    6.08018  0.62205  0.65354 0
DT    6.10121  0.63780  0.64567 0
DT    6.12074  0.64567  0.62992 0
DT    6.14099  0.65354  0.61417 0
DT    6.16175  0.66142  0.59055 0
DT    6.18121  0.66929  0.55906 0
DT    6.20141  0.67717  0.51969 0
DT    6.22057  0.67717  0.50394 0
DT    6.24145  0.68504  0.45669 0
DT    6.26179  0.70079  0.44094 0
DT    6.28130  0.70866  0.38583 0
DT    6.30085  0.70866  0.33071 0
DT    6.32145  0.71654  0.25197 0
DT    6.34030  0.71654  0.21260 0
DT    6.36040  0.71654  0.16535 0
DT    6.38049  0.71654  0.13386 0
DT    6.40050  0.71654  0.04724 0
DT    6.42106  0.71654  0.02362 0
DT    6.44127  0.70866  0.03937 0
DT    6.46016  0.70866  0.04724 0
DT    6.47996  0.70866  0.04724 0
DT    6.50014  0.70866  0.03937 0
DT    6.52068  0.69291  0.03937 0
DT    6.54096  0.65354  0.03150 0
DT    6.56067  0.61417  0.02362 0
DT    6.58148  0.60630 -0.03125 0
DT    6.60159  0.58268 -0.06250 0
DT    6.62114  0.52756 -0.10156 0
DT    6.64204  0.46457 -0.11719 0
DT    6.66143  0.38583 -0.14844 0
DT    6.68165  0.30709 -0.16406 0
DT    6.70158  0.18898 -0.17188 0
CS    6.71869  1.00000 -1.00000 1
DT    6.72075  0.10236 -0.17188 0
DT    6.74086  0.04724 -0.17188 0
DT    6.75978  0.04724 -0.17188 0
DT    6.78053  0.05512 -0.17188 0
DT    6.80030  0.05512 -0.17188 0
DT    6.81983  0.05512 -0.17188 0
DT    6.84037  0.01575 -0.17188 0
DT    6.86097 -0.03906 -0.17188 0
DT    6.88061 -0.16406 -0.17188 0
DT    6.90188 -0.23438 -0.17969 0
DT    6.92172 -0.25000 -0.18750 0
DT    6.94083 -0.25781 -0.18750 0
DT    6.96049 -0.25781 -0.18750 0
DT    6.98166 -0.26563 -0.19531 0
DT    7.00068 -0.28125 -0.19531 0
DT    7.02077 -0.29688 -0.19531 0
DT    7.04052 -0.31250 -0.19531 0
DT    7.06149 -0.32813 -0.20313 0
DT    7.08049 -0.34375 -0.20313 0
DT    7.10116 -0.35156 -0.20313 0
DT    7.12164 -0.35156 -0.21094 0
EL    7.12165  0.05594  0.00000 0
DT    7.14150 -0.35156 -0.22656 0
EL    7.14150  0.19656  0.00000 0
DT    7.15953 -0.35156 -0.22656 0
EL    7.15953  0.19656  0.00000 0
DT    7.18092 -0.35156 -0.23438 0
EL    7.18093  0.31375  0.00000 0
DT    7.20064 -0.35156 -0.24219 0
EL    7.20065  0.46219  0.00000 0
DT    7.22106 -0.35156 -0.25781 0
EL    7.22106  0.53250  0.00000 0
DT    7.24045 -0.35156 -0.25781 0
EL    7.24046  0.60281  0.00000 0
DT    7.26086 -0.35156 -0.26563 0
EL    7.26087  0.64969  0.00000 0
DT    7.28115 -0.34375 -0.26563 0
EL    7.28115  0.68094  0.00000 0
DT    7.30060 -0.34375 -0.27344 0
EL    7.30061  0.73563  0.00000 0
CS    7.31953  0.00000  0.00000 0
DT    7.32203 -0.33594 -0.27344 0
EL    7.32204  0.76688  0.00000 0
DT    7.34088 -0.33594 -0.27344 0
EL    7.34088  0.76688  0.00000 0
DT    7.36228 -0.32813 -0.27344 0
EL    7.36229  0.84500  0.00000 0
DT    7.38215 -0.32031 -0.28125 0
EL    7.38216  0.87625  0.00000 0
DT    7.40123 -0.30469 -0.29688 0
EL    7.40124  0.92313  0.00000 0
DT    7.42070 -0.28906 -0.29688 0
EL    7.42071  0.95438  0.00000 0
DT    7.44152 -0.25781 -0.29688 0
EL    7.44153  0.97000  0.00000 0
DT    7.46022 -0.23438 -0.29688 0
EL    7.46023  0.97000  0.00000 0
DT    7.48078 -0.16406 -0.30469 0
EL    7.48079  0.97000  0.00000 0
DT    7.50048 -0.13281 -0.30469 0
EL    7.50049  0.97000  0.00000 0
DT    7.52076 -0.10938 -0.29688 0
EL    7.52076  0.97000  0.00000 0
DT    7.54074 -0.10938 -0.29688 0
EL    7.54075  0.97000  0.00000 0
DT    7.55984 -0.10938 -0.29688 0
EL    7.55984  0.97000  0.00000 0
DT    7.58089 -0.12500 -0.29688 0
EL    7.58089  0.97000  0.00000 0
DT    7.60099 -0.13281 -0.29688 0
EL    7.60100  0.97000  0.00000 0
DT    7.61981 -0.13281 -0.29688 0
EL    7.61982  0.97000  0.00000 0
DT    7.64013 -0.13281 -0.29688 0
EL    7.64014  0.97000  0.00000 0
DT    7.66149 -0.13281 -0.30469 0
EL    7.66150  0.90750  0.00000 0
DT    7.68122 -0.13281 -0.32031 0
EL    7.68122  0.88406  0.00000 0
DT    7.70178 -0.12500 -0.35156 0
EL    7.70178  0.88406  0.00000 0
DT    7.72118 -0.11719 -0.36719 0
EL    7.72119  0.88406  0.00000 0
DT    7.74168 -0.09375 -0.37500 0
EL    7.74168  0.88406  0.00000 0
DT    7.76202 -0.07813 -0.38281 0
EL    7.76203  0.88406  0.00000 0
DT    7.78045 -0.07031 -0.38281 0
EL    7.78046  0.88406  0.00000 0
DT    7.80051 -0.06250 -0.38281 0
EL    7.80068  0.88406  0.00000 0
DT    7.82056 -0.06250 -0.38281 0
EL    7.82056  0.83719  0.00000 0
DT    7.84034 -0.06250 -0.38281 0
EL    7.84035  0.77469  0.00000 0
DT    7.86038 -0.06250 -0.38281 0
EL    7.86039  0.68094  0.00000 0
FB    7.87922  0.00000  0.00000 1
DT    7.88128 -0.06250 -0.37500 0
EL    7.88129  0.62625  0.00000 0
DT    7.90178 -0.06250 -0.37500 0
EL    7.90179  0.62625  0.00000 0
DT    7.92132 -0.07031 -0.37500 0
EL    7.92132  0.50906  0.00000 0
DT    7.94087 -0.07813 -0.37500 0
EL    7.94088  0.50125  0.00000 0
DT    7.96090 -0.10156 -0.37500 0
EL    7.96091  0.50125  0.00000 0
DT    7.98075 -0.11719 -0.37500 0
EL    7.98076  0.50125  0.00000 0
DT    8.00336 -0.11719 -0.37500 0
EL    8.00337  0.50125  0.00000 0
DT    8.02166 -0.14063 -0.38281 0
EL    8.02167  0.50125  0.00000 0
DT    8.04062 -0.16406 -0.38281 0
EL    8.04063  0.50125  0.00000 0
DT    8.06080 -0.17188 -0.38281 0
EL    8.06081  0.49344  0.00000 0
DT    8.08121 -0.17969 -0.38281 0
EL    8.08122  0.46219  0.00000 0
DT    8.10082 -0.18750 -0.38281 0
EL    8.10082  0.43094  0.00000 0
DT    8.12051 -0.19531 -0.38281 0
EL    8.12052  0.36844  0.00000 0
DT    8.14048 -0.19531 -0.38281 0
EL    8.14049  0.30594  0.00000 0
DT    8.16073 -0.21094 -0.38281 0
EL    8.16073  0.00000  0.00000 0
DT    8.18128 -0.21875 -0.37500 0
DT    8.20073 -0.22656 -0.37500 0
DT    8.22040 -0.24219 -0.37500 0
DT    8.24167 -0.25000 -0.36719 0
DT    8.26020 -0.26563 -0.36719 0
DT    8.28032 -0.26563 -0.35938 0
DT    8.30146 -0.27344 -0.35156 0
DT    8.32078 -0.28125 -0.34375 0
DT    8.34156 -0.28906 -0.33594 0
DT    8.36033 -0.28906 -0.32813 0
DT    8.37956 -0.28906 -0.32813 0
DT    8.40169 -0.29688 -0.32031 0
DT    8.42141 -0.30469 -0.31250 0
DT    8.44205 -0.31250 -0.30469 0
DT    8.46182 -0.32031 -0.29688 0
DT    8.48147 -0.32813 -0.28125 0
DT    8.50224 -0.33594 -0.27344 0
DT    8.52029 -0.33594 -0.26563 0
DT    8.54103 -0.34375 -0.25781 0
DT    8.56109 -0.35938 -0.25000 0
DT    8.58074 -0.37500 -0.24219 0
DT    8.60076 -0.38281 -0.23438 0
DT    8.61983 -0.38281 -0.23438 0
DT    8.64060 -0.39063 -0.23438 0
DT    8.66147 -0.38281 -0.22656 0
DT    8.67995 -0.38281 -0.22656 0
DT    8.70002 -0.38281 -0.22656 0
DT    8.72036 -0.38281 -0.22656 0
DT    8.73981 -0.38281 -0.22656 0
DT    8.76016 -0.38281 -0.23438 0
DT    8.78031 -0.37500 -0.23438 0
DT    8.80027 -0.36719 -0.23438 0
DT    8.82085 -0.35938 -0.23438 0
DT    8.84037 -0.34375 -0.23438 0
DT    8.86016 -0.32813 -0.23438 0
DT    8.88067 -0.31250 -0.23438 0
DT    8.89996 -0.31250 -0.23438 0
DT    8.92106 -0.31250 -0.22656 0
DT    8.93960 -0.31250 -0.22656 0
DT    8.96019 -0.31250 -0.21875 0
DT    8.98090 -0.30469 -0.21875 0
DT    9.00033 -0.28906 -0.21875 0
DT    9.02029 -0.27344 -0.21875 0
DT    9.04137 -0.22656 -0.21094 0
DT    9.06075 -0.19531 -0.19531 0
DT    9.08158 -0.03906 -0.17188 0
DT    9.10125  0.04724 -0.13281 0
DT    9.12152  0.03937 -0.07813 0
DT    9.14174  0.03150 -0.01563 0
DT    9.16070  0.03150  0.03150 0
DT    9.18184  0.03937  0.04724 0
DT    9.19981  0.03937  0.04724 0
CA    9.21846  0.00000  0.00000 1
DT    9.22073  0.04724  0.04724 0
DT    9.24076  0.03937  0.04724 0
DT    9.26028  0.03937  0.03937 0
DT    9.27963  0.03937  0.03937 0
DT    9.29964  0.03937  0.03937 0
DT    9.31972  0.03937  0.03937 0
DT    9.34129  0.03937  0.04724 0
DT    9.36122  0.04724  0.03937 0
DT    9.38060  0.06299  0.03937 0
DT    9.40096  0.05512  0.03937 0
DT    9.42019  0.04724  0.03937 0
DT    9.43968  0.04724  0.03937 0
DT    9.46087  0.03937  0.03937 0
DT    9.48025  0.04724  0.03937 0
DT    9.49981  0.04724  0.03937 0
DT    9.51972  0.04724  0.03937 0
DT    9.53969  0.04724  0.03937 0
DT    9.56102  0.05512  0.03937 0
DT    9.58049  0.09449  0.03937 0
DT    9.60077  0.11811  0.03937 0
CA    9.61877  0.00000  0.00000 0
DT    9.62140  0.15748  0.03937 0
DT    9.64086  0.16535  0.04724 0
DT    9.66101  0.17323  0.06299 0
DT    9.68032  0.17323  0.08661 0
DT    9.70076  0.20472  0.11811 0
DT    9.72122  0.22835  0.16535 0
DT    9.74068  0.25197  0.19685 0
DT    9.76087  0.29921  0.24409 0
DT    9.78139  0.33071  0.27559 0
DT    9.80140  0.37008  0.31496 0
DT    9.82129  0.38583  0.31496 0
DT    9.84105  0.38583  0.33858 0
DT    9.86082  0.38583  0.35433 0
DT    9.88122  0.38583  0.38583 0
DT    9.90061  0.38583  0.40945 0
FB    9.91874  0.00000  0.00000 0
DT    9.92082  0.38583  0.43307 0
DT    9.94086  0.38583  0.44094 0
DT    9.96009  0.38583  0.44882 0
DT    9.98022  0.38583  0.45669 0
DT    9.99997  0.38583  0.45669 0
DT   10.02031  0.38583  0.46457 0
DT   10.04193  0.37795  0.48031 0
DT   10.06236  0.35433  0.48819 0
DT   10.08108  0.31496  0.51181 0
DT   10.10173  0.25984  0.51969 0
DT   10.12093  0.17323  0.53543 0
DT   10.14112  0.11024  0.54331 0
DT   10.16084  0.03150  0.55118 0
DT   10.18087  0.03937  0.55906 0
DT   10.20169  0.04724  0.57480 0
DT   10.22088  0.04724  0.59055 0
EL   10.22089 -0.12449  0.00000 0
DT   10.24121  0.03937  0.59843 0
EL   10.24121 -0.31346  0.00000 0
DT   10.26109  0.03937  0.61417 0
EL   10.26110 -0.47094  0.00000 0
DT   10.28202  0.04724  0.62205 0
EL   10.28203 -0.68354  0.00000 0
DT   10.30110  0.04724  0.63780 0
EL   10.30111 -0.79378  0.00000 0
DT   10.32064  0.04724  0.64567 0
EL   10.32065 -0.84102  0.00000 0
DT   10.34082  0.04724  0.65354 0
EL   10.34082 -0.89614  0.00000 0
DT   10.36006  0.04724  0.65354 0
EL   10.36007 -0.92764  0.00000 0
DT   10.38097  0.04724  0.66142 0
EL   10.38098 -0.96701  0.00000 0
DT   10.40083  0.04724  0.67717 0
EL   10.40084 -0.98276  0.00000 0
DT   10.41960  0.04724  0.67717 0
EL   10.41960 -0.98276  0.00000 0
DT   10.44049  0.04724  0.68504 0
EL   10.44050 -0.98276  0.00000 0
DT   10.45988  0.04724  0.68504 0
EL   10.45988 -0.98276  0.00000 0
DT   10.48032  0.04724  0.68504 0
EL   10.48032 -0.98276  0.00000 0
DT   10.50043  0.04724  0.68504 0
EL   10.50044 -0.98276  0.00000 0
DT   10.52019  0.04724  0.68504 0
EL   10.52019 -0.99063  0.00000 0
DT   10.54411  0.04724  0.68504 0
EL   10.54412 -0.99063  0.00000 0
DT   10.56020  0.04724  0.68504 0
EL   10.56020 -0.99063  0.00000 0
DT   10.57968  0.04724  0.68504 0
EL   10.57969 -0.99063  0.00000 0
DT   10.59994  0.04724  0.68504 0
EL   10.59994 -0.99063  0.00000 0
DT   10.61968  0.04724  0.68504 0
EL   10.61969 -0.99063  0.00000 0
DT   10.63969  0.04724  0.68504 0
EL   10.63970 -0.99063  0.00000 0
DT   10.66005  0.04724  0.68504 0
EL   10.66006 -0.99063  0.00000 0
DT   10.68002  0.04724  0.68504 0
EL   10.68003 -0.99063  0.00000 0
DT   10.70016  0.04724  0.68504 0
EL   10.70017 -0.99063  0.00000 0
DT   10.72010  0.04724  0.68504 0
EL   10.72011 -0.99063  0.00000 0
DT   10.73954  0.04724  0.68504 0
EL   10.73954 -0.99063  0.00000 0
DT   10.76060  0.04724  0.69291 0
EL   10.76061 -0.99063  0.00000 0
DT   10.77977  0.04724  0.69291 0
EL   10.77978 -0.99063  0.00000 0
DT   10.80040  0.04724  0.68504 0
EL   10.80041 -0.99063  0.00000 0
DT   10.81998  0.04724  0.68504 0
EL   10.81998 -0.99063  0.00000 0
DT   10.84041  0.04724  0.69291 0
EL   10.84042 -0.99063  0.00000 0
DT   10.86121  0.04724  0.68504 0
EL   10.86122 -0.99063  0.00000 0
DT   10.87975  0.04724  0.68504 0
EL   10.87975 -0.99063  0.00000 0
DT   10.89963  0.04724  0.68504 0
EL   10.89964 -0.99063  0.00000 0
DT   10.92033  0.04724  0.68504 0
EL   10.92033 -0.99063  0.00000 0
DT   10.94088  0.04724  0.67717 0
EL   10.94089 -0.99063  0.00000 0
DT   10.96178  0.05512  0.57480 0
EL   10.96179 -0.99063  0.00000 0
DT   10.98013  0.05512  0.57480 0
EL   10.98013 -0.99063  0.00000 0
DT   11.00039  0.05512  0.51969 0
EL   11.00040 -0.99063  0.00000 0
DT   11.02155  0.08661  0.51181 0
EL   11.02156 -0.99063  0.00000 0
DT   11.04086  0.12598  0.48819 0
EL   11.04087 -0.99063  0.00000 0
DT   11.06147  0.18110  0.46457 0
EL   11.06148 -0.85677  0.00000 0
DT   11.08177  0.24409  0.44882 0
EL   11.08177 -0.60480  0.00000 0
DT   11.10150  0.33858  0.43307 0
EL   11.10151 -0.38433  0.00000 0
DT   11.12203  0.40157  0.40945 0
EL   11.12203 -0.10874  0.00000 0
DT   11.14216  0.42520  0.38583 0
EL   11.14216  0.00000  0.00000 0
DT   11.16064  0.42520  0.36220 0
DT   11.18509  0.42520  0.36220 0
DT   11.20114  0.42520  0.34646 0
DT   11.22109  0.43307  0.34646 0
DT   11.24034  0.43307  0.34646 0
DT   11.26057  0.43307  0.35433 0
DT   11.28034  0.43307  0.37795 0
DT   11.30129  0.42520  0.40945 0
DT   11.32024  0.42520  0.43307 0
DT   11.34168  0.41732  0.46457 0
DT   11.36080  0.41732  0.47244 0
DT   11.38150  0.40945  0.48031 0
DT   11.40186  0.40157  0.48819 0
DT   11.42043  0.40157  0.51181 0
DT   11.44031  0.40157  0.52756 0
DT   11.46059  0.40157  0.54331 0
DT   11.48043  0.40157  0.55118 0
DT   11.50099  0.39370  0.55118 0
DT   11.52038  0.38583  0.55118 0
DT   11.54068  0.38583  0.55906 0
DT   11.56141  0.38583  0.55118 0
DT   11.58202  0.37795  0.55906 0
DT   11.60024  0.37008  0.55906 0
DT   11.62032  0.37008  0.55906 0
DT   11.63986  0.37008  0.55906 0
DT   11.66034  0.37008  0.55906 0
DT   11.68006  0.37008  0.55906 0
DT   11.70084  0.37795  0.55118 0
DT   11.72089  0.37795  0.55906 0
DT   11.74065  0.37795  0.55118 0
DT   11.76046  0.37795  0.55118 0
DT   11.78113  0.37795  0.55906 0
DT   11.80094  0.37795  0.55118 0
DT   11.82424  0.37795  0.55118 0
DT   11.84046  0.37795  0.55118 0
DT   11.85957  0.37795  0.55118 0
DT   11.88044  0.37795  0.55118 0
DT   11.90045  0.37008  0.55118 0
DT   11.91964  0.37008  0.55118 0
DT   11.94040  0.37008  0.55118 0
DT   11.96059  0.37795  0.55118 0
DT   11.98161  0.37795  0.54331 0
DT   12.00136  0.37008  0.53543 0
DT   12.01997  0.37008  0.53543 0
DT   12.04087  0.37008  0.52756 0
DT   12.06071  0.37008  0.51969 0
DT   12.08039  0.37008  0.51181 0
DT   12.10107  0.37008  0.48819 0
DT   12.12109  0.35433  0.46457 0
DT   12.14025  0.35433  0.46457 0
DT   12.16160  0.33858  0.40945 0
DT   12.18141  0.33071  0.38583 0
DT   12.20125  0.33071  0.35433 0
DT   12.22056  0.33071  0.32283 0
DT   12.24090  0.32283  0.29134 0
DT   12.26161  0.31496  0.26772 0
DT   12.28076  0.30709  0.22835 0
DT   12.29988  0.30709  0.22835 0
DT   12.32161  0.29134  0.20472 0
DT   12.34097  0.28346  0.18898 0
DT   12.36228  0.25984  0.16535 0
DT   12.38119  0.25197  0.14961 0
DT   12.40171  0.23622  0.12598 0
DT   12.42182  0.21260  0.11811 0
DT   12.44158  0.20472  0.10236 0
DT   12.46175  0.19685  0.09449 0
DT   12.48089  0.19685  0.06299 0
DT   12.50124  0.19685  0.03937 0
DT   12.52154  0.18898  0.03937 0
DT   12.54093  0.17323  0.03937 0
DT   12.56053  0.16535  0.03937 0
DT   12.58112  0.15748  0.03937 0
DT   12.60120  0.13386  0.03150 0
DT   12.62049  0.11024  0.03150 0
DT   12.64066  0.07087  0.03150 0
DT   12.66038  0.06299  0.03150 0
DT   12.68004  0.06299  0.03150 0
DT   12.69968  0.06299  0.03150 0
DT   12.71971  0.06299  0.03150 0
DT   12.74322  0.06299  0.03150 0
DT   12.76004  0.06299  0.03150 0
EL   13.05051  0.00000  0.00000 1
XX 9999.00000 999.00000 999.00000 0
