0000    0.00039  0.00039  0.05512  0.03937 21.50033 -16.78793  0.00000  0.00000
0001    0.02056  0.02014  0.05512  0.03937 21.50033 -16.78793  0.00000  0.00000
0002    0.04069  0.02011  0.05512  0.04724 21.50033 -16.78793  0.00000  0.00000
0003    0.06060  0.01989  0.05512  0.03937 21.50033 -16.78793  0.00000  0.00000
0004    0.08074  0.02012  0.05512  0.04724 21.50033 -16.78793  0.00000  0.00000
0005    0.10065  0.01989  0.04724  0.04724 21.50033 -16.78793  0.00000  0.00000
0006    0.12129  0.02062  0.03937  0.04724 21.50033 -16.78793  0.00000  0.00000
0007    0.13973  0.01842  0.03937  0.04724 21.50033 -16.78793  0.00000  0.00000
0008    0.16044  0.02069  0.03937  0.05512 21.50033 -16.78793  0.00000  0.00000
0009    0.18344  0.02297  0.04724  0.08661 21.50033 -16.78793  0.00000  0.00000
0010    0.20035  0.01690  0.04724  0.14961 21.50033 -16.78793  0.00000  0.00000
0011    0.22136  0.02098  0.09449  0.22835 21.50033 -16.78793  0.00000  0.00000
0012    0.23968  0.01830  0.09449  0.22835 21.50033 -16.73884  0.00000  0.00000
0013    0.26073  0.02103  0.13386  0.25197 21.50033 -16.68975  0.00000  2.38610
0014    0.28123  0.02047  0.22047  0.31496 21.45124 -16.64066  0.00000  2.88717
0015    0.30060  0.01935  0.25984  0.37795 21.40215 -16.54249 -1.94125  3.41837
0016    0.32058  0.01995  0.36220  0.48031 21.30398 -16.39523 -2.85025  4.16390
0017    0.34153  0.02093  0.40945  0.52756 21.15671 -16.24796 -3.90618  4.86421
0018    0.36106  0.01951  0.44882  0.59843 20.96036 -16.00253 -5.10435  8.80854
0019    0.38301  0.02192  0.46457  0.64567 20.66584 -15.65891 -11.14231 14.57521
0020    0.40035  0.01732  0.46457  0.67717 20.42040 -15.26621 -14.15517 19.63728
0021    0.42140  0.02104  0.47244  0.69291 20.02770 -14.77534 -18.23506 24.37659
0022    0.44086  0.01943  0.47244  0.70866 19.58591 -14.23538 -21.18018 27.84901
0023    0.46014  0.01872  0.48819  0.70866 19.14413 -13.64633 -23.36337 30.77181
0024    0.48005  0.01989  0.51181  0.70866 18.65325 -12.95910 -25.63604 34.38704
0025    0.50043  0.02036  0.54331  0.70866 18.06420 -12.22279 -27.99665 37.10191
0026    0.52037  0.01992  0.57480  0.70866 17.42606 -11.43739 -31.02033 39.49608
0027    0.54036  0.01997  0.59055  0.70866 16.78793 -10.55381 -34.15068 44.48830
0028    0.56032  0.01994  0.60630  0.70866 16.05161 -9.67024 -36.79916 46.12728
0029    0.58003  0.01969  0.60630  0.70866 15.26621 -8.68849 -41.03174 50.57673
0030    0.60336  0.02332  0.61417  0.71654 14.23538 -7.46130 -43.84104 54.66497
0031    0.62185  0.01847  0.62205  0.70866 13.40089 -6.38138 -45.64793 57.85687
0032    0.63974  0.01786  0.62205  0.70866 12.51731 -5.35054 -50.17171 59.68121
0033    0.66037  0.02061  0.63780  0.70866 11.43739 -4.07426 -51.25856 60.65427
0034    0.68047  0.02008  0.65354  0.70866 10.40655 -2.89616 -55.39287 60.90978
0035    0.70059  0.02009  0.67717  0.70866  9.22845 -1.57080 -58.21124 65.29026
0036    0.72084  0.02023  0.70079  0.70866  8.00126 -0.24544 -59.94065 66.40445
0037    0.74124  0.02038  0.70866  0.70866  6.72499  1.12901 -63.22938 67.15070
0038    0.76136  0.02010  0.72441  0.70866  5.44871  2.50346 -65.35850 70.54626
0039    0.78083  0.01945  0.73228  0.70866  4.12335  3.92700 -67.15530 71.99217
0040    0.80136  0.02033  0.74803  0.70866  2.69981  5.39963 -70.63559 72.90042
0041    0.82058  0.01921  0.75591  0.70866  1.32536  6.82316 -72.29381 76.48113
0042    0.84426  0.02366  0.76378  0.70079 -0.44179  8.68849 -75.73887 77.73836
0043    0.86067  0.01639  0.77165  0.70079 -1.66897  9.91568 -76.51988 78.62995
0044    0.88115  0.02045  0.77953  0.69291 -3.33795 11.58465 -80.76392 80.64052
0045    0.90081  0.01964  0.78740  0.68504 -4.90875 13.15545 -80.31529 79.52935
0046    0.92078  0.01995  0.79528  0.67717 -6.57773 14.72625 -83.48853 81.71308
0047    0.94336  0.02256  0.83465  0.65354 -8.44305 16.59158 -84.35003 81.28685
0048    0.96276  0.01939  0.85827  0.63780 -10.11203 18.21146 -88.33453 82.99378
0049    0.98254  0.01975  0.89764  0.60630 -11.87918 19.92952 -88.26068 85.43643
0050    1.00214  0.01959  0.92126  0.59055 -13.69541 21.54941 -93.45372 82.27392
0051    1.02141  0.01924  0.92913  0.56693 -15.56074 23.16930 -99.16466 84.65186
0052    1.04053  0.01910  0.92913  0.55906 -17.47515 24.78919 -99.62353 85.90291
0053    1.06037  0.01983  0.92913  0.55118 -19.43865 26.50725 -101.03323 85.23467
0054    1.08070  0.02030  0.92913  0.53543 -21.54941 28.22531 -103.71548 86.57407
0055    1.10029  0.01957  0.92126  0.53543 -23.56200 29.89429 -103.57979 84.15769
0056    1.12038  0.02007  0.92126  0.53543 -25.62368 31.61235 -104.20868 87.60384
0057    1.14014  0.01975  0.92126  0.53543 -27.68535 33.33041 -105.71570 87.10716
0058    1.15947  0.01931  0.92126  0.53543 -29.74703 34.99939 -106.21437 86.31983
0059    1.18268  0.02318  0.92126  0.54331 -32.25049 37.01198 -108.81131 86.65354
0060    1.19999  0.01700  0.91339  0.54331 -34.16490 38.53369 -110.93220 87.35985
0061    1.22114  0.02110  0.90551  0.55118 -36.52110 40.34993 -111.61958 88.14419
0062    1.24106  0.01990  0.87402  0.57480 -38.73004 42.11708 -110.24334 86.67497
0063    1.26137  0.02028  0.84252  0.60630 -40.93898 43.83514 -113.56538 89.82406
0064    1.28336  0.02195  0.78740  0.65354 -43.44244 45.89681 -112.08727 92.97579
0065    1.30191  0.01853  0.77165  0.67717 -45.55320 47.66396 -113.76278 94.96058
0066    1.32164  0.01940  0.74016  0.69291 -47.81123 49.52929 -114.56060 98.50796
0067    1.34270  0.02104  0.73228  0.70866 -50.16743 51.64005 -111.78862 99.22781
0068    1.36260  0.01988  0.72441  0.73228 -52.42545 53.65264 -114.26859 101.68728
0069    1.38196  0.01934  0.72441  0.74016 -54.58530 55.61614 -110.72951 101.78321
0070    1.40106  0.01908  0.72441  0.75591 -56.69606 57.57964 -110.81325 103.01247
0071    1.42023  0.01914  0.72441  0.75591 -58.80682 59.59223 -109.40547 105.57700
0072    1.44360  0.02335  0.71654  0.76378 -61.35938 62.04660 -108.82819 105.95758
0073    1.46033  0.01671  0.71654  0.77165 -63.17561 63.86284 -108.73056 108.44471
0074    1.48051  0.02015  0.70866  0.77165 -65.33546 66.07178 -109.84247 107.97835
0075    1.50206  0.02153  0.70079  0.77953 -67.69166 68.37889 -109.05183 107.96292
0076    1.52108  0.01900  0.67717  0.78740 -69.80243 70.48965 -110.87833 111.29817
0077    1.54011  0.01893  0.66142  0.78740 -71.91319 72.64950 -111.76571 112.97858
0078    1.55983  0.01969  0.66142  0.78740 -74.17121 74.90752 -111.53462 115.30466
0079    1.58042  0.02057  0.65354  0.78740 -76.42924 77.31281 -111.51561 115.95290
0080    1.59991  0.01947  0.65354  0.78740 -78.63818 79.57084 -112.48024 115.50951
0081    1.61942  0.01949  0.65354  0.78740 -80.79803 81.82886 -110.61473 114.91058
0082    1.63975  0.02031  0.65354  0.78740 -83.05605 84.18506 -110.67958 117.19170
0083    1.66042  0.02065  0.65354  0.78740 -85.36316 86.63944 -111.53969 117.66363
0084    1.68009  0.01965  0.65354  0.78740 -87.52301 88.94655 -108.99251 117.62134
0085    1.69962  0.01951  0.65354  0.78740 -89.68286 91.25366 -108.89700 116.37487
0086    1.71953  0.01985  0.65354  0.78740 -91.89180 93.56077 -110.24705 116.37073
0087    1.73968  0.02013  0.65354  0.78740 -94.10074 95.91698 -110.28544 115.80655
0088    1.76051  0.02081  0.65354  0.78740 -96.35876 98.32226 -110.69580 117.18051
0089    1.78031  0.01978  0.64567  0.78740 -98.56770 100.62938 -109.91256 118.25891
0090    1.79986  0.01953  0.64567  0.78740 -100.67846 102.98558 -108.02826 120.43205
0091    1.82060  0.02072  0.63780  0.78740 -102.98558 105.53813 -112.92011 125.52903
0092    1.83977  0.01914  0.63780  0.78740 -105.19451 107.94341 -114.18619 123.61651
0093    1.85961  0.01982  0.63780  0.78740 -107.45254 110.39779 -116.12434 122.26027
0094    1.87961  0.01999  0.63780  0.78740 -109.75965 112.90125 -114.93748 123.72245
0095    1.90041  0.02078  0.63780  0.77953 -112.11585 115.45380 -113.83797 123.83325
0096    1.92010  0.01967  0.63780  0.77953 -114.37388 117.90818 -112.79426 121.95652
0097    1.94062  0.02049  0.64567  0.77165 -116.68099 120.41164 -115.02367 124.98090
0098    1.95999  0.01935  0.64567  0.77165 -118.88992 122.76784 -111.78862 119.56667
0099    1.98062  0.02061  0.64567  0.76378 -121.19704 125.27130 -112.78131 122.51048
0100    2.00129  0.02065  0.64567  0.75591 -123.55324 127.82385 -112.30653 122.31816
9999 9999.00000 9999.00000 999.00000 999.00000 9999.00000 9999.00000 999.00000 999.00000
