0000    0.00006  0.00006  0.04724  0.03937 23.80744 22.13846  0.00000  0.00000
0001    0.01966  0.01958  0.04724  0.03937 23.80744 22.13846  0.00000  0.00000
0002    0.04022  0.02054  0.05512  0.03937 23.80744 22.13846  0.00000  0.00000
0003    0.05970  0.01946  0.05512  0.03937 23.80744 22.13846  0.00000  0.00000
0004    0.08046  0.02074  0.04724  0.03937 23.80744 22.13846  0.00000  0.00000
0005    0.09959  0.01911  0.04724  0.03937 23.80744 22.13846  0.00000  0.00000
0006    0.11976  0.02015  0.04724  0.03937 23.80744 22.13846  0.00000  0.00000
0007    0.13992  0.02014  0.04724  0.03937 23.80744 22.13846  0.00000  0.00000
0008    0.15964  0.01969  0.04724  0.03937 23.80744 22.13846  0.00000  0.00000
0009    0.17965  0.01999  0.04724  0.03937 23.80744 22.13846  0.00000  0.00000
0010    0.19954  0.01985  0.04724  0.03937 23.80744 22.13846  0.00000  0.00000
0011    0.21992  0.02036  0.04724  0.03937 23.80744 22.13846  0.00000  0.00000
0012    0.24123  0.02129  0.04724  0.04724 23.80744 22.13846  0.00000  0.00000
0013    0.26119  0.01994  0.03937  0.05512 23.80744 22.13846  0.00000  0.00000
0014    0.28150  0.02029  0.03150  0.06299 23.80744 22.13846  0.00000  0.00000
0015    0.30007  0.01855  0.03150  0.06299 23.80744 22.13846  0.00000  0.00000
0016    0.32008  0.01999  0.03150  0.06299 23.80744 22.13846  0.00000  0.00000
0017    0.33989  0.01979  0.03150  0.06299 23.80744 22.13846  0.00000  0.00000
0018    0.36124  0.02133  0.03937  0.04724 23.80744 22.08938  0.00000 -0.12191
0019    0.38045  0.01918  0.03937  0.03937 23.80744 22.08938  0.00000 -0.12191
0020    0.40055  0.02008  0.03937  0.03150 23.80744 22.08938  0.00000 -0.12191
0021    0.41968  0.01910  0.03937  0.03150 23.80744 22.08938  0.00000 -0.12191
0022    0.43972  0.02002  0.03937  0.03150 23.80744 22.08938  0.00000 -0.12191
0023    0.46023  0.02049  0.03937  0.03150 23.80744 22.08938  0.00000 -0.12191
0024    0.47989  0.01965  0.03937  0.03150 23.80744 22.08938  0.00000 -0.12191
0025    0.49952  0.01961  0.03937  0.03150 23.80744 22.08938  0.00000 -0.12191
0026    0.51988  0.02034  0.03937  0.03150 23.80744 22.08938  0.00000  0.00000
0027    0.53971  0.01981  0.03937  0.03150 23.80744 22.08938  0.00000  0.00000
0028    0.56012  0.02039  0.03937  0.03150 23.80744 22.08938  0.00000  0.00000
0029    0.58009  0.01995  0.03937  0.03937 23.80744 22.08938  0.00000  0.00000
0030    0.60074  0.02063  0.04724  0.07087 23.80744 22.08938  0.00000  0.00000
0031    0.62115  0.02039  0.05512  0.11811 23.80744 22.08938  0.00000  0.00000
0032    0.64082  0.01965  0.10236  0.20472 23.80744 22.08938  0.00000  0.00000
0033    0.66132  0.02049  0.14173  0.22047 23.80744 21.99120  0.00000 -3.90313
0034    0.68065  0.01931  0.18110  0.29134 23.80744 21.94211  0.00000 -3.79283
0035    0.70135  0.02068  0.25197  0.36220 23.75835 21.84394 -0.11703 -3.91113
0036    0.72134  0.01997  0.34646  0.46457 23.70926 21.74576 -0.23407 -4.22965
0037    0.74120  0.01984  0.39370  0.48819 23.56200 21.54941 -0.58517 -5.23109
0038    0.76068  0.01946  0.42520  0.53543 23.41474 21.35306 -0.93627 -8.06971
0039    0.78047  0.01978  0.42520  0.55906 23.21839 21.00945 -7.25074 -14.17995
0040    0.79979  0.01929  0.42520  0.55906 22.92386 20.66584 -12.19486 -17.87655
0041    0.82049  0.02069  0.43307  0.55906 22.62934 20.22405 -14.89879 -21.50536
0042    0.84009  0.01958  0.44882  0.55906 22.23664 19.73318 -17.31500 -24.44183
0043    0.86015  0.02004  0.50394  0.55906 21.84394 19.19321 -20.10609 -26.93504
0044    0.88073  0.02056  0.55906  0.55906 21.35306 18.60416 -22.84319 -29.50679
0045    0.90034  0.01959  0.59843  0.55906 20.86219 17.96603 -25.81718 -30.89567
0046    0.92046  0.02009  0.61417  0.55906 20.27314 17.32789 -28.95966 -33.30744
0047    0.94033  0.01986  0.62205  0.55906 19.63500 16.59158 -32.90587 -36.10623
0048    0.96022  0.01987  0.63780  0.55906 18.94778 15.85526 -36.49805 -38.70079
0049    0.97953  0.01930  0.63780  0.55906 18.16238 15.06986 -40.25727 -41.14696
0050    1.00058  0.02103  0.64567  0.55906 17.27880 14.13720 -42.77815 -43.51594
0051    1.01987  0.01927  0.64567  0.55906 16.39523 13.30271 -46.03903 -44.57576
0052    1.04076  0.02087  0.66142  0.55906 15.41348 12.32096 -46.81621 -47.77581
0053    1.06054  0.01976  0.66929  0.55906 14.43173 11.38830 -51.66806 -48.54693
0054    1.08049  0.01993  0.67717  0.55906 13.40089 10.35746 -52.26328 -50.04971
0055    1.10033  0.01982  0.67717  0.55906 12.32096  9.37571 -54.26852 -50.03899
0056    1.12017  0.01981  0.68504  0.55906 11.19195  8.34488 -56.86854 -52.09798
0057    1.14035  0.02017  0.67717  0.55906 10.01385  7.26495 -59.06898 -54.36558
0058    1.16084  0.02047  0.68504  0.55906  8.83575  6.13594 -59.64604 -56.90513
0059    1.18048  0.01962  0.67717  0.55906  7.60856  5.00693 -61.73985 -58.05874
0060    1.20035  0.01985  0.67717  0.55906  6.33229  3.82883 -64.84435 -58.33160
0061    1.22071  0.02034  0.68504  0.56693  5.00693  2.65073 -64.89450 -60.15662
0062    1.24078  0.02006  0.67717  0.58268  3.68156  1.37445 -68.39080 -61.78064
0063    1.26045  0.01965  0.67717  0.59843  2.30711  0.14726 -67.98399 -63.57908
0064    1.28034  0.01986  0.67717  0.60630  0.93266 -1.12901 -71.06252 -65.64650
0065    1.30038  0.02002  0.67717  0.62205 -0.49088 -2.45437 -71.19547 -67.76859
0066    1.32011  0.01971  0.67717  0.62992 -1.91441 -3.77974 -72.42287 -68.20408
0067    1.34038  0.02026  0.67717  0.63780 -3.38704 -5.20328 -72.41326 -69.75827
0068    1.36030  0.01990  0.67717  0.63780 -4.85966 -6.62681 -73.64800 -71.02139
0069    1.38058  0.02026  0.67717  0.64567 -6.38138 -8.05035 -75.13891 -71.93941
0070    1.40059  0.01999  0.66929  0.64567 -7.85400 -9.52298 -73.65187 -73.43316
0071    1.42060  0.01999  0.66929  0.65354 -9.37571 -11.04469 -76.68664 -76.20803
0072    1.43979  0.01917  0.66929  0.65354 -10.89743 -12.46823 -78.71885 -76.59151
0073    1.45998  0.02017  0.66929  0.65354 -12.51731 -14.08811 -80.32909 -78.43396
0074    1.47960  0.01960  0.66929  0.65354 -14.08811 -15.60982 -80.35999 -79.17530
0075    1.49972  0.02010  0.66929  0.65354 -15.75709 -17.22971 -82.28150 -79.42062
0076    1.51977  0.02003  0.66929  0.65354 -17.37697 -18.89869 -82.58536 -83.17448
0077    1.53956  0.01977  0.66929  0.65354 -19.04595 -20.51858 -83.27537 -82.12114
0078    1.55949  0.01990  0.66929  0.65354 -20.66584 -22.18755 -82.63541 -83.44028
0079    1.57999  0.02049  0.66929  0.65354 -22.38390 -23.90561 -82.41481 -83.95116
0080    1.60035  0.02034  0.66929  0.64567 -24.10196 -25.57459 -83.83359 -81.51835
0081    1.62115  0.02077  0.66929  0.65354 -25.82003 -27.34174 -83.54466 -85.90742
0082    1.64016  0.01899  0.66929  0.65354 -27.43991 -28.96162 -86.05049 -86.24704
0083    1.66012  0.01994  0.66929  0.65354 -29.15798 -30.67969 -86.84134 -86.21901
0084    1.68061  0.02048  0.66929  0.64567 -30.97421 -32.44684 -87.45090 -87.53355
0085    1.70040  0.01977  0.66929  0.65354 -32.69228 -34.21399 -87.85864 -87.99408
0086    1.72002  0.01960  0.66929  0.65354 -34.41034 -35.98114 -88.38702 -90.85987
0087    1.74023  0.02019  0.66929  0.65354 -36.22658 -37.79738 -91.22545 -91.09509
0088    1.76022  0.01997  0.66929  0.65354 -38.09190 -39.66270 -91.30774 -92.45308
0089    1.78031  0.02008  0.66929  0.65354 -39.90814 -41.52803 -92.65201 -93.06569
0090    1.80057  0.02024  0.66929  0.64567 -41.77346 -43.39335 -91.17038 -90.84054
0091    1.81998  0.01939  0.66929  0.64567 -43.58970 -45.16050 -92.89749 -93.03394
0092    1.84174  0.02174  0.66142  0.65354 -45.55320 -47.17309 -90.21365 -92.22640
0093    1.85996  0.01819  0.66142  0.65354 -47.22218 -48.89115 -92.12341 -94.10496
0094    1.88062  0.02064  0.66142  0.64567 -49.18567 -50.80556 -94.55815 -95.13542
0095    1.90044  0.01980  0.66142  0.65354 -51.05100 -52.67089 -93.93209 -94.32829
0096    1.92025  0.01979  0.66142  0.64567 -52.91633 -54.53621 -95.21477 -94.79005
0097    1.94055  0.02028  0.66142  0.65354 -54.87983 -56.49971 -96.43057 -95.75526
0098    1.96051  0.01995  0.66142  0.64567 -56.79424 -58.41413 -95.52606 -97.09146
0099    1.97962  0.01909  0.66142  0.64567 -58.61048 -60.27945 -93.30628 -98.24475
0100    2.00047  0.02082  0.66142  0.64567 -60.57398 -62.29204 -95.42671 -94.74888
0101    2.01954  0.01906  0.66142  0.64567 -62.39021 -64.10827 -96.51115 -95.97149
0102    2.03986  0.02030  0.66142  0.64567 -64.35371 -66.07178 -97.03388 -98.09554
0103    2.06006  0.02018  0.66142  0.64567 -66.36630 -68.03528 -98.68421 -97.52064
0104    2.07992  0.01984  0.66142  0.64567 -68.32980 -70.04786 -99.09560 -100.47384
0105    2.10025  0.02031  0.66142  0.64567 -70.34239 -72.06045 -97.20682 -99.82409
0106    2.11980  0.01953  0.66142  0.64567 -72.20771 -73.97486 -97.61663 -99.19172
0107    2.14001  0.02019  0.66142  0.64567 -74.22030 -75.98745 -100.69024 -97.18854
0108    2.16001  0.01998  0.66142  0.64567 -76.23289 -77.90186 -98.16224 -97.49158
0109    2.17996  0.01993  0.66142  0.64567 -78.19639 -79.91445 -99.25289 -100.04688
0110    2.19976  0.01978  0.66142  0.64567 -80.15989 -81.87795 -99.13262 -99.65892
0111    2.21978  0.02001  0.66142  0.64567 -82.12339 -83.89054 -98.89396 -99.40363
0112    2.23988  0.02008  0.66142  0.64567 -84.08689 -85.85404 -97.86965 -99.31916
0113    2.26058  0.02068  0.66142  0.64567 -86.14856 -87.91571 -99.94197 -96.76513
0114    2.27974  0.01915  0.66142  0.64567 -88.06298 -89.78104 -100.33727 -96.62703
0115    2.29985  0.02009  0.66142  0.64567 -90.07556 -91.74454 -99.98676 -97.06362
0116    2.32028  0.02041  0.66142  0.64567 -92.08815 -93.70804 -99.24988 -99.46809
0117    2.34060  0.02029  0.66142  0.65354 -94.10074 -95.76971 -100.42965 -100.97192
0118    2.36083  0.02021  0.66142  0.64567 -96.11333 -97.83139 -99.03862 -104.02649
0119    2.38068  0.01983  0.66142  0.65354 -98.12591 -99.89306 -102.33491 -102.74295
0120    2.40006  0.01937  0.66142  0.65354 -100.13850 -101.90565 -104.21975 -102.30932
0121    2.42061  0.02053  0.66142  0.64567 -102.29835 -104.01641 -104.32717 -101.34194
0122    2.44102  0.02038  0.66142  0.65354 -104.40911 -106.12718 -102.42994 -103.07303
0123    2.46077  0.01974  0.66142  0.64567 -106.42170 -108.13976 -102.42460 -102.98869
0124    2.48052  0.01973  0.66142  0.65354 -108.43429 -110.20144 -100.02038 -101.44037
0125    2.50103  0.02049  0.66142  0.65354 -110.49596 -112.21402 -99.98982 -99.87182
0126    2.52005  0.01900  0.66142  0.65354 -112.41038 -114.12844 -101.50539 -100.29627
0127    2.54148  0.02141  0.66142  0.64567 -114.57023 -116.28829 -101.57260 -101.12898
0128    2.56080  0.01930  0.66142  0.65354 -116.53373 -118.25179 -102.11139 -104.29725
0129    2.58092  0.02010  0.66142  0.64567 -118.59540 -120.41164 -103.41395 -106.25115
0130    2.60083  0.01990  0.66142  0.65354 -120.65707 -122.52240 -102.42994 -104.53824
0131    2.61991  0.01906  0.66142  0.65354 -122.62058 -124.53499 -103.33558 -105.90158
0132    2.64069  0.02076  0.66142  0.64567 -124.82951 -126.64575 -106.06290 -103.16401
0133    2.66110  0.02039  0.66142  0.65354 -126.94028 -128.80560 -103.57761 -104.29614
0134    2.68059  0.01947  0.66142  0.64567 -129.00195 -130.81819 -102.38401 -103.19112
0135    2.70089  0.02028  0.66142  0.65354 -131.01454 -132.92895 -101.18005 -102.16134
0136    2.71997  0.01906  0.66142  0.65354 -132.92895 -134.89245 -100.26246 -103.16076
0137    2.74043  0.02044  0.66142  0.64567 -134.99063 -136.95413 -98.93781 -102.87322
0138    2.76134  0.02090  0.66929  0.65354 -137.10139 -139.11398 -101.92270 -101.43932
0139    2.78056  0.01919  0.66929  0.64567 -139.06489 -141.07748 -102.09547 -103.20848
0140    2.80088  0.02030  0.67717  0.64567 -141.17565 -143.09006 -103.86801 -101.04675
0141    2.82105  0.02013  0.68504  0.65354 -143.28641 -145.20083 -106.31789 -105.42961
0142    2.84015  0.01908  0.68504  0.65354 -145.34809 -147.26250 -106.21092 -110.14192
0143    2.86080  0.02063  0.69291  0.65354 -147.50794 -149.47144 -104.99102 -106.32019
0144    2.87975  0.01892  0.69291  0.65354 -149.52053 -151.48403 -108.07345 -104.98877
0145    2.89989  0.02013  0.69291  0.65354 -151.72946 -153.64388 -108.03182 -107.28687
0146    2.92004  0.02012  0.69291  0.65354 -153.88931 -155.75464 -107.71417 -105.42961
0147    2.94217  0.02211  0.69291  0.65354 -156.29460 -158.11084 -107.48891 -105.63039
0148    2.95978  0.01759  0.69291  0.65354 -158.15993 -159.97616 -106.77114 -106.19369
0149    2.98097  0.02116  0.68504  0.65354 -160.36886 -162.18510 -104.46372 -103.80321
0150    3.00119  0.02021  0.69291  0.65354 -162.47963 -164.24677 -105.79431 -102.71070
0151    3.02117  0.01996  0.68504  0.65354 -164.59039 -166.30845 -104.31941 -103.05572
0152    3.04008  0.01889  0.68504  0.65354 -166.55389 -168.22286 -103.81638 -99.65589
0153    3.06040  0.02030  0.68504  0.65354 -168.66465 -170.23545 -102.67955 -99.45297
0154    3.08186  0.02145  0.69291  0.66142 -170.87359 -172.44439 -102.47164 -103.65306
0155    3.10136  0.01948  0.68504  0.65354 -172.93526 -174.50606 -108.58265 -110.61473
0156    3.12109  0.01972  0.69291  0.65354 -175.09511 -176.66591 -110.02342 -107.73426
0157    3.14044  0.01933  0.69291  0.66142 -177.25496 -178.77667 -109.94949 -108.03777
0158    3.16028  0.01982  0.69291  0.66142 -179.46390 -180.88744 -110.40078 -107.56782
0159    3.18080  0.02051  0.68504  0.66142 -181.72193 -183.14546 -112.13848 -110.69955
0160    3.20137  0.02054  0.69291  0.66929 -184.02904 -185.40349 -109.76878 -108.20328
0161    3.22132  0.01993  0.68504  0.67717 -186.18889 -187.56334 -109.55197 -105.49872
0162    3.24104  0.01969  0.68504  0.68504 -188.34874 -189.62501 -109.45670 -112.29882
0163    3.26150  0.02044  0.66929  0.69291 -190.55768 -191.83395 -109.63516 -109.95934
0164    3.28152  0.02000  0.64567  0.70079 -192.71753 -194.04289 -106.71776 -109.97659
0165    3.30115  0.01961  0.61417  0.70866 -194.82829 -196.20274 -105.92557 -110.37968
0166    3.32040  0.01923  0.60630  0.70866 -196.84087 -198.31350 -104.22860 -111.44725
0167    3.34138  0.02097  0.58268  0.71654 -199.04981 -200.62061 -104.14125 -110.01849
0168    3.36095  0.01955  0.55906  0.70866 -201.06240 -202.73137 -104.55383 -108.33462
0169    3.38097  0.02000  0.54331  0.71654 -203.12408 -204.94031 -102.94657 -110.00000
0170    3.40097  0.01998  0.54331  0.70866 -205.18575 -207.14925 -101.75895 -110.26191
0171    3.42049  0.01951  0.54331  0.71654 -207.14925 -209.30910 -100.91795 -111.42828
0172    3.43989  0.01937  0.54331  0.71654 -209.06366 -211.51804 -97.22511 -112.84223
0173    3.46128  0.02137  0.53543  0.71654 -211.12534 -213.92333 -94.40812 -110.89962
0174    3.48121  0.01991  0.51969  0.72441 -213.08884 -216.13226 -98.85114 -111.59801
0175    3.50034  0.01911  0.51969  0.72441 -215.00325 -218.29211 -102.26456 -113.32548
0176    3.52039  0.02003  0.47244  0.72441 -217.11401 -220.59923 -103.20088 -114.85277
0177    3.54103  0.02062  0.43307  0.74016 -219.17569 -222.95543 -100.58296 -113.66662
0178    3.56171  0.02066  0.36220  0.74803 -221.23736 -225.36071 -97.17988 -114.48579
0179    3.58130  0.01957  0.29134  0.75591 -223.10269 -227.56965 -93.38793 -113.53649
0180    3.60110  0.01978  0.13386  0.77953 -224.91893 -229.82768 -91.84160 -114.18619
0181    3.62127  0.02015  0.03937  0.78740 -226.73516 -232.08570 -87.79500 -114.66765
0182    3.64043  0.01913  0.00787  0.78740 -228.25688 -234.29464 -77.30985 -114.18619
0183    3.66118  0.02074 -0.05469  0.78740 -229.97494 -236.65084 -85.79781 -114.94421
0184    3.68107  0.01986 -0.07813  0.78740 -231.49665 -238.95795 -63.66236 -117.37103
0185    3.70116  0.02007 -0.09375  0.78740 -232.72384 -241.31415 -63.18055 -117.04220
0186    3.72219  0.02101 -0.13281  0.77953 -234.04920 -243.76852 -61.88774 -114.59805
0187    3.74077  0.01856 -0.18750  0.77953 -235.12913 -245.97746 -56.73904 -118.49156
0188    3.76126  0.02048 -0.21094  0.77165 -236.15996 -248.38275 -49.10444 -116.54617
0189    3.78200  0.02072 -0.26563  0.75591 -237.14171 -250.78804 -45.68617 -114.16627
0190    3.80133  0.01930 -0.31250  0.74016 -238.02529 -252.99698 -43.63062 -116.40522
0191    3.82088  0.01954 -0.33594  0.70866 -238.76160 -255.25500 -37.91141 -114.70248
0192    3.84128  0.02038 -0.35156  0.66929 -239.35065 -257.61120 -30.08992 -114.45910
0193    3.86049  0.01918 -0.35156  0.62205 -239.74335 -259.72196 -20.41638 -110.43431
0194    3.88203  0.02153 -0.35938  0.47244 -240.08696 -262.07816 -16.54602 -105.29618
0195    3.90074  0.01869 -0.35938  0.44094 -240.13605 -263.99258 -13.88101 -101.31893
0196    3.92081  0.02005 -0.35938  0.37795 -240.13605 -266.00516 -13.88101 -99.04061
0197    3.94066  0.01983 -0.35938  0.32283 -240.08696 -267.91958 -5.26058 -93.40570
0198    3.96035  0.01968 -0.35938  0.27559 -240.03787 -269.58855 -3.08500 -75.56573
0199    3.98102  0.02064 -0.35156  0.21260 -239.98879 -271.20844 -1.83255 -81.58881
0200    4.00066  0.01962 -0.35156  0.14173 -239.89061 -272.77924  0.00000 -80.19326
0201    4.02128  0.02060 -0.35938  0.06299 -239.74335 -274.39912  2.15787 -76.42397
0202    4.04134  0.02004 -0.35156  0.01575 -239.54700 -275.77358  6.09196 -61.31530
0203    4.06125  0.01989 -0.34375  0.03150 -239.25248 -277.04985 11.39320 -68.48097
0204    4.08052  0.01923 -0.32813  0.03150 -238.95795 -278.37521 14.33946 -70.53004
0205    4.10107  0.02054 -0.32813  0.02362 -238.66343 -279.79875 15.13719 -67.96658
0206    4.12128  0.02018 -0.31250  0.01575 -238.27073 -281.17320 17.93124 -67.29662
0207    4.14119  0.01990 -0.30469  0.03150 -237.92711 -282.44948 18.41014 -64.41126
0208    4.16088  0.01966 -0.28906  0.03150 -237.58350 -283.62758 18.20176 -58.99975
0209    4.18102  0.02013 -0.25781  0.02362 -237.14171 -284.80568 20.03040 -58.95936
0210    4.20063  0.01959 -0.22656  0.02362 -236.79810 -285.98378 19.71354 -59.16081
0211    4.22173  0.02106 -0.17969  0.01575 -236.35631 -287.21096 19.70428 -58.87168
0212    4.24127  0.01942 -0.14844 -0.01563 -235.96361 -288.38906 19.41725 -58.53715
0213    4.26113  0.01985 -0.14063 -0.07813 -235.62000 -289.51808 18.33001 -56.71086
0214    4.28046  0.01932 -0.14063 -0.09375 -235.27639 -290.49983 17.58133 -50.44523
0215    4.30088  0.02041 -0.14844 -0.10156 -234.98186 -291.23614 16.35016 -36.03347
0216    4.32075  0.01986 -0.16406 -0.10156 -234.63825 -291.92336 15.57019 -32.07201
0217    4.34013  0.01937 -0.19531 -0.10156 -234.34373 -292.36515 15.82041 -24.30291
0218    4.36007  0.01993 -0.19531 -0.10156 -234.04920 -292.70876 15.27381 -19.74931
0219    4.38107  0.02098 -0.20313 -0.10156 -233.75468 -293.00329 14.35370 -15.43035
0220    4.40036  0.01928 -0.20313 -0.10156 -233.50924 -293.19964 13.10811 -12.47143
0221    4.42038  0.02001 -0.20313 -0.10156 -233.31289 -293.39599 11.34841 -10.06700
0222    4.44030  0.01990 -0.19531 -0.10156 -233.16563 -293.54325  9.32566 -8.51777
0223    4.46074  0.02043 -0.17969 -0.10156 -233.11654 -293.64142  8.50756 -7.33187
0224    4.48113  0.02038 -0.12500 -0.10156 -233.06745 -293.69051  7.39399 -6.58704
0225    4.50131  0.02017 -0.07031 -0.10938 -233.06745 -293.69051  7.39399 -6.58704
0226    4.52157  0.02025 -0.00781 -0.13281 -233.06745 -293.69051  7.39399 -6.58704
0227    4.54074  0.01916  0.05512 -0.14844 -233.06745 -293.64142  7.39399 -6.58704
0228    4.56080  0.02004  0.03937 -0.20313 -233.01836 -293.59234  3.31092 -2.61130
0229    4.58122  0.02041  0.04724 -0.24219 -232.92019 -293.54325  2.92100 -1.76106
0230    4.60140  0.02017  0.03937 -0.25781 -232.82201 -293.44508  2.76541 -0.54458
0231    4.62098  0.01957  0.04724 -0.26563 -232.72384 -293.34690  2.63036  0.53487
0232    4.64160  0.02061  0.04724 -0.27344 -232.67475 -293.15055  2.57963  2.89675
0233    4.66157  0.01996  0.03937 -0.28125 -232.57658 -292.95420  2.46453  7.92930
0234    4.68072  0.01914  0.03937 -0.28906 -232.57658 -292.75785  2.46453  9.65269
0235    4.70083  0.02010  0.03937 -0.29688 -232.52749 -292.51241  3.67765 11.16969
0236    4.72052  0.01968  0.03937 -0.30469 -232.47840 -292.26698  3.31434 12.48746
0237    4.74079  0.02027  0.03937 -0.31250 -232.47840 -291.97245  3.31434 13.33398
0238    4.75963  0.01883  0.03937 -0.31250 -232.47840 -291.72701  3.31434 13.60754
0239    4.78030  0.02065  0.03937 -0.32031 -232.47840 -291.43249  3.31434 13.69518
0240    4.80134  0.02103  0.03150 -0.32813 -232.47840 -291.13796  3.31434 14.17321
0241    4.82035  0.01900  0.03150 -0.33594 -232.42931 -290.89253  2.04689 14.51625
0242    4.84101  0.02065  0.01575 -0.34375 -232.33114 -290.54891  2.01463 15.05625
0243    4.85985  0.01882  0.01575 -0.34375 -232.23296 -290.25439  2.03679 15.21699
0244    4.88070  0.02084  0.00787 -0.34375 -232.13479 -289.95986  2.10268 15.72060
0245    4.90008  0.01937  0.00787 -0.34375 -231.98753 -289.61625  2.67116 16.65855
0246    4.92066  0.02057  0.00000 -0.34375 -231.84026 -289.22355  6.39173 18.08824
0247    4.94009  0.01942  0.00000 -0.34375 -231.69300 -288.83085  7.30553 19.23623
0248    4.96122  0.02112 -0.03906 -0.34375 -231.49665 -288.43815  7.78357 20.07373
0249    4.98067  0.01944 -0.04688 -0.34375 -231.34939 -288.04545  7.79311 20.61933
0250    5.00095  0.02027 -0.05469 -0.33594 -231.20213 -287.60366  7.90491 21.09811
0251    5.02127  0.02031 -0.06250 -0.32813 -231.00578 -287.21096  8.16472 20.19717
0252    5.04027  0.01899 -0.06250 -0.30469 -230.85851 -286.81826  8.29938 19.31822
0253    5.06206  0.02177 -0.07813 -0.28906 -230.66216 -286.47465  8.38499 17.34440
0254    5.08122  0.01915 -0.08594 -0.26563 -230.51490 -286.18013  8.79344 15.92700
0255    5.10073  0.01950 -0.08594 -0.24219 -230.26946 -285.83651  9.95910 15.62672
0256    5.12094  0.02020 -0.08594 -0.20313 -230.02403 -285.49290 11.12685 16.82612
0257    5.14026  0.01931 -0.08594 -0.13281 -229.77859 -285.14929 12.28665 17.80394
0258    5.16066  0.02039 -0.08594 -0.10938 -229.53315 -284.80568 13.00550 17.73578
0259    5.18072  0.02005 -0.08594 -0.08594 -229.23862 -284.46206 13.44717 16.88919
0260    5.20069  0.01997 -0.08594 -0.04688 -228.99319 -284.16754 13.10045 15.90499
0261    5.22076  0.02006 -0.07813 -0.04688 -228.74775 -283.87301 12.77454 14.62348
0262    5.24133  0.02056 -0.08594 -0.02344 -228.50231 -283.62758 12.28248 13.54065
0263    5.26033  0.01898 -0.08594  0.00787 -228.30596 -283.38214 11.84693 12.23700
0264    5.28039  0.02005 -0.08594  0.00787 -228.06052 -283.18579 11.46885 10.97990
0265    5.30009  0.01968 -0.08594  0.00787 -227.86418 -282.98944 10.91052 10.02570
0266    5.32053  0.02043 -0.09375  0.00787 -227.66783 -282.84218 10.33072  9.58696
0267    5.34064  0.02010 -0.10156  0.00787 -227.47148 -282.64583  9.63758  8.97998
0268    5.36034  0.01969 -0.12500  0.00787 -227.32421 -282.49856  9.10647  8.36957
0269    5.38118  0.02082 -0.13281  0.00000 -227.12786 -282.35130  8.44158  7.61035
0270    5.40073  0.01954 -0.13281 -0.06250 -226.98060 -282.25313  7.99001  7.23140
0271    5.42132  0.02058 -0.14063 -0.10156 -226.83334 -282.10586  7.78480  6.74730
0272    5.44108  0.01975 -0.14063 -0.11719 -226.68608 -281.95860  7.70943  6.57378
0273    5.46077  0.01967 -0.14844 -0.13281 -226.53881 -281.86043  7.83886  6.50955
0274    5.48094  0.02017 -0.17188 -0.13281 -226.39155 -281.71316  7.81486  6.56036
0275    5.50063  0.01968 -0.19531 -0.13281 -226.19520 -281.51681  7.88320  7.60019
0276    5.52079  0.02015 -0.20313 -0.13281 -226.04794 -281.36955  8.05266  8.21856
0277    5.54076  0.01995 -0.21094 -0.13281 -225.85159 -281.17320  8.74329  8.82685
0278    5.56088  0.02011 -0.21875 -0.13281 -225.65524 -280.97685  9.57286  8.67252
0279    5.58057  0.01962 -0.21875 -0.13281 -225.40980 -280.82959 10.40847  8.90821
0280    5.60117  0.02058 -0.22656 -0.13281 -225.21345 -280.63324 10.99089  8.85507
0281    5.62014  0.01896 -0.22656 -0.13281 -224.96801 -280.48598 11.47164  8.73752
0282    5.64052  0.02037 -0.22656 -0.14063 -224.72258 -280.28963 11.47241  8.67127
0283    5.66083  0.02030 -0.21875 -0.14063 -224.52622 -280.14236 11.28522  8.68000
0284    5.68012  0.01929 -0.21875 -0.14063 -224.28079 -279.94601 11.51105  9.05050
0285    5.70120  0.02106 -0.21875 -0.14844 -224.03535 -279.74966 11.76019  9.45310
0286    5.72056  0.01936 -0.21875 -0.15625 -223.78991 -279.55331 11.71183  9.82641
0287    5.74137  0.02079 -0.21875 -0.18750 -223.54448 -279.30787 11.93072 10.39106
0288    5.76147  0.02010 -0.21875 -0.19531 -223.29904 -279.06244 12.16273 11.39378
0289    5.78072  0.01922 -0.21875 -0.20313 -223.05360 -278.81700 12.50702 12.44693
0290    5.80006  0.01933 -0.21875 -0.21875 -222.80816 -278.52248 12.62628 13.63642
0291    5.82039  0.02032 -0.21875 -0.22656 -222.51364 -278.17886 13.40555 15.73600
0292    5.84039  0.01999 -0.21875 -0.24219 -222.21911 -277.83525 15.68035 17.57170
0293    5.86048  0.02008 -0.22656 -0.24219 -221.87550 -277.44255 16.58807 19.40118
0294    5.88045  0.01996 -0.21875 -0.24219 -221.53189 -277.04985 17.35663 20.86468
0295    5.90053  0.02006 -0.22656 -0.24219 -221.13919 -276.55898 19.14627 22.09979
0296    5.92058  0.02005 -0.22656 -0.24219 -220.69740 -276.11719 20.05700 23.17252
0297    5.94016  0.01956 -0.22656 -0.24219 -220.30470 -275.67540 20.58750 23.63954
0298    5.95996  0.01979 -0.22656 -0.24219 -219.91200 -275.18453 21.18539 23.51210
0299    5.98020  0.02023 -0.22656 -0.24219 -219.47021 -274.69365 21.26565 23.12922
0300    6.00053  0.02032 -0.21875 -0.24219 -219.02843 -274.25186 20.98658 22.78223
0301    6.02046  0.01991 -0.21875 -0.24219 -218.63573 -273.81008 20.23455 22.18870
0302    6.04109  0.02062 -0.22656 -0.23438 -218.24303 -273.36829 19.08946 22.04095
0303    6.05969  0.01859 -0.22656 -0.23438 -217.89941 -272.97559 18.47517 21.28954
0304    6.08062  0.02092 -0.22656 -0.21875 -217.55580 -272.53380 17.00168 20.03751
0305    6.10001  0.01938 -0.22656 -0.21875 -217.26127 -272.19019 15.83414 19.23431
0306    6.12091  0.02088 -0.23438 -0.21094 -216.91766 -271.79749 15.48445 18.47930
0307    6.14091  0.01999 -0.23438 -0.21094 -216.67223 -271.45388 14.98871 17.11201
0308    6.16023  0.01930 -0.23438 -0.20313 -216.37770 -271.15935 14.33995 15.88903
0309    6.18105  0.02081 -0.24219 -0.19531 -216.08317 -270.86483 14.36536 15.25942
0310    6.19980  0.01874 -0.24219 -0.19531 -215.83774 -270.61939 14.07115 14.30276
0311    6.22043  0.02062 -0.25000 -0.19531 -215.54321 -270.32486 13.97766 13.21904
0312    6.24100  0.02056 -0.25000 -0.18750 -215.19960 -270.03034 15.08210 13.44077
0313    6.26034  0.01933 -0.24219 -0.18750 -214.90507 -269.78490 16.01756 14.10202
0314    6.27972  0.01936 -0.24219 -0.18750 -214.56146 -269.49038 16.00978 14.82379
0315    6.29995  0.02023 -0.24219 -0.18750 -214.21785 -269.14676 16.70308 16.31418
0316    6.31963  0.01967 -0.24219 -0.18750 -213.87424 -268.75406 18.48640 17.82504
0317    6.34044  0.02080 -0.24219 -0.17969 -213.43245 -268.36136 20.30498 19.64875
0318    6.36031  0.01986 -0.24219 -0.17188 -212.99066 -267.91958 22.00893 21.56081
0319    6.37953  0.01921 -0.24219 -0.17188 -212.54888 -267.47779 23.39500 22.92935
0320    6.40083  0.02129 -0.24219 -0.15625 -212.00891 -266.98691 25.21141 24.01841
0321    6.41976  0.01893 -0.24219 -0.15625 -211.51804 -266.49604 26.65713 25.41030
0322    6.44098  0.02121 -0.24219 -0.14844 -210.92899 -265.90699 27.80689 26.21054
0323    6.46110  0.02011 -0.23438 -0.14063 -210.33994 -265.41611 28.18149 26.64685
0324    6.48128  0.02017 -0.22656 -0.13281 -209.75089 -264.82706 29.10786 27.95249
0325    6.50100  0.01971 -0.21875 -0.11719 -209.16184 -264.28710 29.36856 27.91330
0326    6.52087  0.01986 -0.19531 -0.10156 -208.57279 -263.74714 29.36505 26.70716
0327    6.54091  0.02003 -0.16406 -0.08594 -208.03283 -263.25626 27.36990 25.32810
0328    6.56113  0.02021 -0.09375 -0.07031 -207.54195 -262.76539 25.81331 23.16350
0329    6.58124  0.02010 -0.05469 -0.04688 -207.05108 -262.32360 24.52689 21.87524
0330    6.60156  0.02031 -0.01563  0.00787 -206.56020 -261.93090 23.80162 21.38847
0331    6.62116  0.01958  0.01575  0.02362 -206.11841 -261.48911 22.81023 21.28118
0332    6.64068  0.01951  0.01575  0.03150 -205.62754 -261.04733 23.04956 21.65221
0333    6.66058  0.01990  0.01575  0.03150 -205.18575 -260.60554 22.51792 21.85148
0334    6.67980  0.01920  0.01575  0.03150 -204.79305 -260.21284 22.63474 21.75614
0335    6.70101  0.02120  0.02362  0.03150 -204.30218 -259.77105 22.30946 20.99910
0336    6.71982  0.01880  0.02362  0.03150 -203.86039 -259.37835 22.36689 20.54098
0337    6.73949  0.01966  0.02362  0.03150 -203.46769 -258.98565 21.77578 20.00779
0338    6.75959  0.02009  0.02362  0.03150 -203.02590 -258.59295 20.88394 19.22516
0339    6.78035  0.02076  0.02362  0.03937 -202.63320 -258.24934 19.83285 18.51049
0340    6.79969  0.01932  0.02362  0.03937 -202.28959 -257.90573 18.26267 17.76994
0341    6.81958  0.01988  0.02362  0.03937 -201.94598 -257.56211 16.88933 16.67621
0342    6.83978  0.02019  0.02362  0.03937 -201.65145 -257.26759 15.65725 16.04266
0343    6.85972  0.01993  0.02362  0.03937 -201.35693 -256.97306 14.75329 15.01367
0344    6.88022  0.02048  0.02362  0.03937 -201.06240 -256.67854 14.55436 13.69457
0345    6.89995  0.01972  0.02362  0.03937 -200.76788 -256.48219 14.40240 12.48935
0346    6.91976  0.01981  0.02362  0.03937 -200.52244 -256.23675 13.35794 11.64182
0347    6.93981  0.02003  0.02362  0.03937 -200.32609 -255.99131 11.92363 11.73730
0348    6.95965  0.01983  0.02362  0.03937 -200.12974 -255.79496 10.12537 11.56828
0349    6.97987  0.02006  0.02362  0.03937 -199.98248 -255.54953  9.13573 10.82331
0350    6.99950  0.01962  0.02362  0.03937 -199.83521 -255.40226  8.40052 10.07989
0351    7.01995  0.02044  0.02362  0.03937 -199.63886 -255.20591  8.06074  8.84509
0352    7.04013  0.02017  0.02362  0.03937 -199.49160 -255.10774  7.71778  8.14578
0353    7.05959  0.01945  0.02362  0.03937 -199.39343 -255.00956  7.45308  7.34676
0354    7.08025  0.02065  0.03150  0.03937 -199.29525 -254.91139  6.99281  6.39937
0355    7.09970  0.01945  0.03150  0.03937 -199.19707 -254.81321  6.30570  5.52463
0356    7.12126  0.02154  0.06299  0.03937 -199.09890 -254.76413  5.26730  5.14834
0357    7.14070  0.01943  0.04724  0.03937 -199.09890 -254.66595  5.26730  4.42200
0358    7.15964  0.01893  0.04724  0.03937 -199.04981 -254.66595  4.29660  4.42200
0359    7.18078  0.02113  0.06299  0.06299 -199.04981 -254.66595  4.29660  4.42200
0360    7.20115  0.02036  0.11811  0.09449 -199.04981 -254.66595  4.29660  4.42200
0361    7.22069  0.01953  0.16535  0.14961 -199.09890 -254.66595  4.29660  4.42200
0362    7.24097  0.02026  0.20472  0.19685 -199.09890 -254.71504  4.29660  4.42200
0363    7.26098  0.02000  0.24409  0.24409 -199.14799 -254.76413  1.90959  1.79715
0364    7.28066  0.01967  0.25984  0.29921 -199.24616 -254.86230  0.89765  0.88440
0365    7.30134  0.02067  0.27559  0.31496 -199.39343 -255.00956 -0.45148 -0.46171
0366    7.32059  0.01924  0.26772  0.31496 -199.58978 -255.15683 -2.84011 -2.68637
0367    7.34090  0.02030  0.27559  0.32283 -199.78613 -255.40226 -8.75935 -8.49216
0368    7.36072  0.01980  0.27559  0.32283 -200.03156 -255.64770 -10.84499 -10.96881
0369    7.37993  0.01920  0.27559  0.32283 -200.22791 -255.89314 -11.54503 -12.91139
0370    7.40166  0.02172  0.28346  0.32283 -200.52244 -256.23675 -12.72821 -14.46827
0371    7.42052  0.01885  0.29134  0.32283 -200.81696 -256.53128 -14.28445 -15.09583
0372    7.44047  0.01993  0.30709  0.32283 -201.16058 -256.82580 -15.74988 -15.85949
0373    7.46043  0.01996  0.31496  0.32283 -201.50419 -257.16941 -17.07314 -17.02057
0374    7.47988  0.01943  0.31496  0.32283 -201.84780 -257.56211 -18.13616 -18.44213
0375    7.50025  0.02037  0.31496  0.32283 -202.24050 -257.95481 -19.45138 -19.53712
0376    7.52003  0.01977  0.31496  0.32283 -202.68229 -258.34751 -20.78970 -20.94695
0377    7.54017  0.02013  0.31496  0.33071 -203.07499 -258.78930 -21.80465 -21.83394
0378    7.56032  0.02014  0.32283  0.33071 -203.56586 -259.28018 -22.83304 -23.63590
0379    7.57989  0.01955  0.32283  0.33071 -204.05674 -259.77105 -24.24529 -24.41678
0380    7.60037  0.02047  0.31496  0.33071 -204.54761 -260.31101 -25.51902 -25.41524
0381    7.61991  0.01953  0.31496  0.33071 -205.08758 -260.80189 -26.59632 -26.42665
0382    7.64011  0.02019  0.32283  0.33071 -205.62754 -261.39094 -27.40305 -27.97136
0383    7.65971  0.01959  0.32283  0.33071 -206.16750 -261.93090 -27.93912 -29.19668
0384    7.68052  0.02080  0.32283  0.32283 -206.80564 -262.56904 -29.04706 -30.16982
0385    7.70023  0.01970  0.32283  0.31496 -207.34560 -263.15809 -29.73054 -30.38966
0386    7.71953  0.01929  0.32283  0.31496 -207.93465 -263.74714 -30.10256 -30.65057
0387    7.73999  0.02044  0.32283  0.31496 -208.57279 -264.38528 -30.58154 -29.91754
0388    7.76069  0.02069  0.33071  0.29921 -209.21093 -265.02341 -30.83463 -31.07138
0389    7.78166  0.02096  0.34646  0.28346 -209.84906 -265.66155 -31.18102 -31.42063
0390    7.80153  0.01986  0.35433  0.26772 -210.48720 -266.29969 -31.00887 -31.45899
0391    7.81988  0.01834  0.35433  0.26772 -211.07625 -266.88874 -31.66711 -31.20818
0392    7.84144  0.02156  0.38583  0.24409 -211.76348 -267.52688 -32.48128 -30.46434
0393    7.86147  0.02002  0.39370  0.23622 -212.40161 -268.11593 -32.83445 -29.97747
0394    7.88141  0.01992  0.40945  0.22835 -213.08884 -268.75406 -33.27684 -29.63630
0395    7.90120  0.01978  0.42520  0.22047 -213.72698 -269.34311 -33.46799 -30.12667
0396    7.92098  0.01977  0.43307  0.20472 -214.41420 -269.93216 -33.68826 -29.78475
0397    7.94101  0.02002  0.43307  0.18898 -215.10143 -270.52121 -34.68493 -29.33443
0398    7.96076  0.01974  0.43307  0.18110 -215.78865 -271.06118 -35.77376 -29.05884
0399    7.98038  0.01961  0.43307  0.18110 -216.52496 -271.65023 -36.76897 -28.58178
0400    8.00029  0.01990  0.43307  0.18110 -217.26127 -272.19019 -36.32196 -28.19768
0401    8.02023  0.01993  0.43307  0.18110 -217.94850 -272.77924 -36.04181 -27.73282
0402    8.04132  0.02108  0.42520  0.18110 -218.73390 -273.31920 -35.31246 -27.32914
0403    8.06145  0.02011  0.42520  0.18898 -219.42113 -273.85916 -34.77117 -26.43448
0404    8.08042  0.01896  0.42520  0.20472 -220.05926 -274.35004 -34.04492 -25.20850
0405    8.10089  0.02047  0.42520  0.21260 -220.74649 -274.84091 -32.54826 -24.33248
0406    8.12016  0.01926  0.42520  0.22835 -221.33554 -275.28270 -31.96779 -24.11179
0407    8.13962  0.01945  0.42520  0.22835 -221.97368 -275.77358 -31.36361 -23.23124
0408    8.16064  0.02101  0.42520  0.23622 -222.66090 -276.21536 -32.79628 -22.95911
0409    8.18046  0.01981  0.42520  0.24409 -223.34813 -276.70624 -35.22845 -22.61253
0410    8.20040  0.01993  0.42520  0.25984 -223.98626 -277.14803 -32.56932 -22.80339
0411    8.22042  0.02001  0.42520  0.27559 -224.67349 -277.63890 -33.69011 -24.25943
0412    8.23962  0.01919  0.42520  0.27559 -225.31163 -278.17886 -35.36118 -28.40819
0413    8.26072  0.02109  0.42520  0.27559 -226.14611 -278.81700 -40.37565 -29.91708
0414    8.28092  0.02019  0.42520  0.28346 -226.98060 -279.45514 -41.46849 -32.09991
0415    8.30070  0.01977  0.42520  0.27559 -227.86418 -280.09328 -45.48213 -33.42219
0416    8.31998  0.01928  0.42520  0.27559 -228.79684 -280.73141 -46.88597 -34.08724
0417    8.33956  0.01956  0.42520  0.27559 -229.68041 -281.41864 -44.83163 -34.77006
0418    8.36056  0.02099  0.42520  0.26772 -230.61308 -282.20404 -47.35045 -36.33124
0419    8.38043  0.01986  0.43307  0.26772 -231.64391 -282.94035 -52.18993 -38.53279
0420    8.40028  0.01984  0.43307  0.25984 -232.72384 -283.72575 -53.42595 -39.32269
0421    8.42056  0.02027  0.43307  0.25197 -233.85285 -284.56024 -55.70655 -40.35308
0422    8.44034  0.01978  0.43307  0.24409 -234.98186 -285.34564 -58.95440 -40.63047
0423    8.46009  0.01973  0.43307  0.23622 -236.15996 -286.13104 -59.33530 -39.83534
0424    8.48022  0.02012  0.43307  0.22835 -237.33806 -287.01461 -59.38698 -42.53019
0425    8.49989  0.01966  0.43307  0.22835 -238.51616 -287.84910 -59.15867 -43.07300
0426    8.52011  0.02021  0.43307  0.22835 -239.64518 -288.68359 -53.99007 -41.43367
0427    8.54014  0.02002  0.42520  0.22835 -240.67601 -289.51808 -51.35347 -40.00546
0428    8.55951  0.01936  0.42520  0.22835 -241.65776 -290.25439 -48.47789 -39.68158
0429    8.58089  0.02138  0.42520  0.23622 -242.59042 -291.08888 -45.11739 -37.74945
0430    8.60031  0.01941  0.41732  0.23622 -243.47400 -291.77610 -42.87343 -36.13879
0431    8.62076  0.02044  0.40945  0.24409 -244.30849 -292.46333 -42.18263 -32.03768
0432    8.64157  0.02081  0.39370  0.26772 -245.14298 -293.10146 -39.75936 -31.45183
0433    8.66102  0.01943  0.37795  0.27559 -245.87929 -293.69051 -38.09825 -30.55213
0434    8.68159  0.02056  0.33071  0.29134 -246.66469 -294.32865 -38.17781 -31.33408
0435    8.70395  0.02235  0.33071  0.29134 -247.59735 -295.11405 -41.55151 -35.34412
0436    8.72161  0.01764  0.22835  0.30709 -248.33366 -295.75219 -40.98634 -35.86878
0437    8.74180  0.02018  0.17323  0.30709 -249.11906 -296.48850 -38.13584 -36.48787
0438    8.76154  0.01973  0.14961  0.31496 -249.80629 -297.27390 -35.29253 -41.28018
0439    8.78105  0.01951  0.13386  0.31496 -250.59169 -298.10839 -42.10772 -41.69303
0440    8.79975  0.01869  0.13386  0.31496 -251.03348 -298.79561 -26.26974 -35.08167
0441    8.82006  0.02030  0.12598  0.31496 -251.22983 -299.23740 -14.17868 -22.81436
0442    8.84027  0.02019  0.11811  0.31496 -251.18074 -299.38466 -14.17868 -13.37716
0443    8.86028  0.02000  0.11024  0.31496 -250.88621 -299.38466  1.61320 -13.37716
0444    8.88083  0.02052  0.09449  0.32283 -250.49351 -299.33558 18.82846 -13.37716
0445    8.90079  0.01995  0.08661  0.32283 -250.14990 -299.33558 18.55769 -13.37716
0446    8.92020  0.01940  0.07874  0.32283 -249.85538 -299.33558 16.16930 -13.37716
0447    8.94017  0.01996  0.07874  0.33071 -249.65902 -299.33558 12.34409 -13.37716
0448    8.96010  0.01993  0.07874  0.33071 -249.60994 -299.43375 10.29985 -3.35028
0449    8.98052  0.02040  0.07874  0.33858 -249.56085 -299.53193  8.16332 -2.89075
0450    9.00053  0.02000  0.08661  0.33858 -249.51176 -299.63010  6.46559 -2.71047
0451    9.01959  0.01905  0.08661  0.33858 -249.46268 -299.67919  5.26448 -2.60276
0452    9.03966  0.02006  0.08661  0.33858 -249.41359 -299.72828  4.42565 -2.43708
0453    9.06077  0.02110  0.10236  0.33858 -249.36450 -299.77736  3.80338 -2.14675
0454    9.08025  0.01947  0.11811  0.33858 -249.31541 -299.77736  3.28323 -2.14675
0455    9.10023  0.01997  0.14961  0.33858 -249.36450 -299.82645  3.28323 -1.88142
0456    9.12029  0.02005  0.15748  0.33858 -249.41359 -299.87554  2.05671 -1.81883
0457    9.14026  0.01996  0.17323  0.33858 -249.46268 -299.92463  1.44409 -2.71850
0458    9.15997  0.01971  0.17323  0.33858 -249.51176 -299.97371  0.90616 -2.63224
0459    9.18088  0.02089  0.21260  0.33858 -249.51176 -299.97371  0.90616 -2.63224
0460    9.20068  0.01979  0.23622  0.33858 -249.51176 -299.97371  0.90616 -2.63224
0461    9.22091  0.02022  0.25984  0.33858 -249.56085 -299.97371  0.37515 -2.63224
0462    9.24070  0.01978  0.28346  0.33858 -249.56085 -300.02280  0.37515 -1.95746
0463    9.26039  0.01968  0.30709  0.33858 -249.65902 -300.02280 -0.35687 -1.95746
0464    9.28038  0.01998  0.32283  0.33858 -249.65902 -300.02280 -0.35687 -1.95746
0465    9.29967  0.01928  0.32283  0.33858 -249.70811 -300.02280 -0.71052 -1.95746
0466    9.31972  0.02004  0.32283  0.33858 -249.70811 -300.07189 -0.71052 -1.55276
0467    9.33970  0.01997  0.32283  0.33858 -249.70811 -300.07189 -0.71052 -1.55276
0468    9.35968  0.01995  0.32283  0.33858 -249.70811 -300.07189 -0.71052 -1.55276
0469    9.37981  0.02011  0.32283  0.33858 -249.70811 -300.07189 -0.71052 -1.55276
0470    9.40024  0.02042  0.31496  0.33858 -249.70811 -300.07189 -0.71052 -1.55276
0471    9.41984  0.01959  0.31496  0.33858 -249.70811 -300.07189 -0.71052 -1.55276
0472    9.44034  0.02049  0.31496  0.33858 -249.75720 -300.07189 -0.72251 -1.55276
0473    9.45962  0.01927  0.31496  0.33858 -249.75720 -300.07189 -0.72251 -1.55276
0474    9.47983  0.02013  0.31496  0.33858 -249.75720 -300.07189 -0.72251  0.00000
0475    9.49995  0.02010  0.31496  0.33858 -249.75720 -300.07189 -0.72251  0.00000
0476    9.52035  0.02039  0.31496  0.33071 -249.75720 -300.07189 -0.72251  0.00000
0477    9.54011  0.01974  0.31496  0.33071 -249.75720 -300.07189 -0.72251  0.00000
0478    9.55959  0.01947  0.31496  0.33071 -249.75720 -300.07189 -0.72251  0.00000
0479    9.57960  0.02000  0.31496  0.33071 -249.75720 -300.07189 -0.72251  0.00000
0480    9.60005  0.02044  0.31496  0.33071 -249.75720 -300.07189  0.00000  0.00000
0481    9.62015  0.02009  0.32283  0.33071 -249.75720 -300.07189  0.00000  0.00000
0482    9.64064  0.02048  0.31496  0.33071 -249.75720 -300.07189  0.00000  0.00000
0483    9.66034  0.01969  0.31496  0.33071 -249.75720 -300.07189  0.00000  0.00000
0484    9.68045  0.02010  0.31496  0.32283 -249.75720 -300.07189  0.00000  0.00000
0485    9.70106  0.02060  0.31496  0.31496 -249.75720 -300.07189  0.00000  0.00000
0486    9.71965  0.01858  0.31496  0.31496 -249.75720 -300.07189  0.00000  0.00000
0487    9.73994  0.02028  0.31496  0.30709 -249.75720 -300.07189  0.00000  0.00000
0488    9.75986  0.01991  0.31496  0.30709 -249.80629 -300.07189  0.00000  0.00000
0489    9.78066  0.02079  0.30709  0.29134 -249.80629 -300.07189  0.00000  0.00000
0490    9.80048  0.01981  0.30709  0.28346 -249.80629 -300.07189  0.00000  0.00000
0491    9.82072  0.02022  0.28346  0.26772 -249.80629 -300.07189  0.00000  0.00000
0492    9.84076  0.02003  0.25984  0.24409 -249.80629 -300.07189  0.00000  0.00000
0493    9.86102  0.02024  0.23622  0.22835 -249.80629 -300.07189  0.00000  0.00000
0494    9.88063  0.01960  0.21260  0.22047 -249.80629 -300.07189  0.00000  0.00000
0495    9.90071  0.02007  0.18110  0.20472 -249.80629 -300.07189  0.00000  0.00000
0496    9.92135  0.02061  0.17323  0.19685 -249.75720 -300.07189  0.00000  0.00000
0497    9.94027  0.01890  0.17323  0.18110 -249.75720 -300.07189  0.00000  0.00000
0498    9.95988  0.01960  0.17323  0.18110 -249.75720 -300.07189  0.00000  0.00000
0499    9.97965  0.01977  0.17323  0.18110 -249.75720 -300.07189  0.00000  0.00000
0500    9.99964  0.01995  0.17323  0.18110 -249.75720 -300.02280  0.00000  0.00000
0501   10.02042  0.02078  0.17323  0.18110 -249.75720 -300.02280  0.00000  0.00000
0502   10.04025  0.01981  0.17323  0.17323 -249.75720 -300.02280  0.00000  0.00000
0503   10.06042  0.02017  0.17323  0.16535 -249.75720 -300.02280  0.00000  0.00000
0504   10.08074  0.02030  0.17323  0.14961 -249.75720 -300.02280  0.00000  0.00000
0505   10.10028  0.01953  0.17323  0.13386 -249.75720 -300.02280  0.00000  0.00000
0506   10.12101  0.02072  0.17323  0.11811 -249.75720 -300.02280  0.00000  0.00000
0507   10.14083  0.01981  0.17323  0.09449 -249.75720 -300.02280  0.00000  0.00000
0508   10.16146  0.02062  0.17323  0.03937 -249.75720 -300.02280  0.00000  0.00000
0509   10.18085  0.01938  0.17323  0.03150 -249.75720 -299.97371  0.00000  0.00000
0510   10.19989  0.01903  0.17323  0.03150 -249.75720 -299.97371  0.00000  0.00000
0511   10.22073  0.02083  0.16535  0.03150 -249.75720 -299.92463  0.00000  1.39858
0512   10.24079  0.02005  0.16535  0.03150 -249.75720 -299.87554  0.00000  1.57582
0513   10.26075  0.01994  0.14961  0.03150 -249.75720 -299.87554  0.00000  1.57582
0514   10.28039  0.01963  0.12598  0.03150 -249.75720 -299.87554  0.00000  1.57582
0515   10.30047  0.02007  0.09449  0.03150 -249.75720 -299.87554  0.00000  1.57582
0516   10.32044  0.01996  0.07087  0.03150 -249.75720 -299.87554  0.00000  1.57582
0517   10.34160  0.02116  0.05512  0.03150 -249.70811 -299.87554  0.29467  1.57582
0518   10.36000  0.01839  0.05512  0.03150 -249.70811 -299.87554  0.29467  1.57582
0519   10.37971  0.01969  0.05512  0.03150 -249.70811 -299.87554  0.29467  1.57582
0520   10.40016  0.02045  0.05512  0.03150 -249.70811 -299.87554  0.29467  0.00000
0521   10.41981  0.01964  0.05512  0.03150 -249.70811 -299.82645  0.29467  0.00000
9999 9999.00000 9999.00000 999.00000 999.00000 9999.00000 9999.00000 999.00000 999.00000
