DT    0.00005  0.04724  0.00787 0
DT    0.01982  0.04724  0.00787 0
DT    0.03949  0.04724  0.00787 0
DT    0.05900  0.04724  0.00787 0
DT    0.08162  0.05512  0.00787 0
DT    0.10199  0.04724  0.01575 0
DT    0.11892  0.04724  0.01575 0
DT    0.14031  0.04724  0.01575 0
DT    0.16006  0.04724  0.01575 0
DT    0.18080  0.04724  0.01575 0
DT    0.19980  0.04724  0.01575 0
DT    0.21936  0.04724  0.01575 0
DT    0.24024  0.04724  0.01575 0
DT    0.26042  0.04724  0.01575 0
DT    0.27958  0.04724  0.01575 0
DT    0.30082  0.04724  0.01575 0
DT    0.31984  0.04724  0.01575 0
DT    0.34030  0.04724  0.01575 0
DT    0.35909  0.04724  0.01575 0
DT    0.37904  0.04724  0.01575 0
DT    0.39952  0.04724  0.01575 0
DT    0.41954  0.04724  0.01575 0
DT    0.44191  0.03937  0.01575 0
DT    0.46083  0.03150  0.01575 0
DT    0.48187  0.03150  0.00787 0
DT    0.50267  0.02362  0.00000 0
DT    0.52120  0.02362 -0.02344 0
DT    0.54178  0.02362 -0.05469 0
DT    0.56358  0.00787 -0.12500 0
DT    0.58234 -0.00781 -0.16406 0
DT    0.60372 -0.05469 -0.35156 0
DT    0.62276 -0.08594 -0.41406 0
DT    0.64366 -0.13281 -0.48438 0
DT    0.66375 -0.14844 -0.50000 0
DT    0.68254 -0.17969 -0.53906 0
DT    0.70313 -0.18750 -0.55469 0
DT    0.72286 -0.20313 -0.58594 0
DT    0.74232 -0.21094 -0.59375 0
DT    0.76027 -0.21094 -0.59375 0
DT    0.78188 -0.22656 -0.59375 0
DT    0.80260 -0.24219 -0.60156 0
DT    0.82345 -0.25000 -0.61719 0
DT    0.84278 -0.26563 -0.64844 0
DT    0.86211 -0.26563 -0.65625 0
DT    0.88175 -0.25781 -0.66406 0
DT    0.89964 -0.25781 -0.66406 0
DT    0.92020 -0.25781 -0.66406 0
DT    0.94072 -0.25000 -0.66406 0
DT    0.96001 -0.25000 -0.66406 0
DT    0.98069 -0.25000 -0.66406 0
DT    0.99949 -0.25000 -0.66406 0
DT    1.02168 -0.25781 -0.66406 0
DT    1.04134 -0.25000 -0.66406 0
DT    1.06006 -0.25781 -0.66406 0
DT    1.08086 -0.25781 -0.66406 0
DT    1.10148 -0.25000 -0.66406 0
DT    1.12031 -0.25000 -0.66406 0
DT    1.13994 -0.25000 -0.66406 0
DT    1.15963 -0.25000 -0.66406 0
DT    1.17930 -0.25000 -0.66406 0
DT    1.19977 -0.25000 -0.66406 0
DT    1.22001 -0.25000 -0.66406 0
DT    1.23963 -0.25000 -0.66406 0
DT    1.26145 -0.25781 -0.66406 0
DT    1.27931 -0.25781 -0.66406 0
DT    1.30294 -0.26563 -0.65625 0
DT    1.32265 -0.28125 -0.64844 0
DT    1.34178 -0.30469 -0.64844 0
DT    1.36069 -0.32813 -0.64844 0
DT    1.38115 -0.35156 -0.64844 0
DT    1.39990 -0.35156 -0.64844 0
DT    1.41916 -0.35156 -0.64844 0
DT    1.43972 -0.35156 -0.64844 0
DT    1.46000 -0.35156 -0.64844 0
DT    1.47676 -0.35156 -0.64844 0
DT    1.49907 -0.35156 -0.64844 0
DT    1.51957 -0.35156 -0.64844 0
DT    1.53996 -0.35156 -0.64844 0
DT    1.56251 -0.35156 -0.64063 0
DT    1.58258 -0.35938 -0.63281 0
DT    1.60327 -0.36719 -0.62500 0
DT    1.62346 -0.37500 -0.60938 0
DT    1.64326 -0.38281 -0.60156 0
DT    1.66379 -0.39844 -0.58594 0
DT    1.68248 -0.40625 -0.57813 0
DT    1.70271 -0.42188 -0.57031 0
DT    1.72450 -0.43750 -0.56250 0
DT    1.74390 -0.45313 -0.55469 0
DT    1.76395 -0.46875 -0.54688 0
DT    1.78456 -0.48438 -0.51563 0
DT    1.79787 -0.49219 -0.49219 0
DT    1.82381 -0.50000 -0.43750 0
DT    1.84326 -0.50781 -0.39844 0
DT    1.86070 -0.50781 -0.34375 0
DT    1.88324 -0.51563 -0.32031 0
DT    1.90140 -0.51563 -0.28125 0
DT    1.92401 -0.52344 -0.26563 0
DT    1.94154 -0.52344 -0.22656 0
DT    1.96261 -0.53125 -0.18750 0
DT    1.98166 -0.53125 -0.14844 0
DT    2.00115 -0.53125 -0.10156 0
DT    2.02082 -0.53125 -0.07813 0
DT    2.04183 -0.53125  0.00000 0
DT    2.06143 -0.53125  0.01575 0
DT    2.08165 -0.53125  0.02362 0
DT    2.10212 -0.53125  0.00787 0
DT    2.11899 -0.53125  0.00787 0
DT    2.14122 -0.53125  0.02362 0
DT    2.16138 -0.53125  0.07087 0
DT    2.18147 -0.53125  0.10236 0
DT    2.20245 -0.53125  0.14173 0
DT    2.22106 -0.53125  0.17323 0
DT    2.24121 -0.53125  0.20472 0
DT    2.26115 -0.53125  0.20472 0
DT    2.27945 -0.53125  0.20472 0
DT    2.29971 -0.53125  0.20472 0
DT    2.32037 -0.53125  0.20472 0
DT    2.34143 -0.53125  0.19685 0
DT    2.36008 -0.53125  0.19685 0
DT    2.37951 -0.53125  0.19685 0
DT    2.40057 -0.53125  0.19685 0
DT    2.42185 -0.53906  0.19685 0
DT    2.44110 -0.54688  0.19685 0
DT    2.45728 -0.55469  0.19685 0
DT    2.48015 -0.55469  0.19685 0
DT    2.50199 -0.55469  0.18898 0
DT    2.52233 -0.55469  0.15748 0
DT    2.54125 -0.55469  0.10236 0
DT    2.56096 -0.55469  0.00000 0
DT    2.58206 -0.55469 -0.02344 0
DT    2.60177 -0.54688 -0.12500 0
DT    2.61922 -0.54688 -0.12500 0
DT    2.64078 -0.54688 -0.15625 0
DT    2.66124 -0.54688 -0.18750 0
DT    2.68189 -0.54688 -0.25781 0
DT    2.70153 -0.54688 -0.31250 0
DT    2.72148 -0.54688 -0.35938 0
DT    2.74275 -0.54688 -0.37500 0
DT    2.75972 -0.53906 -0.41406 0
DT    2.78144 -0.53906 -0.48438 0
DT    2.80291 -0.53125 -0.50781 0
DT    2.82062 -0.53125 -0.51563 0
DT    2.84189 -0.53125 -0.52344 0
DT    2.86127 -0.52344 -0.52344 0
DT    2.87958 -0.52344 -0.52344 0
DT    2.90142 -0.52344 -0.50781 0
DT    2.92201 -0.52344 -0.49219 0
DT    2.94072 -0.52344 -0.46875 0
DT    2.96054 -0.52344 -0.46875 0
DT    2.98028 -0.52344 -0.46875 0
DT    3.00083 -0.52344 -0.46875 0
DT    3.01977 -0.52344 -0.46875 0
DT    3.04361 -0.51563 -0.49219 0
DT    3.06367 -0.50000 -0.51563 0
DT    3.08309 -0.43750 -0.54688 0
DT    3.10428 -0.39844 -0.57813 0
DT    3.12327 -0.35156 -0.60156 0
DT    3.14423 -0.28906 -0.61719 0
DT    3.16365 -0.21875 -0.63281 0
DT    3.18269 -0.17188 -0.64063 0
DT    3.20340 -0.10938 -0.63281 0
DT    3.21985 -0.10938 -0.63281 0
DT    3.23882 -0.10938 -0.63281 0
DT    3.25980 -0.10938 -0.63281 0
DT    3.27921 -0.10938 -0.63281 0
DT    3.30137 -0.10938 -0.62500 0
DT    3.32149 -0.10938 -0.60156 0
CS    3.33879 -1.00000  1.00000 1
DT    3.34282 -0.10938 -0.58594 0
DT    3.36346 -0.11719 -0.57031 0
DT    3.38339 -0.13281 -0.55469 0
DT    3.39861 -0.14063 -0.53906 0
DT    3.42363 -0.16406 -0.52344 0
DT    3.44275 -0.19531 -0.50781 0
DT    3.46099 -0.21875 -0.50781 0
DT    3.48295 -0.22656 -0.50000 0
DT    3.50135 -0.23438 -0.50000 0
DT    3.52352 -0.24219 -0.49219 0
DT    3.54307 -0.25000 -0.48438 0
DT    3.56078 -0.26563 -0.48438 0
DT    3.58142 -0.26563 -0.47656 0
DT    3.60098 -0.26563 -0.46875 0
DT    3.61901 -0.26563 -0.46875 0
DT    3.64009 -0.26563 -0.46875 0
DT    3.66063 -0.26563 -0.46094 0
DT    3.67741 -0.26563 -0.46094 0
DT    3.70023 -0.26563 -0.46094 0
CS    3.71863  0.00000  0.00000 0
DT    3.72321 -0.26563 -0.45313 0
DT    3.74204 -0.26563 -0.43750 0
DT    3.76376 -0.25781 -0.41406 0
DT    3.78310 -0.21875 -0.35156 0
DT    3.80313 -0.19531 -0.32813 0
DT    3.82327 -0.09375 -0.24219 0
DT    3.84384  0.03937 -0.19531 0
DT    3.86357  0.08661 -0.10156 0
DT    3.88320  0.09449 -0.07031 0
DT    3.90368  0.10236  0.00787 0
DT    3.92191  0.14961  0.00000 0
DT    3.94116  0.18898  0.00000 0
FB    3.95874  0.00000  0.00000 1
DT    3.96310  0.30709  0.00000 0
DT    3.97985  0.40945  0.00000 0
DT    4.00348  0.51969  0.00787 0
DT    4.02191  0.58268  0.03150 0
DT    4.04323  0.60630  0.12598 0
DT    4.06396  0.61417  0.19685 0
DT    4.08127  0.61417  0.27559 0
DT    4.10086  0.61417  0.33071 0
DT    4.12065  0.61417  0.33071 0
DT    4.14270  0.62205  0.39370 0
DT    4.16301  0.64567  0.42520 0
DT    4.18373  0.67717  0.44094 0
DT    4.20249  0.70079  0.43307 0
DT    4.22180  0.71654  0.43307 0
DT    4.24140  0.74016  0.43307 0
DT    4.26100  0.74803  0.43307 0
DT    4.28140  0.75591  0.43307 0
DT    4.29972  0.75591  0.43307 0
DT    4.32138  0.76378  0.43307 0
DT    4.33969  0.76378  0.43307 0
DT    4.36119  0.76378  0.42520 0
DT    4.38006  0.76378  0.42520 0
DT    4.39972  0.76378  0.42520 0
DT    4.41973  0.76378  0.42520 0
DT    4.44389  0.77165  0.41732 0
DT    4.46332  0.79528  0.39370 0
DT    4.48366  0.83465  0.37008 0
DT    4.50362  0.86614  0.33858 0
DT    4.52399  0.91339  0.29134 0
DT    4.54405  0.94488  0.26772 0
DT    4.56315  0.96850  0.24409 0
DT    4.58389  0.97638  0.22047 0
DT    4.60235  0.97638  0.19685 0
DT    4.62280  0.97638  0.18110 0
DT    4.64540  0.98425  0.13386 0
CS    4.65865  1.00000 -1.00000 1
DT    4.66430  0.98425  0.10236 0
DT    4.67730  0.98425  0.08661 0
DT    4.69868  0.99213  0.07874 0
DT    4.71951  0.99213  0.07874 0
DT    4.73956  0.99213  0.07874 0
DT    4.76066  0.99213  0.07874 0
DT    4.77970  0.99213  0.07874 0
DT    4.80154  0.99213  0.08661 0
DT    4.82068  0.99213  0.08661 0
DT    4.84149  0.99213  0.09449 0
DT    4.86270  0.99213  0.13386 0
DT    4.88084  0.99213  0.15748 0
DT    4.90372  0.97638  0.21260 0
DT    4.92458  0.93701  0.26772 0
DT    4.94308  0.81890  0.30709 0
DT    4.96408  0.74803  0.38583 0
DT    4.98350  0.65354  0.50394 0
DT    5.00361  0.46457  0.59055 0
DT    5.02339  0.31496  0.70079 0
DT    5.04452  0.28346  0.77165 0
DT    5.06234  0.28346  0.80315 0
DT    5.08251  0.28346  0.88189 0
DT    5.10367  0.25984  0.90551 0
DT    5.12425  0.22047  0.92126 0
DT    5.14442  0.17323  0.92913 0
DT    5.16392  0.14173  0.95276 0
DT    5.18474  0.11024  0.96850 0
DT    5.20164  0.11024  0.96850 0
DT    5.22423  0.05512  0.97638 0
DT    5.24292  0.05512  0.99213 0
DT    5.26248  0.05512  1.00000 0
DT    5.28066  0.05512  1.00000 0
DT    5.30089  0.05512  1.00000 0
DT    5.31990  0.05512  1.00000 0
DT    5.34249  0.03150  1.00000 0
DT    5.36198  0.04724  1.00000 0
DT    5.37930  0.04724  1.00000 0
DT    5.40108  0.04724  1.00000 0
DT    5.42192  0.03937  1.00000 0
DT    5.44213  0.02362  1.00000 0
DT    5.46213  0.00787  0.98425 0
DT    5.48233 -0.05469  0.93701 0
DT    5.50372 -0.15625  0.77953 0
DT    5.52426 -0.21875  0.63780 0
DT    5.54389 -0.28906  0.38583 0
DT    5.56436 -0.31250  0.17323 0
DT    5.58464 -0.33594 -0.10156 0
DT    5.60252 -0.33594 -0.04688 0
DT    5.62366 -0.33594  0.01575 0
DT    5.64438 -0.34375  0.00000 0
DT    5.66198 -0.34375 -0.03906 0
DT    5.68069 -0.34375 -0.09375 0
DT    5.70141 -0.34375 -0.16406 0
DT    5.72257 -0.34375 -0.22656 0
DT    5.74198 -0.34375 -0.24219 0
DT    5.76172 -0.34375 -0.28906 0
DT    5.78085 -0.34375 -0.28906 0
DT    5.80379 -0.35156 -0.31250 0
DT    5.82262 -0.35156 -0.34375 0
DT    5.84287 -0.35156 -0.35156 0
DT    5.86192 -0.35938 -0.35156 0
DT    5.87924 -0.35938 -0.35156 0
DT    5.90048 -0.35938 -0.35938 0
DT    5.92251 -0.35938 -0.36719 0
DT    5.94268 -0.35938 -0.37500 0
DT    5.95809 -0.35938 -0.38281 0
DT    5.98296 -0.35938 -0.39063 0
DT    6.00070 -0.35938 -0.39063 0
DT    6.02055 -0.35938 -0.42188 0
DT    6.03916 -0.35156 -0.42969 0
DT    6.06364 -0.35938 -0.43750 0
DT    6.08156 -0.35938 -0.42969 0
DT    6.10073 -0.35938 -0.42969 0
DT    6.12438 -0.36719 -0.40625 0
DT    6.14421 -0.38281 -0.38281 0
DT    6.16437 -0.40625 -0.36719 0
DT    6.18397 -0.43750 -0.34375 0
DT    6.20068 -0.43750 -0.34375 0
DT    6.22461 -0.46094 -0.32813 0
DT    6.24209 -0.46875 -0.32813 0
DT    6.26226 -0.47656 -0.32813 0
DT    6.27969 -0.47656 -0.32813 0
DT    6.30020 -0.47656 -0.32813 0
DT    6.31954 -0.47656 -0.32813 0
DT    6.34204 -0.46875 -0.32813 0
DT    6.35980 -0.46875 -0.32813 0
DT    6.38212 -0.46094 -0.32813 0
EL    6.38212 -0.08512  0.00000 0
DT    6.40322 -0.45313 -0.32813 0
EL    6.40322 -0.31346  0.00000 0
DT    6.42262 -0.44531 -0.33594 0
EL    6.42262 -0.57331  0.00000 0
DT    6.44201 -0.44531 -0.33594 0
EL    6.44201 -0.65992  0.00000 0
DT    6.46251 -0.44531 -0.33594 0
EL    6.46252 -0.50244  0.00000 0
DT    6.48167 -0.44531 -0.33594 0
EL    6.48168 -0.32921  0.00000 0
DT    6.50340 -0.43750 -0.33594 0
EL    6.50341 -0.08512  0.00000 0
DT    6.52180 -0.43750 -0.33594 0
EL    6.52181  0.00000  0.00000 0
DT    6.54145 -0.42969 -0.33594 0
DT    6.55956 -0.42969 -0.33594 0
DT    6.58296 -0.41406 -0.33594 0
DT    6.60244 -0.40625 -0.33594 0
DT    6.62103 -0.40625 -0.32813 0
DT    6.64219 -0.39844 -0.32813 0
DT    6.65954 -0.39844 -0.32813 0
DT    6.67948 -0.39844 -0.32813 0
DT    6.70068 -0.39844 -0.32813 0
DT    6.72017 -0.39844 -0.32813 0
DT    6.74407 -0.39063 -0.32813 0
DT    6.75919 -0.39063 -0.32813 0
DT    6.77908 -0.39063 -0.32813 0
DT    6.80107 -0.37500 -0.32813 0
DT    6.82104 -0.36719 -0.32813 0
DT    6.84194 -0.34375 -0.32813 0
DT    6.86111 -0.32031 -0.32813 0
DT    6.88135 -0.28125 -0.32813 0
DT    6.90174 -0.25000 -0.32813 0
DT    6.92196 -0.19531 -0.32813 0
DT    6.94146 -0.13281 -0.32813 0
DT    6.96180 -0.07031 -0.32813 0
DT    6.98151  0.02362 -0.32813 0
DT    7.00095  0.03937 -0.32813 0
DT    7.02130  0.03937 -0.32031 0
DT    7.04136  0.01575 -0.32031 0
DT    7.06080  0.01575 -0.32031 0
DT    7.08135  0.01575 -0.30469 0
DT    7.10456  0.02362 -0.29688 0
DT    7.12289  0.02362 -0.28906 0
DT    7.14171  0.02362 -0.27344 0
DT    7.16165  0.02362 -0.23438 0
DT    7.18188  0.02362 -0.21094 0
DT    7.20138  0.02362 -0.13281 0
DT    7.22406  0.03150 -0.10156 0
DT    7.24264  0.03937  0.00000 0
DT    7.26235  0.03937  0.01575 0
DT    7.28390  0.05512  0.00787 0
DT    7.30188  0.06299  0.00787 0
DT    7.32222  0.11024  0.00787 0
DT    7.34112  0.15748  0.00787 0
DT    7.36214  0.25197  0.00787 0
DT    7.38166  0.36220  0.03150 0
DT    7.40321  0.46457  0.14961 0
DT    7.42272  0.57480  0.22835 0
DT    7.44387  0.66929  0.47244 0
DT    7.46263  0.71654  0.67717 0
DT    7.48357  0.74803  0.70866 0
DT    7.50347  0.77953  0.74016 0
DT    7.52355  0.80315  0.75591 0
DT    7.54333  0.84252  0.77165 0
DT    7.56127  0.87402  0.77165 0
DT    7.58240  0.93701  0.77953 0
DT    7.60300  0.97638  0.77165 0
DT    7.62217  1.00000  0.77165 0
DT    7.64047  1.00000  0.77165 0
DT    7.66108  1.00000  0.77165 0
DT    7.67833  1.00000  0.77165 0
DT    7.70140  1.00000  0.73228 0
DT    7.72100  1.00000  0.67717 0
DT    7.74205  1.00000  0.57480 0
DT    7.76237  1.00000  0.47244 0
DT    7.77979  1.00000  0.33858 0
DT    7.80219  1.00000  0.25197 0
DT    7.82218  1.00000  0.07087 0
DT    7.84185  1.00000  0.00000 0
DT    7.86252  1.00000  0.01575 0
DT    7.87787  1.00000  0.00787 0
DT    7.90140  1.00000  0.00000 0
FB    7.92053  0.00000  0.00000 0
DT    7.92441  1.00000  0.00787 0
DT    7.94305  0.93701 -0.01563 0
DT    7.96415  0.79528 -0.10156 0
DT    7.98414  0.70079 -0.18750 0
DT    8.00411  0.56693 -0.25000 0
DT    8.02407  0.25197 -0.37500 0
DT    8.04329  0.07087 -0.46875 0
DT    8.06373  0.06299 -0.53125 0
DT    8.08207  0.05512 -0.58594 0
DT    8.10217  0.05512 -0.62500 0
DT    8.12202  0.05512 -0.65625 0
DT    8.14179  0.05512 -0.67188 0
DT    8.16102  0.05512 -0.68750 0
DT    8.18195  0.04724 -0.69531 0
DT    8.20089  0.03937 -0.69531 0
DT    8.22369  0.02362 -0.70313 0
DT    8.24157 -0.02344 -0.70313 0
DT    8.26379 -0.07813 -0.69531 0
DT    8.27920 -0.13281 -0.69531 0
DT    8.30181 -0.20313 -0.69531 0
DT    8.32227 -0.23438 -0.70313 0
DT    8.34171 -0.27344 -0.70313 0
DT    8.36196 -0.30469 -0.70313 0
DT    8.38159 -0.32813 -0.70313 0
DT    8.40211 -0.35156 -0.70313 0
DT    8.42341 -0.38281 -0.71094 0
DT    8.44349 -0.40625 -0.70313 0
DT    8.46296 -0.43750 -0.69531 0
DT    8.48130 -0.44531 -0.69531 0
CS    8.49900  0.00000  0.00000 0
DT    8.50329 -0.48438 -0.69531 0
DT    8.52116 -0.49219 -0.69531 0
DT    8.54240 -0.54688 -0.67969 0
DT    8.56245 -0.57813 -0.67969 0
DT    8.58220 -0.62500 -0.67969 0
DT    8.60187 -0.63281 -0.67969 0
DT    8.62336 -0.64063 -0.68750 0
DT    8.64093 -0.64063 -0.67969 0
DT    8.66341 -0.65625 -0.68750 0
DT    8.67994 -0.65625 -0.68750 0
DT    8.70146 -0.67188 -0.68750 0
DT    8.72162 -0.67969 -0.68750 0
DT    8.74083 -0.70313 -0.68750 0
DT    8.75873 -0.71875 -0.68750 0
DT    8.78191 -0.73438 -0.68750 0
DT    8.80064 -0.75781 -0.68750 0
DT    8.82140 -0.76563 -0.68750 0
DT    8.84081 -0.78125 -0.68750 0
DT    8.86090 -0.78906 -0.68750 0
DT    8.88196 -0.79688 -0.68750 0
DT    8.90103 -0.80469 -0.68750 0
DT    8.91935 -0.80469 -0.68750 0
DT    8.93927 -0.80469 -0.68750 0
DT    8.95923 -0.80469 -0.68750 0
DT    8.97975 -0.80469 -0.68750 0
DT    8.99973 -0.80469 -0.68750 0
DT    9.02000  0.00000  0.00000 0
DT    9.04000  0.00000  0.00000 0
EL    9.06000  0.00000  0.00000 1
XX 9999.00000 999.00000 999.00000 0
