DT    0.00006  0.02362  0.00787 0
DT    0.01988  0.02362  0.00787 0
DT    0.04040  0.02362  0.00787 0
DT    0.06000  0.02362  0.00787 0
DT    0.08134  0.02362  0.00787 0
DT    0.10128  0.02362  0.00787 0
DT    0.12055  0.02362  0.00787 0
DT    0.13935  0.02362  0.00787 0
DT    0.16126  0.00787  0.00787 0
DT    0.18169  0.00000  0.00787 0
DT    0.20125 -0.02344  0.00787 0
DT    0.22213 -0.08594  0.00787 0
DT    0.23987 -0.11719  0.00787 0
DT    0.26154 -0.18750  0.00787 0
DT    0.28011 -0.26563  0.00787 0
DT    0.29985 -0.30469  0.00787 0
DT    0.32194 -0.38281  0.00787 0
DT    0.34188 -0.42188  0.00787 0
DT    0.36189 -0.50781  0.00787 0
DT    0.37979 -0.50781  0.00787 0
DT    0.39996 -0.55469  0.00787 0
DT    0.42031 -0.57031  0.00787 0
DT    0.43962 -0.58594  0.00787 0
DT    0.46012 -0.58594  0.00787 0
DT    0.47968 -0.58594  0.00787 0
DT    0.50107 -0.58594  0.00787 0
DT    0.52041 -0.58594  0.00787 0
DT    0.54001 -0.58594  0.00787 0
DT    0.56030 -0.58594  0.00000 0
DT    0.57962 -0.58594  0.00000 0
DT    0.59931 -0.58594  0.00000 0
DT    0.62086 -0.59375  0.00000 0
DT    0.64188 -0.60156 -0.01563 0
DT    0.66157 -0.60938 -0.03906 0
DT    0.68225 -0.61719 -0.06250 0
DT    0.70175 -0.61719 -0.08594 0
DT    0.72118 -0.61719 -0.12500 0
DT    0.74034 -0.61719 -0.14063 0
DT    0.76103 -0.61719 -0.15625 0
DT    0.78120 -0.61719 -0.20313 0
DT    0.80089 -0.61719 -0.24219 0
DT    0.82234 -0.60938 -0.26563 0
DT    0.84199 -0.58594 -0.29688 0
DT    0.86245 -0.57813 -0.31250 0
DT    0.88373 -0.57031 -0.34375 0
DT    0.90304 -0.56250 -0.37500 0
DT    0.92265 -0.56250 -0.39063 0
DT    0.94124 -0.56250 -0.40625 0
DT    0.96199 -0.55469 -0.41406 0
DT    0.98277 -0.54688 -0.42969 0
DT    1.00165 -0.54688 -0.42969 0
DT    1.02429 -0.53906 -0.43750 0
DT    1.04083 -0.53125 -0.43750 0
DT    1.06385 -0.50781 -0.44531 0
DT    1.08167 -0.49219 -0.45313 0
DT    1.10363 -0.46094 -0.46094 0
DT    1.12242 -0.44531 -0.46875 0
DT    1.14118 -0.42969 -0.48438 0
DT    1.16308 -0.41406 -0.50000 0
DT    1.18212 -0.41406 -0.50781 0
DT    1.20245 -0.40625 -0.52344 0
DT    1.22330 -0.41406 -0.53125 0
DT    1.24172 -0.41406 -0.53906 0
DT    1.25946 -0.41406 -0.53906 0
DT    1.27870 -0.41406 -0.53906 0
DT    1.29994 -0.40625 -0.53906 0
DT    1.31958 -0.40625 -0.53906 0
DT    1.34097 -0.39844 -0.53906 0
DT    1.36048 -0.39063 -0.53906 0
DT    1.38042 -0.39063 -0.53906 0
DT    1.40025 -0.38281 -0.53906 0
DT    1.41865 -0.38281 -0.53906 0
DT    1.43938 -0.38281 -0.53906 0
DT    1.45850 -0.38281 -0.53906 0
DT    1.47860 -0.38281 -0.53906 0
DT    1.49946 -0.38281 -0.53906 0
DT    1.51950 -0.38281 -0.53906 0
DT    1.53911 -0.38281 -0.53906 0
DT    1.56055 -0.39063 -0.53906 0
DT    1.58026 -0.39063 -0.53906 0
DT    1.60068 -0.39063 -0.53906 0
DT    1.61999 -0.39063 -0.53906 0
DT    1.64211 -0.39844 -0.53906 0
DT    1.66093 -0.39844 -0.53906 0
DT    1.68259 -0.41406 -0.53125 0
DT    1.70112 -0.42188 -0.53125 0
DT    1.72227 -0.43750 -0.52344 0
DT    1.74218 -0.45313 -0.50781 0
DT    1.76045 -0.46094 -0.50781 0
DT    1.78219 -0.48438 -0.50000 0
DT    1.80115 -0.48438 -0.48438 0
DT    1.82068 -0.50000 -0.46875 0
DT    1.84073 -0.51563 -0.46094 0
DT    1.86193 -0.53125 -0.45313 0
DT    1.88120 -0.53906 -0.45313 0
DT    1.90193 -0.54688 -0.44531 0
DT    1.92091 -0.54688 -0.45313 0
DT    1.93996 -0.54688 -0.45313 0
DT    1.96005 -0.54688 -0.45313 0
DT    1.98042 -0.54688 -0.45313 0
DT    1.99992 -0.53906 -0.45313 0
DT    2.02013 -0.54688 -0.45313 0
DT    2.04055 -0.53906 -0.45313 0
DT    2.05984 -0.53906 -0.45313 0
DT    2.07867 -0.53906 -0.45313 0
DT    2.10250 -0.53125 -0.46094 0
DT    2.12202 -0.50000 -0.46875 0
DT    2.14242 -0.49219 -0.47656 0
DT    2.16251 -0.48438 -0.48438 0
DT    2.18287 -0.47656 -0.49219 0
DT    2.20271 -0.46875 -0.50000 0
DT    2.22044 -0.46094 -0.50000 0
DT    2.23973 -0.46094 -0.50000 0
DT    2.26079 -0.45313 -0.50000 0
DT    2.27999 -0.43750 -0.50000 0
DT    2.29923 -0.43750 -0.50000 0
DT    2.32289 -0.40625 -0.50781 0
DT    2.34227 -0.36719 -0.51563 0
DT    2.36304 -0.29688 -0.53125 0
DT    2.38106 -0.24219 -0.56250 0
DT    2.40238 -0.17188 -0.58594 0
DT    2.42260 -0.02344 -0.62500 0
DT    2.44388  0.07087 -0.64063 0
DT    2.46245  0.16535 -0.66406 0
DT    2.48293  0.20472 -0.67969 0
DT    2.50196  0.23622 -0.67969 0
DT    2.51896  0.23622 -0.67969 0
DT    2.54180  0.27559 -0.67969 0
DT    2.56113  0.29921 -0.67188 0
DT    2.58160  0.29134 -0.65625 0
DT    2.60174  0.25197 -0.60938 0
DT    2.62168  0.20472 -0.56250 0
DT    2.64140  0.12598 -0.49219 0
DT    2.66220  0.04724 -0.41406 0
DT    2.68149  0.02362 -0.31250 0
DT    2.70139  0.02362 -0.25000 0
DT    2.72173  0.02362 -0.15625 0
DT    2.73917  0.02362 -0.07031 0
DT    2.76087  0.02362  0.02362 0
DT    2.78122  0.02362  0.00787 0
DT    2.80102  0.02362  0.00000 0
DT    2.81967  0.02362  0.00000 0
DT    2.84135  0.02362  0.00787 0
DT    2.85929  0.02362  0.00787 0
DT    2.88089  0.02362  0.00787 0
DT    2.89933  0.02362  0.00787 0
DT    2.92009  0.02362  0.00787 0
DT    2.94101  0.03150  0.00787 0
DT    2.96078  0.02362  0.00787 0
DT    2.97973  0.02362  0.00787 0
DT    2.99910  0.02362  0.00787 0
CS    3.01698 -1.00000  1.00000 1
DT    3.01889  0.02362  0.00787 0
DT    3.03871  0.02362  0.00787 0
DT    3.05992  0.02362  0.00787 0
DT    3.08169  0.02362  0.00787 0
DT    3.10077  0.02362  0.00787 0
DT    3.11908  0.02362  0.00787 0
DT    3.13950  0.02362  0.00000 0
DT    3.16144  0.02362  0.00787 0
DT    3.18151  0.02362  0.00000 0
DT    3.19939  0.02362  0.00000 0
DT    3.21880  0.02362  0.00000 0
DT    3.24011  0.02362  0.00000 0
DT    3.26243  0.02362  0.00787 0
DT    3.28097  0.03150  0.00787 0
DT    3.30027  0.03150  0.00000 0
DT    3.32091  0.03150  0.00787 0
DT    3.33993  0.02362  0.00787 0
DT    3.36217  0.03150  0.03150 0
DT    3.38272  0.03937  0.07087 0
DT    3.40186  0.04724  0.13386 0
DT    3.42207  0.08661  0.14961 0
DT    3.44286  0.14173  0.18110 0
CS    3.45965  0.00000  0.00000 0
DT    3.46360  0.16535  0.19685 0
DT    3.48277  0.21260  0.22047 0
DT    3.50261  0.24409  0.24409 0
DT    3.52113  0.28346  0.28346 0
DT    3.54294  0.32283  0.29921 0
DT    3.56174  0.37008  0.31496 0
DT    3.58141  0.38583  0.33858 0
DT    3.60213  0.40157  0.34646 0
DT    3.62187  0.40945  0.37008 0
DT    3.64565  0.41732  0.37795 0
DT    3.67439  0.42520  0.39370 0
DT    3.70301  0.42520  0.40157 0
DT    3.70892  0.42520  0.41732 0
DT    3.72132  0.42520  0.41732 0
DT    3.74033  0.42520  0.41732 0
DT    3.76019  0.42520  0.41732 0
DT    3.78122  0.42520  0.41732 0
DT    3.79984  0.42520  0.41732 0
DT    3.82012  0.42520  0.41732 0
DT    3.83967  0.42520  0.41732 0
DT    3.85953  0.42520  0.41732 0
DT    3.88097  0.42520  0.41732 0
DT    3.90003  0.42520  0.41732 0
DT    3.91974  0.42520  0.41732 0
DT    3.93999  0.42520  0.41732 0
DT    3.95847  0.42520  0.41732 0
DT    3.98028  0.42520  0.41732 0
FB    3.99713  0.00000  0.00000 1
DT    4.00086  0.42520  0.41732 0
DT    4.01918  0.42520  0.41732 0
DT    4.03938  0.42520  0.41732 0
DT    4.05913  0.42520  0.41732 0
DT    4.07928  0.42520  0.41732 0
DT    4.09945  0.42520  0.41732 0
DT    4.11991  0.42520  0.41732 0
DT    4.14046  0.42520  0.41732 0
DT    4.16014  0.42520  0.41732 0
DT    4.18182  0.42520  0.40945 0
DT    4.19948  0.42520  0.40945 0
DT    4.21981  0.42520  0.40945 0
DT    4.24047  0.42520  0.40157 0
DT    4.26088  0.42520  0.38583 0
DT    4.27921  0.42520  0.37008 0
DT    4.30072  0.42520  0.34646 0
DT    4.32283  0.43307  0.31496 0
DT    4.34304  0.44094  0.29921 0
DT    4.36023  0.44094  0.27559 0
DT    4.38079  0.44094  0.27559 0
DT    4.40136  0.45669  0.25197 0
DT    4.42267  0.46457  0.21260 0
DT    4.44322  0.47244  0.16535 0
DT    4.46175  0.50394  0.10236 0
DT    4.48214  0.52756  0.00000 0
DT    4.50087  0.55118  0.00000 0
DT    4.51976  0.58268  0.00000 0
DT    4.54237  0.59843 -0.00781 0
DT    4.56379  0.61417 -0.09375 0
DT    4.58371  0.62205 -0.12500 0
EL    4.58371 -0.11811  0.00000 0
DT    4.60269  0.63780 -0.16406 0
EL    4.60270 -0.21260  0.00000 0
DT    4.61961  0.63780 -0.19531 0
EL    4.61962 -0.35433  0.00000 0
DT    4.64030  0.63780 -0.24219 0
EL    4.64037 -0.53543  0.00000 0
DT    4.66237  0.63780 -0.26563 0
EL    4.66238 -0.64567  0.00000 0
DT    4.68287  0.64567 -0.28125 0
EL    4.68288 -0.77953  0.00000 0
DT    4.70332  0.64567 -0.30469 0
EL    4.70332 -0.84252  0.00000 0
DT    4.72231  0.64567 -0.33594 0
EL    4.72232 -0.88976  0.00000 0
DT    4.73952  0.64567 -0.39063 0
EL    4.73953 -0.92126  0.00000 0
DT    4.76094  0.64567 -0.42969 0
EL    4.76094 -0.95276  0.00000 0
DT    4.78002  0.64567 -0.47656 0
EL    4.78003 -0.96850  0.00000 0
DT    4.80148  0.64567 -0.49219 0
EL    4.80149 -0.99213  0.00000 0
DT    4.82158  0.64567 -0.52344 0
EL    4.82159 -1.00000  0.00000 0
DT    4.83940  0.64567 -0.53906 0
EL    4.83941 -1.00000  0.00000 0
DT    4.86046  0.64567 -0.57813 0
EL    4.86046 -1.00000  0.00000 0
DT    4.88161  0.64567 -0.59375 0
EL    4.88161 -1.00000  0.00000 0
CS    4.89860  1.00000 -1.00000 1
DT    4.90261  0.64567 -0.60156 0
EL    4.90262 -1.00000  0.00000 0
DT    4.92123  0.64567 -0.60938 0
EL    4.92124 -1.00000  0.00000 0
DT    4.94099  0.63780 -0.60938 0
EL    4.94100 -1.00000  0.00000 0
DT    4.96009  0.63780 -0.61719 0
EL    4.96009 -1.00000  0.00000 0
DT    4.98101  0.63780 -0.63281 0
EL    4.98102 -1.00000  0.00000 0
DT    5.00087  0.63780 -0.64063 0
EL    5.00088 -1.00000  0.00000 0
DT    5.02067  0.63780 -0.64844 0
EL    5.02067 -1.00000  0.00000 0
DT    5.04183  0.63780 -0.66406 0
EL    5.04183 -0.92126  0.00000 0
DT    5.06202  0.63780 -0.67969 0
EL    5.06202 -0.85039  0.00000 0
DT    5.08273  0.63780 -0.68750 0
EL    5.08274 -0.71654  0.00000 0
DT    5.10283  0.63780 -0.69531 0
EL    5.10284 -0.59843  0.00000 0
DT    5.12091  0.63780 -0.70313 0
EL    5.12092 -0.44094  0.00000 0
DT    5.14291  0.64567 -0.72656 0
EL    5.14292 -0.36220  0.00000 0
DT    5.16161  0.63780 -0.72656 0
EL    5.16162 -0.27559  0.00000 0
DT    5.17996  0.63780 -0.72656 0
EL    5.17997 -0.18898  0.00000 0
DT    5.20230  0.63780 -0.71875 0
EL    5.20231 -0.13386  0.00000 0
DT    5.22104  0.61417 -0.71875 0
EL    5.22104 -0.08661  0.00000 0
DT    5.24223  0.59055 -0.71094 0
EL    5.24223 -0.06299  0.00000 0
DT    5.26195  0.51181 -0.71094 0
EL    5.26196  0.00000  0.00000 0
DT    5.28449  0.44094 -0.67969 0
DT    5.30230  0.25197 -0.65625 0
DT    5.32373  0.09449 -0.64063 0
DT    5.34356  0.03150 -0.57813 0
DT    5.36289  0.00000 -0.53125 0
DT    5.38389 -0.04688 -0.49219 0
DT    5.40265 -0.09375 -0.46094 0
DT    5.42252 -0.19531 -0.42969 0
DT    5.44226 -0.23438 -0.41406 0
DT    5.46156 -0.25000 -0.40625 0
DT    5.48187 -0.25781 -0.40625 0
DT    5.49880 -0.25781 -0.40625 0
DT    5.51975 -0.25781 -0.41406 0
DT    5.53926 -0.25781 -0.41406 0
DT    5.55907 -0.26563 -0.41406 0
DT    5.58188 -0.27344 -0.39844 0
DT    5.60210 -0.28906 -0.38281 0
DT    5.62260 -0.29688 -0.37500 0
DT    5.64211 -0.31250 -0.35938 0
DT    5.66201 -0.32031 -0.35938 0
DT    5.68137 -0.33594 -0.35156 0
DT    5.70068 -0.34375 -0.35156 0
DT    5.72002 -0.34375 -0.34375 0
DT    5.74088 -0.34375 -0.33594 0
DT    5.75943 -0.34375 -0.33594 0
DT    5.78001 -0.34375 -0.33594 0
DT    5.80243 -0.35156 -0.32031 0
DT    5.82190 -0.35156 -0.30469 0
DT    5.84193 -0.35938 -0.28906 0
DT    5.86155 -0.35938 -0.27344 0
DT    5.88028 -0.35938 -0.25781 0
DT    5.90053 -0.35938 -0.24219 0
DT    5.92083 -0.35938 -0.21875 0
DT    5.94112 -0.35938 -0.21094 0
DT    5.96139 -0.35938 -0.19531 0
DT    5.98103 -0.35938 -0.17188 0
DT    6.00099 -0.35938 -0.14844 0
DT    6.02278 -0.36719 -0.12500 0
DT    6.04446 -0.37500 -0.08594 0
DT    6.06153 -0.38281 -0.06250 0
DT    6.08116 -0.39844  0.00000 0
DT    6.10124 -0.39844  0.00787 0
DT    6.11951 -0.39844  0.00787 0
DT    6.13863 -0.39844  0.00787 0
DT    6.15924 -0.39844  0.00787 0
DT    6.17898 -0.39844  0.00787 0
DT    6.19953 -0.39844  0.00787 0
DT    6.22069 -0.39063  0.00787 0
DT    6.24143 -0.39063  0.01575 0
DT    6.26186 -0.38281  0.00787 0
DT    6.28116 -0.37500  0.01575 0
DT    6.30106 -0.35938  0.01575 0
DT    6.32061 -0.34375  0.01575 0
DT    6.33986 -0.32813  0.01575 0
DT    6.36143 -0.30469  0.00787 0
DT    6.38170 -0.28906 -0.03125 0
DT    6.40162 -0.25781 -0.10938 0
DT    6.42336 -0.25000 -0.15625 0
DT    6.44270 -0.23438 -0.25781 0
DT    6.46230 -0.20313 -0.33594 0
DT    6.48199 -0.18750 -0.39063 0
DT    6.50229 -0.15625 -0.44531 0
DT    6.52076 -0.15625 -0.48438 0
DT    6.54098 -0.15625 -0.53125 0
DT    6.56157 -0.16406 -0.55469 0
DT    6.58068 -0.20313 -0.59375 0
DT    6.60257 -0.25000 -0.60938 0
DT    6.62195 -0.34375 -0.62500 0
DT    6.64265 -0.38281 -0.63281 0
DT    6.66077 -0.47656 -0.63281 0
DT    6.68047 -0.50000 -0.63281 0
DT    6.70223 -0.53906 -0.63281 0
DT    6.72071 -0.53906 -0.62500 0
DT    6.74113 -0.53906 -0.59375 0
DT    6.76286 -0.53125 -0.55469 0
DT    6.78196 -0.44531 -0.51563 0
DT    6.80401 -0.37500 -0.46875 0
DT    6.82311 -0.27344 -0.38281 0
DT    6.84276 -0.19531 -0.32031 0
DT    6.86185  0.01575 -0.19531 0
DT    6.88258  0.02362 -0.04688 0
DT    6.90071  0.02362  0.02362 0
DT    6.91852  0.02362  0.02362 0
DT    6.94001  0.02362  0.02362 0
DT    6.96084  0.03937  0.00787 0
DT    6.98202  0.04724  0.00787 0
DT    7.00174  0.08661  0.00787 0
DT    7.02220  0.13386  0.01575 0
DT    7.04279  0.16535  0.01575 0
DT    7.06138  0.18110  0.02362 0
DT    7.08201  0.22047  0.04724 0
DT    7.10230  0.25984  0.07874 0
DT    7.12122  0.32283  0.14173 0
DT    7.14279  0.36220  0.17323 0
DT    7.16255  0.40157  0.20472 0
DT    7.18250  0.42520  0.22047 0
DT    7.20276  0.44094  0.23622 0
DT    7.22332  0.44882  0.25984 0
DT    7.24162  0.46457  0.27559 0
DT    7.26224  0.47244  0.29134 0
DT    7.28012  0.48819  0.29134 0
DT    7.30073  0.50394  0.29134 0
DT    7.31891  0.50394  0.29134 0
DT    7.34165  0.51181  0.29134 0
DT    7.35894  0.51181  0.29134 0
DT    7.38009  0.51181  0.29134 0
DT    7.39936  0.51181  0.29134 0
DT    7.42010  0.51181  0.29134 0
DT    7.44049  0.51181  0.29134 0
DT    7.45873  0.51181  0.29134 0
DT    7.48022  0.51181  0.29134 0
DT    7.49961  0.51181  0.29134 0
DT    7.52079  0.51181  0.29134 0
DT    7.54113  0.51181  0.29134 0
DT    7.55965  0.51181  0.29134 0
DT    7.57971  0.51181  0.29134 0
DT    7.59872  0.51181  0.29134 0
DT    7.61949  0.51181  0.29134 0
DT    7.63906  0.51181  0.29134 0
DT    7.65988  0.51181  0.29134 0
DT    7.67909  0.51181  0.29134 0
DT    7.70042  0.51181  0.29134 0
DT    7.71914  0.51181  0.29134 0
DT    7.73905  0.51181  0.29134 0
DT    7.76030  0.50394  0.29134 0
DT    7.77996  0.50394  0.29134 0
DT    7.80008  0.50394  0.29134 0
DT    7.82017  0.50394  0.29134 0
DT    7.83933  0.50394  0.29134 0
DT    7.86120  0.48819  0.29134 0
DT    7.87991  0.48819  0.29134 0
DT    7.90033  0.48819  0.29134 0
DT    7.91892  0.48819  0.29134 0
DT    7.93917  0.48819  0.29134 0
DT    7.95970  0.48819  0.29134 0
DT    7.97933  0.48819  0.29134 0
DT    7.99997  0.48819  0.29134 0
DT    8.01993  0.48819  0.29134 0
DT    8.04045  0.48819  0.29134 0
DT    8.05977  0.48819  0.29134 0
DT    8.08027  0.48819  0.29134 0
DT    8.09968  0.48819  0.29134 0
DT    8.11880  0.48819  0.29134 0
DT    8.13987  0.48819  0.29134 0
DT    8.16033  0.48819  0.29134 0
DT    8.17905  0.48819  0.29134 0
DT    8.19857  0.48819  0.29134 0
DT    8.21945  0.48819  0.29134 0
DT    8.23936  0.48819  0.29134 0
DT    8.26021  0.48819  0.29134 0
DT    8.28260  0.48031  0.29134 0
DT    8.30113  0.46457  0.29134 0
DT    8.32198  0.44094  0.29134 0
DT    8.34154  0.42520  0.29134 0
DT    8.36097  0.39370  0.29134 0
DT    8.38235  0.38583  0.29134 0
DT    8.40186  0.33858  0.29134 0
DT    8.42102  0.31496  0.29134 0
DT    8.44132  0.25984  0.29134 0
DT    8.46104  0.23622  0.29134 0
DT    8.48119  0.18898  0.29134 0
DT    8.50073  0.14961  0.29134 0
DT    8.52189  0.07874  0.29134 0
DT    8.54249  0.02362  0.29921 0
DT    8.56144  0.01575  0.29921 0
DT    8.58089  0.02362  0.29921 0
DT    8.60162  0.00787  0.29921 0
DT    8.62231 -0.01563  0.29921 0
DT    8.64184 -0.09375  0.29921 0
DT    8.66335 -0.17188  0.29921 0
DT    8.67958 -0.22656  0.29921 0
DT    8.69957 -0.29688  0.29921 0
DT    8.72241 -0.33594  0.29921 0
DT    8.74675 -0.39063  0.29921 0
DT    8.76632 -0.39063  0.29921 0
DT    8.78147 -0.45313  0.29921 0
DT    8.79992 -0.56250  0.29921 0
DT    8.82120 -0.57813  0.29921 0
DT    8.84330 -0.61719  0.29921 0
DT    8.86123 -0.64844  0.29921 0
DT    8.88165 -0.65625  0.29921 0
DT    8.89960 -0.67969  0.29921 0
DT    8.92029 -0.69531  0.29921 0
DT    8.94044 -0.71875  0.29921 0
DT    8.96023 -0.72656  0.29921 0
DT    8.97985 -0.74219  0.29921 0
DT    9.00151 -0.75781  0.29921 0
DT    9.02015 -0.77344  0.29921 0
DT    9.04101 -0.78906  0.29921 0
DT    9.06212 -0.80469  0.29921 0
DT    9.08046 -0.82031  0.29921 0
DT    9.10105 -0.83594  0.29921 0
DT    9.12202 -0.84375  0.29921 0
DT    9.13897 -0.84375  0.29921 0
DT    9.15977 -0.85156  0.29921 0
DT    9.17863 -0.85156  0.29921 0
DT    9.20036 -0.85156  0.29921 0
DT    9.22297 -0.85156  0.29921 0
DT    9.23898 -0.85156  0.29921 0
DT    9.26000 -0.85156  0.29921 0
DT    9.28050 -0.85156  0.29921 0
DT    9.30060 -0.85938  0.29921 0
DT    9.32370 -0.86719  0.29921 0
DT    9.34138 -0.86719  0.29921 0
DT    9.36199 -0.87500  0.29921 0
DT    9.37889 -0.87500  0.29921 0
DT    9.39855 -0.87500  0.29921 0
DT    9.41865 -0.87500  0.29921 0
DT    9.44096 -0.87500  0.29134 0
DT    9.45928 -0.87500  0.29134 0
DT    9.48076 -0.86719  0.29134 0
DT    9.50120 -0.84375  0.29921 0
DT    9.52206 -0.82031  0.29134 0
DT    9.54001 -0.78125  0.29134 0
DT    9.56127 -0.71094  0.29134 0
DT    9.58108 -0.66406  0.29134 0
DT    9.60196 -0.56250  0.28346 0
DT    9.62234 -0.50000  0.26772 0
DT    9.64037 -0.32813  0.23622 0
DT    9.66194 -0.12500  0.20472 0
DT    9.68152  0.03150  0.18110 0
DT    9.70035  0.03150  0.16535 0
DT    9.72088  0.03150  0.15748 0
DT    9.74132  0.03150  0.14173 0
DT    9.76112  0.03150  0.13386 0
DT    9.78136  0.03150  0.11811 0
DT    9.80182  0.01575  0.09449 0
DT    9.82137  0.01575  0.07087 0
DT    9.84197 -0.01563  0.05512 0
DT    9.86172 -0.05469  0.04724 0
DT    9.88148 -0.13281  0.02362 0
DT    9.90174 -0.17188  0.01575 0
DT    9.92132 -0.23438  0.01575 0
DT    9.94398 -0.27344  0.02362 0
DT    9.96093 -0.32031  0.02362 0
DT    9.98349 -0.34375  0.03150 0
DT   10.00258 -0.40625  0.04724 0
DT   10.02202 -0.41406  0.06299 0
DT   10.04275 -0.47656  0.09449 0
DT   10.06300 -0.53125  0.11811 0
DT   10.08202 -0.57813  0.14961 0
DT   10.10290 -0.61719  0.17323 0
DT   10.12263 -0.67188  0.20472 0
DT   10.14287 -0.71094  0.22835 0
DT   10.16159 -0.73438  0.24409 0
DT   10.18193 -0.75781  0.25984 0
DT   10.20006 -0.75781  0.25197 0
DT   10.22123 -0.75781  0.23622 0
DT   10.24076 -0.75781  0.21260 0
DT   10.26092 -0.75781  0.18110 0
DT   10.28102 -0.75781  0.14173 0
DT   10.30081 -0.75781  0.10236 0
DT   10.32129 -0.75781  0.04724 0
DT   10.34176 -0.75781  0.00787 0
DT   10.36047 -0.75781  0.00000 0
DT   10.37946 -0.75781  0.00000 0
DT   10.39941 -0.75781 -0.05469 0
DT   10.42078 -0.75781 -0.14844 0
DT   10.44108 -0.75781 -0.20313 0
DT   10.46111 -0.74219 -0.25781 0
DT   10.48224 -0.72656 -0.28125 0
DT   10.50247 -0.69531 -0.31250 0
DT   10.52240 -0.67188 -0.36719 0
DT   10.54170 -0.64063 -0.39063 0
DT   10.56184 -0.57813 -0.44531 0
DT   10.58133 -0.56250 -0.48438 0
DT   10.60168 -0.53906 -0.51563 0
DT   10.62165 -0.52344 -0.55469 0
DT   10.64073 -0.50781 -0.59375 0
DT   10.66128 -0.50781 -0.60938 0
DT   10.67881 -0.50781 -0.60938 0
DT   10.70126 -0.50781 -0.60938 0
DT   10.72157 -0.50781 -0.59375 0
DT   10.74007 -0.50781 -0.59375 0
DT   10.76184 -0.50781 -0.57031 0
DT   10.77959 -0.50781 -0.55469 0
DT   10.80024 -0.50781 -0.50781 0
DT   10.82152 -0.50000 -0.47656 0
DT   10.84333 -0.49219 -0.42969 0
DT   10.86079 -0.49219 -0.40625 0
DT   10.88020 -0.49219 -0.36719 0
DT   10.90322 -0.48438 -0.33594 0
DT   10.92255 -0.47656 -0.29688 0
DT   10.94189 -0.46094 -0.25000 0
DT   10.96172 -0.43750 -0.17188 0
DT   10.98196 -0.40625 -0.11719 0
DT   11.00160 -0.34375 -0.01563 0
DT   11.02114 -0.32031  0.00787 0
DT   11.04171 -0.24219  0.01575 0
DT   11.06246 -0.16406  0.00787 0
DT   11.08229 -0.05469  0.01575 0
DT   11.10076  0.02362  0.01575 0
DT   11.11995  0.02362  0.00787 0
DT   11.13973  0.02362  0.01575 0
DT   11.16073  0.02362  0.02362 0
DT   11.18044  0.02362  0.03937 0
DT   11.20129  0.03150  0.05512 0
DT   11.22269  0.06299  0.08661 0
DT   11.24261  0.08661  0.10236 0
DT   11.26247  0.12598  0.14173 0
DT   11.28195  0.15748  0.15748 0
DT   11.30184  0.19685  0.19685 0
DT   11.32208  0.21260  0.21260 0
DT   11.34261  0.25984  0.23622 0
DT   11.36192  0.29921  0.26772 0
DT   11.38188  0.33858  0.29134 0
DT   11.40199  0.37795  0.29921 0
DT   11.42380  0.40157  0.31496 0
DT   11.44226  0.41732  0.31496 0
DT   11.46145  0.41732  0.31496 0
DT   11.47957  0.41732  0.31496 0
DT   11.49931  0.41732  0.31496 0
DT   11.51993  0.41732  0.31496 0
DT   11.53990  0.41732  0.31496 0
DT   11.56007  0.40945  0.31496 0
DT   11.58144  0.40157  0.31496 0
DT   11.60199  0.38583  0.31496 0
DT   11.62105  0.35433  0.31496 0
DT   11.64099  0.30709  0.31496 0
DT   11.66137  0.26772  0.31496 0
DT   11.67995  0.18110  0.31496 0
DT   11.69985  0.14961  0.31496 0
FB   11.71820  0.00000  0.00000 0
DT   11.72142  0.03150  0.30709 0
DT   11.74117  0.00787  0.30709 0
DT   11.76843  0.02362  0.29921 0
DT   11.77950  0.02362  0.29921 0
DT   11.80070  0.03150  0.29921 0
DT   11.82097  0.03150  0.29134 0
DT   11.84164  0.03150  0.28346 0
DT   11.86218  0.00787  0.23622 0
DT   11.88072  0.00000  0.20472 0
DT   11.90148 -0.06250  0.13386 0
DT   11.92266 -0.11719  0.06299 0
DT   11.94214 -0.20313  0.00787 0
DT   11.96171 -0.23438  0.00000 0
DT   11.98088 -0.27344  0.00000 0
DT   12.00221 -0.29688  0.00787 0
DT   12.02115 -0.33594  0.00787 0
DT   12.03985 -0.33594  0.00787 0
CS   12.05701  0.00000  0.00000 0
DT   12.06091 -0.33594  0.00787 0
DT   12.08019 -0.32813  0.00787 0
DT   12.10043 -0.28906  0.00787 0
DT   12.12025 -0.24219  0.00787 0
DT   12.14140 -0.19531  0.00787 0
DT   12.16058 -0.10938  0.00787 0
DT   12.18172  0.00000  0.00787 0
DT   12.20132  0.02362  0.00787 0
DT   12.22132  0.02362  0.01575 0
DT   12.23902  0.02362  0.01575 0
DT   12.25908  0.02362  0.01575 0
DT   12.28011  0.00787  0.01575 0
DT   12.30091 -0.03125  0.01575 0
DT   12.32077 -0.07813  0.01575 0
DT   12.34107 -0.13281  0.01575 0
DT   12.36146 -0.22656  0.00787 0
DT   12.37908 -0.22656  0.00787 0
DT   12.40210 -0.27344  0.00000 0
DT   12.42035 -0.32031  0.00000 0
DT   12.44238 -0.38281 -0.02344 0
DT   12.46116 -0.41406 -0.04688 0
DT   12.48121 -0.44531 -0.07031 0
DT   12.50056 -0.46094 -0.07813 0
DT   12.52242 -0.48438 -0.10156 0
DT   12.53950 -0.49219 -0.10938 0
DT   12.56194 -0.49219 -0.12500 0
DT   12.57932 -0.48438 -0.12500 0
DT   12.60156 -0.49219 -0.13281 0
DT   12.62121 -0.48438 -0.14063 0
DT   12.63986 -0.48438 -0.15625 0
DT   12.65930 -0.48438 -0.15625 0
DT   12.67903 -0.48438 -0.15625 0
DT   12.70106 -0.49219 -0.15625 0
DT   12.72032 -0.48438 -0.15625 0
DT   12.74184 -0.49219 -0.15625 0
DT   12.75887 -0.49219 -0.15625 0
DT   12.78054 -0.48438 -0.15625 0
DT   12.79953 -0.48438 -0.15625 0
DT   12.81883 -0.48438 -0.15625 0
DT   12.84104 -0.48438 -0.15625 0
DT   12.86103 -0.48438 -0.15625 0
EL   12.86104  0.07813  0.00000 0
DT   12.88083 -0.48438 -0.16406 0
EL   12.88084  0.09375  0.00000 0
DT   12.90054 -0.48438 -0.16406 0
EL   12.90055  0.10938  0.00000 0
DT   12.91923 -0.48438 -0.16406 0
EL   12.91924  0.11719  0.00000 0
DT   12.94061 -0.48438 -0.16406 0
EL   12.94062  0.17188  0.00000 0
DT   12.96032 -0.48438 -0.16406 0
EL   12.96033  0.28906  0.00000 0
DT   12.98204 -0.48438 -0.16406 0
EL   12.98205  0.39063  0.00000 0
DT   13.00218 -0.46875 -0.16406 0
EL   13.00218  0.49219  0.00000 0
DT   13.02355 -0.44531 -0.17188 0
EL   13.02356  0.53125  0.00000 0
DT   13.04045 -0.39844 -0.17188 0
EL   13.04055  0.53906  0.00000 0
DT   13.06150 -0.37500 -0.17188 0
EL   13.06151  0.44531  0.00000 0
DT   13.08056 -0.35156 -0.17188 0
EL   13.08057  0.39063  0.00000 0
DT   13.10124 -0.33594 -0.17188 0
EL   13.10124  0.25781  0.00000 0
DT   13.12087 -0.32813 -0.17188 0
EL   13.12087  0.19531  0.00000 0
DT   13.14317 -0.31250 -0.17969 0
EL   13.14318  0.10156  0.00000 0
DT   13.16285 -0.30469 -0.18750 0
EL   13.16286  0.06250  0.00000 0
DT   13.18311 -0.28125 -0.19531 0
EL   13.18312  0.00000  0.00000 0
DT   13.20139 -0.27344 -0.20313 0
DT   13.22294 -0.24219 -0.21875 0
DT   13.24021 -0.22656 -0.21875 0
DT   13.26214 -0.17188 -0.22656 0
DT   13.28191 -0.14063 -0.23438 0
DT   13.30218 -0.10156 -0.24219 0
DT   13.31963 -0.10156 -0.24219 0
DT   13.34299 -0.13281 -0.25000 0
DT   13.36095 -0.14844 -0.25000 0
DT   13.38140 -0.21094 -0.25781 0
DT   13.40190 -0.23438 -0.25781 0
DT   13.42192 -0.28125 -0.26563 0
DT   13.44271 -0.32031 -0.27344 0
DT   13.46181 -0.37500 -0.28906 0
DT   13.48213 -0.40625 -0.29688 0
DT   13.50295 -0.43750 -0.31250 0
DT   13.52171 -0.44531 -0.32813 0
DT   13.53931 -0.44531 -0.32813 0
DT   13.56110 -0.43750 -0.32813 0
DT   13.58148 -0.40625 -0.32813 0
DT   13.60021 -0.38281 -0.31250 0
DT   13.62291 -0.32813 -0.28125 0
DT   13.64155 -0.27344 -0.26563 0
DT   13.66117 -0.18750 -0.20313 0
DT   13.68283 -0.09375 -0.16406 0
DT   13.70176  0.01575 -0.10156 0
DT   13.72300  0.02362 -0.03125 0
DT   13.74222  0.02362  0.02362 0
DT   13.76077  0.03150  0.02362 0
CS   13.77796 -1.00000  1.00000 1
DT   13.78405  0.03150  0.00787 0
DT   13.79899  0.03150  0.00787 0
DT   13.82573  0.03937  0.01575 0
DT   13.84132  0.04724  0.01575 0
DT   13.86207  0.09449  0.01575 0
DT   13.88160  0.11811  0.01575 0
DT   13.90085  0.15748  0.01575 0
DT   13.92190  0.17323  0.02362 0
DT   13.94191  0.22047  0.04724 0
DT   13.96225  0.25984  0.07087 0
DT   13.98096  0.32283  0.10236 0
DT   14.00136  0.34646  0.12598 0
DT   14.02066  0.38583  0.14173 0
DT   14.04172  0.40157  0.16535 0
DT   14.06229  0.42520  0.19685 0
DT   14.08282  0.44094  0.20472 0
DT   14.10258  0.46457  0.22047 0
DT   14.12305  0.48819  0.23622 0
DT   14.14148  0.51181  0.26772 0
CS   14.15814  0.00000  0.00000 0
DT   14.16217  0.51969  0.28346 0
DT   14.18337  0.54331  0.29134 0
DT   14.20207  0.55906  0.29921 0
DT   14.22095  0.56693  0.29921 0
DT   14.24099  0.56693  0.30709 0
DT   14.25962  0.57480  0.30709 0
DT   14.28008  0.57480  0.30709 0
DT   14.29937  0.57480  0.30709 0
DT   14.32181  0.57480  0.31496 0
DT   14.33974  0.57480  0.31496 0
DT   14.36037  0.56693  0.32283 0
DT   14.37838  0.56693  0.32283 0
DT   14.39942  0.56693  0.33071 0
DT   14.42088  0.56693  0.33858 0
DT   14.44062  0.55906  0.35433 0
DT   14.46092  0.55118  0.35433 0
DT   14.48208  0.51181  0.36220 0
DT   14.50087  0.47244  0.36220 0
DT   14.52214  0.42520  0.37008 0
DT   14.54201  0.39370  0.37008 0
DT   14.56108  0.33071  0.37795 0
DT   14.58192  0.29134  0.38583 0
DT   14.60168  0.18898  0.39370 0
DT   14.62029  0.15748  0.39370 0
DT   14.64235  0.03937  0.40157 0
DT   14.66117  0.03150  0.41732 0
DT   14.68273  0.02362  0.43307 0
DT   14.69937  0.03150  0.43307 0
DT   14.71977  0.03150  0.44094 0
DT   14.74066  0.00787  0.44882 0
DT   14.76032 -0.02344  0.45669 0
DT   14.77926 -0.05469  0.45669 0
DT   14.80000 -0.10938  0.46457 0
DT   14.82038 -0.14063  0.46457 0
DT   14.84249 -0.22656  0.47244 0
DT   14.86087 -0.27344  0.47244 0
DT   14.88252 -0.34375  0.48031 0
DT   14.89943 -0.43750  0.48031 0
DT   14.91971 -0.46875  0.48031 0
DT   14.94255 -0.57031  0.48819 0
DT   14.96139 -0.64063  0.48819 0
DT   14.97942 -0.70313  0.48819 0
DT   15.00249 -0.73438  0.50394 0
DT   15.02179 -0.78906  0.50394 0
DT   15.03981 -0.82031  0.50394 0
DT   15.06155 -0.84375  0.50394 0
DT   15.08199 -0.85938  0.50394 0
DT   15.10138 -0.85938  0.48819 0
DT   15.11862 -0.85938  0.48819 0
DT   15.14194 -0.85156  0.44094 0
DT   15.15922 -0.85156  0.37008 0
DT   15.18275 -0.83594  0.29134 0
DT   15.20257 -0.81250  0.18898 0
DT   15.22270 -0.76563  0.04724 0
DT   15.24161 -0.72656  0.00000 0
DT   15.26196 -0.69531 -0.03125 0
DT   15.28159 -0.67188 -0.11719 0
DT   15.30243 -0.66406 -0.16406 0
DT   15.32266 -0.65625 -0.21094 0
DT   15.34145 -0.65625 -0.23438 0
DT   15.36073 -0.65625 -0.27344 0
DT   15.38129 -0.65625 -0.28906 0
DT   15.40019 -0.65625 -0.31250 0
DT   15.42127 -0.65625 -0.34375 0
DT   15.44082 -0.65625 -0.36719 0
DT   15.46109 -0.65625 -0.38281 0
DT   15.48072 -0.65625 -0.41406 0
DT   15.50263 -0.64063 -0.44531 0
DT   15.52123 -0.64063 -0.46875 0
DT   15.54021 -0.62500 -0.50781 0
DT   15.56154 -0.60938 -0.52344 0
DT   15.58316 -0.58594 -0.53906 0
DT   15.60133 -0.57031 -0.56250 0
DT   15.62215 -0.56250 -0.58594 0
DT   15.64286 -0.54688 -0.60156 0
DT   15.66186 -0.50781 -0.60938 0
DT   15.68141 -0.49219 -0.60938 0
DT   15.70063 -0.44531 -0.61719 0
DT   15.72054 -0.41406 -0.61719 0
DT   15.74184 -0.35938 -0.61719 0
DT   15.76068 -0.31250 -0.61719 0
DT   15.78302 -0.21094 -0.62500 0
DT   15.80024 -0.13281 -0.62500 0
DT   15.82255  0.03150 -0.63281 0
DT   15.84134  0.09449 -0.63281 0
DT   15.86303  0.18898 -0.64063 0
DT   15.88050  0.28346 -0.64063 0
DT   15.89957  0.35433 -0.64063 0
DT   15.92151  0.40945 -0.64063 0
DT   15.94068  0.41732 -0.64063 0
DT   15.96178  0.42520 -0.64063 0
DT   15.98107  0.42520 -0.64063 0
DT   15.99874  0.42520 -0.64063 0
DT   16.01972  0.42520 -0.63281 0
DT   16.03869  0.42520 -0.63281 0
DT   16.05920  0.42520 -0.63281 0
DT   16.07882  0.42520 -0.63281 0
DT   16.09939  0.42520 -0.63281 0
DT   16.11862  0.42520 -0.63281 0
DT   16.14179  0.41732 -0.63281 0
DT   16.15940  0.40945 -0.63281 0
DT   16.18108  0.38583 -0.63281 0
DT   16.19930  0.36220 -0.63281 0
DT   16.22248  0.31496 -0.62500 0
DT   16.24249  0.19685 -0.61719 0
DT   16.26006  0.09449 -0.61719 0
DT   16.28171  0.03150 -0.60938 0
DT   16.30033  0.01575 -0.60938 0
DT   16.32211  0.03150 -0.60938 0
DT   16.34106  0.02362 -0.60938 0
DT   16.35868  0.02362 -0.60938 0
DT   16.38085  0.02362 -0.61719 0
DT   16.40057  0.02362 -0.62500 0
DT   16.42009  0.03150 -0.62500 0
DT   16.44066  0.03150 -0.62500 0
DT   16.45934  0.03150 -0.62500 0
DT   16.48262  0.03150 -0.63281 0
DT   16.49964  0.03150 -0.63281 0
DT   16.52111  0.03150 -0.64063 0
DT   16.54073  0.03150 -0.64063 0
DT   16.56074  0.02362 -0.64063 0
DT   16.58137  0.01575 -0.64063 0
DT   16.60019  0.00000 -0.64063 0
DT   16.62128 -0.05469 -0.64063 0
DT   16.64162 -0.10938 -0.64063 0
DT   16.66121 -0.19531 -0.63281 0
DT   16.68227 -0.21875 -0.62500 0
DT   16.70170 -0.25000 -0.59375 0
DT   16.72196 -0.28125 -0.58594 0
DT   16.74210 -0.33594 -0.55469 0
DT   16.76323 -0.38281 -0.54688 0
DT   16.78186 -0.43750 -0.52344 0
DT   16.80187 -0.45313 -0.51563 0
DT   16.82236 -0.48438 -0.50781 0
DT   16.84095 -0.48438 -0.50000 0
DT   16.86124 -0.48438 -0.50781 0
DT   16.87991 -0.47656 -0.50781 0
DT   16.89903 -0.47656 -0.50781 0
DT   16.91966 -0.47656 -0.50781 0
DT   16.94077 -0.47656 -0.50000 0
DT   16.95965 -0.47656 -0.49219 0
DT   16.97960 -0.47656 -0.49219 0
DT   17.00275 -0.46875 -0.47656 0
DT   17.02221 -0.45313 -0.44531 0
DT   17.04123 -0.45313 -0.40625 0
DT   17.06084 -0.45313 -0.36719 0
DT   17.08133 -0.45313 -0.30469 0
DT   17.09973 -0.45313 -0.29688 0
DT   17.12038 -0.45313 -0.25781 0
DT   17.13970 -0.45313 -0.21875 0
DT   17.16223 -0.44531 -0.16406 0
DT   17.18085 -0.44531 -0.14063 0
DT   17.20136 -0.41406 -0.10938 0
DT   17.22100 -0.39844 -0.06250 0
DT   17.24154 -0.35938 -0.04688 0
DT   17.26219 -0.32031 -0.01563 0
DT   17.28086 -0.26563  0.00000 0
DT   17.30122 -0.19531  0.01575 0
DT   17.32059 -0.11719  0.01575 0
DT   17.34071  0.01575  0.01575 0
DT   17.36096  0.02362  0.01575 0
DT   17.38125  0.03150  0.01575 0
DT   17.40003  0.02362  0.01575 0
DT   17.41958  0.02362  0.01575 0
DT   17.43930  0.02362  0.01575 0
DT   17.45936  0.02362  0.01575 0
DT   17.47916  0.02362  0.01575 0
DT   17.49850  0.02362  0.01575 0
DT   17.51920  0.02362  0.01575 0
DT   17.53858  0.02362  0.01575 0
DT   17.56002  0.02362  0.01575 0
DT   17.58008  0.02362  0.01575 0
DT   17.59862  0.02362  0.01575 0
DT   17.61856  0.02362  0.01575 0
DT   17.63986  0.02362  0.01575 0
DT   17.65932  0.02362  0.01575 0
DT   17.67875  0.02362  0.01575 0
DT   17.69902  0.02362  0.01575 0
DT   17.71904  0.02362  0.01575 0
DT   17.74013  0.02362  0.01575 0
DT   17.76018  0.02362  0.01575 0
DT   17.77896  0.02362  0.01575 0
DT   17.79939  0.02362  0.01575 0
DT   17.81846  0.02362  0.01575 0
DT   17.83937  0.02362  0.01575 0
DT   17.85912  0.02362  0.01575 0
DT   17.87840  0.02362  0.01575 0
DT   17.89861  0.02362  0.01575 0
DT   17.91936  0.02362  0.01575 0
DT   17.93851  0.02362  0.01575 0
DT   17.95923  0.02362  0.01575 0
DT   17.98062  0.02362  0.01575 0
DT   18.00152  0.02362  0.01575 0
EL   18.00153 -0.07087  0.00000 0
DT   18.02061  0.02362  0.01575 0
EL   18.02062 -0.12598  0.00000 0
DT   18.04069  0.02362  0.01575 0
EL   18.04069 -0.19685  0.00000 0
DT   18.05921  0.02362  0.01575 0
EL   18.05922 -0.21260  0.00000 0
DT   18.08082  0.02362  0.01575 0
EL   18.08083 -0.21260  0.00000 0
DT   18.10151  0.02362  0.02362 0
EL   18.10151 -0.22835  0.00000 0
DT   18.12072  0.02362  0.01575 0
EL   18.12072 -0.22835  0.00000 0
DT   18.13945  0.02362  0.01575 0
EL   18.13946 -0.22835  0.00000 0
DT   18.15943  0.02362  0.01575 0
EL   18.15944 -0.22835  0.00000 0
DT   18.17884  0.02362  0.01575 0
EL   18.17885 -0.22835  0.00000 0
DT   18.19914  0.02362  0.01575 0
EL   18.19915 -0.22835  0.00000 0
DT   18.21906  0.02362  0.01575 0
EL   18.21907 -0.22835  0.00000 0
DT   18.23973  0.02362  0.01575 0
EL   18.23973 -0.22835  0.00000 0
DT   18.25989  0.02362  0.01575 0
EL   18.25990 -0.22835  0.00000 0
DT   18.28061  0.02362  0.01575 0
EL   18.28061 -0.28346  0.00000 0
DT   18.30131  0.02362  0.01575 0
EL   18.30132 -0.30709  0.00000 0
DT   18.32018  0.02362  0.01575 0
EL   18.32019 -0.33071  0.00000 0
DT   18.34014  0.02362  0.01575 0
EL   18.34015 -0.34646  0.00000 0
DT   18.35994  0.02362  0.01575 0
EL   18.35995 -0.35433  0.00000 0
DT   18.37973  0.02362  0.01575 0
EL   18.37974 -0.38583  0.00000 0
DT   18.40058  0.02362  0.01575 0
EL   18.40059 -0.40157  0.00000 0
DT   18.42024  0.02362  0.01575 0
EL   18.42025 -0.40157  0.00000 0
DT   18.44001  0.02362  0.01575 0
EL   18.44001 -0.40157  0.00000 0
DT   18.45867  0.02362  0.01575 0
EL   18.45868 -0.40157  0.00000 0
DT   18.47907  0.02362  0.01575 0
EL   18.47908 -0.40157  0.00000 0
DT   18.50038  0.02362  0.01575 0
EL   18.50038 -0.40945  0.00000 0
DT   18.51842  0.02362  0.01575 0
EL   18.51843 -0.40945  0.00000 0
DT   18.53853  0.02362  0.01575 0
EL   18.53854 -0.40945  0.00000 0
DT   18.55881  0.02362  0.01575 0
EL   18.55882 -0.40945  0.00000 0
DT   18.57939  0.02362  0.01575 0
EL   18.57940 -0.30709  0.00000 0
DT   18.60028  0.02362  0.02362 0
EL   18.60029 -0.15748  0.00000 0
DT   18.62120  0.02362  0.01575 0
EL   18.62121  0.00000  0.00000 0
DT   18.64149  0.02362  0.01575 0
DT   18.65884  0.02362  0.01575 0
DT   18.67844  0.02362  0.01575 0
DT   18.69883  0.02362  0.01575 0
DT   18.71842  0.02362  0.01575 0
DT   18.73837  0.02362  0.01575 0
DT   18.75941  0.02362  0.01575 0
DT   18.77841  0.02362  0.01575 0
DT   18.79926  0.02362  0.01575 0
DT   18.82019  0.02362  0.01575 0
DT   18.84130  0.02362  0.01575 0
DT   18.86483  0.02362  0.01575 0
DT   18.88251  0.02362  0.01575 0
DT   18.89979  0.02362  0.01575 0
DT   18.92008  0.02362  0.01575 0
DT   18.93960  0.02362  0.01575 0
DT   18.95938  0.02362  0.01575 0
DT   18.97981  0.02362  0.01575 0
DT   18.99976  0.02362  0.01575 0
DT   19.01889  0.02362  0.01575 0
DT   19.03904  0.02362  0.01575 0
DT   19.05843  0.02362  0.01575 0
DT   19.07885  0.02362  0.01575 0
DT   19.09957  0.02362  0.02362 0
DT   19.12012  0.02362  0.01575 0
DT   19.13978  0.02362  0.01575 0
DT   19.15982  0.02362  0.01575 0
DT   19.17909  0.02362  0.01575 0
DT   19.19919  0.02362  0.01575 0
DT   19.21839  0.02362  0.01575 0
DT   19.23910  0.02362  0.01575 0
DT   19.25958  0.02362  0.01575 0
DT   19.27895  0.02362  0.01575 0
DT   19.29853  0.02362  0.01575 0
DT   19.31946  0.02362  0.01575 0
DT   19.33844  0.02362  0.01575 0
DT   19.36037  0.02362  0.01575 0
DT   19.37951  0.02362  0.01575 0
DT   19.39933  0.02362  0.01575 0
DT   19.41863  0.02362  0.01575 0
DT   19.43902  0.02362  0.01575 0
DT   19.45914  0.02362  0.01575 0
DT   19.47994  0.02362  0.01575 0
DT   19.49835  0.02362  0.01575 0
DT   19.51842  0.02362  0.01575 0
DT   19.54018  0.02362  0.01575 0
DT   19.55914  0.02362  0.01575 0
DT   19.57909  0.02362  0.01575 0
DT   19.59960  0.02362  0.01575 0
DT   19.61872  0.02362  0.01575 0
DT   19.63861  0.02362  0.01575 0
DT   19.65868  0.02362  0.01575 0
DT   19.67886  0.02362  0.01575 0
DT   19.69865  0.02362  0.01575 0
DT   19.71886  0.02362  0.01575 0
DT   19.73982  0.02362  0.01575 0
DT   19.75897  0.02362  0.01575 0
DT   19.77928  0.02362  0.01575 0
DT   19.79979  0.02362  0.01575 0
DT   19.81847  0.02362  0.01575 0
DT   19.83933  0.02362  0.01575 0
DT   19.85956  0.02362  0.01575 0
DT   19.87887  0.02362  0.01575 0
DT   19.89847  0.02362  0.01575 0
DT   19.91887  0.02362  0.01575 0
DT   19.93918  0.02362  0.01575 0
DT   19.95889  0.02362  0.01575 0
DT   19.98019  0.02362  0.01575 0
DT   19.99888  0.02362  0.01575 0
DT   20.01984  0.02362  0.01575 0
DT   20.03999  0.02362  0.01575 0
DT   20.05852  0.02362  0.01575 0
DT   20.07892  0.02362  0.01575 0
DT   20.09864  0.02362  0.01575 0
DT   20.11941  0.02362  0.01575 0
DT   20.13881  0.02362  0.01575 0
DT   20.15898  0.02362  0.01575 0
DT   20.17916  0.02362  0.01575 0
DT   20.19863  0.02362  0.01575 0
DT   20.21862  0.02362  0.01575 0
DT   20.24017  0.02362  0.01575 0
DT   20.25913  0.02362  0.01575 0
DT   20.27866  0.02362  0.01575 0
DT   20.29988  0.02362  0.01575 0
DT   20.31915  0.02362  0.01575 0
DT   20.33853  0.02362  0.01575 0
DT   20.35843  0.02362  0.01575 0
DT   20.37951  0.02362  0.01575 0
DT   20.40001  0.02362  0.01575 0
DT   20.41996  0.02362  0.01575 0
DT   20.43957  0.02362  0.01575 0
DT   20.45841  0.02362  0.01575 0
DT   20.47953  0.02362  0.01575 0
DT   20.49845  0.02362  0.01575 0
DT   20.51843  0.02362  0.01575 0
DT   20.53972  0.02362  0.01575 0
DT   20.55850  0.02362  0.01575 0
DT   20.57884  0.02362  0.01575 0
DT   20.59837  0.02362  0.01575 0
DT   20.61960  0.02362  0.01575 0
DT   20.63850  0.02362  0.01575 0
DT   20.65955  0.02362  0.01575 0
DT   20.67894  0.02362  0.01575 0
DT   20.69972  0.02362  0.01575 0
DT   20.71885  0.02362  0.01575 0
DT   20.73978  0.02362  0.01575 0
DT   20.75863  0.02362  0.01575 0
DT   20.77906  0.02362  0.01575 0
DT   20.79837  0.02362  0.01575 0
DT   20.81872  0.02362  0.01575 0
DT   20.83900  0.02362  0.01575 0
DT   20.85956  0.02362  0.01575 0
DT   20.87896  0.02362  0.01575 0
DT   20.89838  0.02362  0.01575 0
DT   20.91848  0.02362  0.01575 0
DT   20.93838  0.02362  0.01575 0
DT   20.95898  0.02362  0.01575 0
DT   20.97910  0.02362  0.01575 0
EL   21.40348  0.00000  0.00000 1
XX 9999.00000 999.00000 999.00000 0
