0000    0.00027  0.00026  0.02362  0.00787 -223.54448 -219.32295  0.00000  0.00000
0001    0.01998  0.01970  0.02362  0.00787 -223.54448 -219.32295  0.00000  0.00000
0002    0.04058  0.02060  0.02362  0.00787 -223.54448 -219.32295  0.00000  0.00000
0003    0.05990  0.01931  0.02362  0.00787 -223.54448 -219.32295  0.00000  0.00000
0004    0.08030  0.02038  0.02362  0.00787 -223.54448 -219.32295  0.00000  0.00000
0005    0.10051  0.02020  0.02362  0.00787 -223.54448 -219.32295  0.00000  0.00000
0006    0.12143  0.02091  0.02362  0.00000 -223.54448 -219.32295  0.00000  0.00000
0007    0.14244  0.02100  0.02362 -0.00781 -223.54448 -219.32295  0.00000  0.00000
0008    0.16189  0.01945  0.02362 -0.08594 -223.54448 -219.32295  0.00000  0.00000
0009    0.18190  0.02000  0.02362 -0.13281 -223.54448 -219.32295  0.00000  0.00000
0010    0.20228  0.02037  0.02362 -0.17188 -223.54448 -219.27386  0.00000  0.00000
0011    0.22266  0.02037  0.02362 -0.21094 -223.54448 -219.27386  0.00000  0.00000
0012    0.23986  0.01719  0.02362 -0.21094 -223.54448 -219.22478  0.00000  0.00000
0013    0.26017  0.02030  0.02362 -0.21094 -223.54448 -219.17569  0.00000  2.72040
0014    0.28179  0.02161  0.02362 -0.19531 -223.54448 -219.12660  0.00000  2.32281
0015    0.30133  0.01953  0.02362 -0.14844 -223.49539 -219.07751  0.00000  2.36526
0016    0.32164  0.02030  0.02362 -0.10938 -223.49539 -219.07751  0.00000  2.36526
0017    0.34123  0.01958  0.02362 -0.01563 -223.49539 -219.02843  0.00000  2.11956
0018    0.36238  0.02114  0.03150  0.00787 -223.44630 -219.02843  0.00000  2.11956
0019    0.38212  0.01972  0.02362  0.00787 -223.44630 -219.02843  0.00000  2.11956
0020    0.40120  0.01907  0.03150  0.00787 -223.39721 -219.02843  0.96165  2.11956
0021    0.42129  0.02008  0.02362  0.00787 -223.39721 -219.02843  0.96165  2.11956
0022    0.43985  0.01855  0.02362  0.00787 -223.39721 -219.02843  0.96165  2.11956
0023    0.46012  0.02026  0.02362  0.00787 -223.39721 -219.02843  0.96165  2.11956
0024    0.48230  0.02217  0.02362  0.00000 -223.39721 -219.02843  0.96165  2.11956
0025    0.50125  0.01893  0.02362  0.00787 -223.39721 -219.02843  0.96165  0.00000
0026    0.52154  0.02028  0.02362 -0.00781 -223.39721 -219.02843  0.96165  0.00000
0027    0.54194  0.02038  0.02362 -0.11719 -223.39721 -219.02843  0.96165  0.00000
0028    0.56169  0.01974  0.02362 -0.17188 -223.39721 -219.02843  0.00000  0.00000
0029    0.58209  0.02040  0.02362 -0.24219 -223.39721 -219.02843  0.00000  0.00000
0030    0.60255  0.02044  0.02362 -0.29688 -223.39721 -219.02843  0.00000  0.00000
0031    0.62154  0.01898  0.02362 -0.35938 -223.39721 -218.97934  0.00000  0.00000
0032    0.64073  0.01917  0.02362 -0.39844 -223.39721 -218.83208  0.00000  4.21003
0033    0.66201  0.02128  0.02362 -0.42188 -223.39721 -218.68481  0.00000  5.38102
0034    0.68106  0.01903  0.02362 -0.43750 -223.39721 -218.53755  0.00000  6.12119
0035    0.70121  0.02015  0.02362 -0.44531 -223.34813 -218.34120  0.00000  8.46809
0036    0.72298  0.02175  0.00787 -0.46094 -223.34813 -218.09576  0.00000 10.11821
0037    0.74147  0.01848  0.00787 -0.46875 -223.29904 -217.85033  1.24670 11.74695
0038    0.76376  0.02228 -0.02344 -0.47656 -223.29904 -217.55580  1.24670 13.40747
0039    0.78326  0.01949 -0.05469 -0.49219 -223.24995 -217.21219  1.41341 15.02318
0040    0.80248  0.01921 -0.10156 -0.50781 -223.20086 -216.91766  1.56847 16.81185
0041    0.82383  0.02133 -0.14063 -0.51563 -223.10269 -216.47588  1.96169 18.40148
0042    0.84285  0.01901 -0.21094 -0.52344 -223.05360 -216.13226  2.11283 19.95119
0043    0.86178  0.01893 -0.24219 -0.52344 -222.85725 -215.69048  3.03629 21.68224
0044    0.88294  0.02114 -0.28125 -0.52344 -222.61181 -215.19960  8.59809 23.23146
0045    0.90181  0.01886 -0.32813 -0.52344 -222.41546 -214.70873 10.57739 25.02536
0046    0.92273  0.02091 -0.35156 -0.52344 -222.17003 -214.16876 10.28026 25.95032
0047    0.94238  0.01964 -0.38281 -0.52344 -221.87550 -213.62880 14.01999 28.02630
0048    0.96231  0.01992 -0.39063 -0.52344 -221.53189 -213.08884 16.54388 28.72311
0049    0.98323  0.02091 -0.40625 -0.52344 -221.13919 -212.45070 19.06418 30.53607
0050    1.00221  0.01897 -0.41406 -0.52344 -220.69740 -211.86165 21.16899 30.28391
0051    1.02075  0.01853 -0.42188 -0.52344 -220.30470 -211.27260 22.79778 31.24811
0052    1.04181  0.02104 -0.43750 -0.52344 -219.76474 -210.63446 24.81554 31.46493
0053    1.06159  0.01977 -0.46094 -0.52344 -219.27386 -209.94724 25.84260 33.93947
0054    1.08398  0.02238 -0.47656 -0.53125 -218.63573 -209.16184 28.50568 35.75526
0055    1.10160  0.01761 -0.49219 -0.53125 -218.09576 -208.52370 29.98479 36.88460
0056    1.12151  0.01990 -0.50781 -0.53125 -217.50671 -207.78739 30.44781 37.24732
0057    1.14284  0.02132 -0.52344 -0.53906 -216.77040 -206.95290 34.43843 39.26105
0058    1.16177  0.01891 -0.52344 -0.54688 -216.08317 -206.16750 35.77285 40.72300
0059    1.18166  0.01988 -0.52344 -0.55469 -215.34686 -205.38210 37.40071 40.53602
0060    1.20196  0.02029 -0.52344 -0.56250 -214.56146 -204.49853 40.30057 43.14380
0061    1.22181  0.01984 -0.52344 -0.57813 -213.72698 -203.61495 41.75936 44.85990
0062    1.24226  0.02044 -0.51563 -0.59375 -212.84340 -202.63320 43.38805 47.88230
0063    1.26377  0.02150 -0.50781 -0.60156 -211.91074 -201.55327 44.07526 50.34641
0064    1.28165  0.01787 -0.48438 -0.60156 -211.07625 -200.66970 45.94552 50.68797
0065    1.30305  0.02139 -0.46875 -0.60938 -210.09450 -199.58978 45.54332 51.74595
0066    1.32211  0.01905 -0.44531 -0.60938 -209.21093 -198.55894 47.80606 52.59084
0067    1.34230  0.02018 -0.43750 -0.61719 -208.22918 -197.47901 47.64851 53.43846
0068    1.36246  0.02015 -0.42188 -0.61719 -207.29651 -196.39909 47.51131 54.64975
0069    1.38127  0.01880 -0.42188 -0.61719 -206.41294 -195.36825 47.23245 54.78271
0070    1.40347  0.02220 -0.39844 -0.62500 -205.33301 -194.14106 46.87881 56.91535
0071    1.42040  0.01692 -0.39844 -0.62500 -204.54761 -193.15931 45.97995 56.97448
0072    1.44368  0.02327 -0.36719 -0.61719 -203.41860 -191.83395 49.01129 58.42463
0073    1.46346  0.01977 -0.35156 -0.62500 -202.48594 -190.65585 48.00710 61.13775
0074    1.48266  0.01919 -0.33594 -0.62500 -201.55327 -189.42866 48.42027 60.87202
0075    1.50123  0.01856 -0.30469 -0.62500 -200.66970 -188.29965 48.72160 61.74062
0076    1.52188  0.02064 -0.28125 -0.63281 -199.68795 -186.97429 47.93842 63.03492
0077    1.54233  0.02043 -0.25781 -0.63281 -198.70620 -185.69801 49.35079 63.82087
0078    1.56302  0.02068 -0.21094 -0.64063 -197.67536 -184.37265 49.14795 65.67812
0079    1.58338  0.02035 -0.15625 -0.64844 -196.64453 -182.99820 49.26065 66.58596
0080    1.60202  0.01862 -0.05469 -0.65625 -195.81004 -181.77101 44.36767 67.83180
0081    1.62284  0.02082 -0.01563 -0.64844 -194.92646 -180.34748 39.04479 66.59363
0082    1.64387  0.02101  0.00787 -0.65625 -193.99380 -178.97303 48.63664 66.33760
0083    1.66079  0.01691  0.00787 -0.65625 -193.11022 -177.84401 50.51324 67.51088
0084    1.68187  0.02107  0.01575 -0.65625 -192.12848 -176.42048 47.63303 67.68216
0085    1.70281  0.02093  0.01575 -0.66406 -191.09764 -174.99694 48.74918 67.29247
0086    1.71989  0.01707  0.01575 -0.66406 -190.31224 -173.81884 47.72402 68.55796
0087    1.73986  0.01997  0.01575 -0.66406 -189.33049 -172.44439 47.85150 68.47333
0088    1.76006  0.02018  0.01575 -0.66406 -188.34874 -171.06994 47.94357 68.74374
0089    1.78001  0.01995  0.01575 -0.66406 -187.36699 -169.69549 48.59908 69.20312
0090    1.80311  0.02309  0.00787 -0.65625 -186.23798 -168.07560 50.02191 69.66472
0091    1.82182  0.01869  0.00787 -0.66406 -185.30531 -166.79933 49.61190 67.87588
0092    1.84089  0.01906  0.00787 -0.65625 -184.37265 -165.47396 49.23619 68.86236
0093    1.86148  0.02058  0.00787 -0.66406 -183.34181 -164.09951 50.14865 68.51538
0094    1.88089  0.01940  0.00787 -0.66406 -182.36006 -162.77415 50.12330 68.72834
0095    1.89992  0.01902  0.00787 -0.66406 -181.37831 -161.44879 50.64457 68.67306
0096    1.92036  0.02043  0.00787 -0.66406 -180.34748 -160.07434 51.10008 67.94494
0097    1.94135  0.02098  0.00787 -0.65625 -179.31664 -158.60171 49.92931 70.14304
0098    1.96131  0.01995  0.00787 -0.66406 -178.28580 -157.17818 50.11741 69.78654
0099    1.98071  0.01939  0.00787 -0.66406 -177.30405 -155.85281 50.26213 69.95960
0100    2.00074  0.02001  0.00787 -0.66406 -176.32230 -154.42928 50.75401 69.70181
0101    2.01982  0.01907  0.00787 -0.66406 -175.34055 -153.05483 50.76057 74.11392
0102    2.04064  0.02081  0.00787 -0.66406 -174.26063 -151.53311 51.09449 73.25618
0103    2.06189  0.02124  0.00000 -0.66406 -173.18070 -149.96231 51.39003 72.87932
0104    2.07994  0.01803  0.00000 -0.66406 -172.24804 -148.68604 50.39034 71.44209
0105    2.10112  0.02117  0.00000 -0.65625 -171.21720 -147.16433 51.42152 70.93416
0106    2.11981  0.01868  0.00000 -0.65625 -170.18636 -145.78988 53.31136 74.67540
0107    2.14339  0.02357  0.00787 -0.66406 -168.95918 -144.02273 52.48569 72.99039
0108    2.16013  0.01673  0.00787 -0.66406 -168.12469 -142.84463 50.09849 72.82472
0109    2.18338  0.02323  0.00000 -0.65625 -166.99568 -141.17565 48.23518 72.84039
0110    2.20008  0.01669  0.00000 -0.65625 -166.21028 -139.94846 47.46835 72.77343
0111    2.22173  0.02164  0.00000 -0.64844 -165.17944 -138.32858 47.27270 75.04472
0112    2.24050  0.01876  0.00000 -0.64844 -164.24677 -136.90504 48.19446 77.06649
0113    2.26407  0.02356 -0.03125 -0.64063 -163.11776 -135.13789 48.77631 73.38870
0114    2.28260  0.01852 -0.03906 -0.64063 -162.18510 -133.76344 49.64301 74.36824
0115    2.30396  0.02135 -0.09375 -0.61719 -161.15426 -132.19264 49.26535 73.60659
0116    2.32368  0.01971 -0.14063 -0.58594 -160.22160 -130.72001 46.78163 73.26711
0117    2.34336  0.01966 -0.21875 -0.53125 -159.38711 -129.34556 43.74922 68.20929
0118    2.36285  0.01948 -0.27344 -0.50781 -158.50354 -127.97111 45.45897 70.92801
0119    2.38393  0.02107 -0.34375 -0.42969 -157.52179 -126.49849 46.69219 70.11899
0120    2.40301  0.01907 -0.45313 -0.33594 -156.54004 -125.22221 52.24214 67.07042
0121    2.42368  0.02066 -0.52344 -0.27344 -155.41103 -123.84776 53.51565 66.08219
0122    2.44403  0.02034 -0.60938 -0.17188 -154.13475 -122.52240 65.65879 65.96186
0123    2.46272  0.01868 -0.66406 -0.11719 -152.95665 -121.29521 59.77533 62.95045
0124    2.48353  0.02080 -0.72656  0.00000 -151.68038 -120.01894 68.25814 58.67534
0125    2.50292  0.01937 -0.76563  0.01575 -150.30593 -118.93901 69.80986 57.49634
0126    2.52408  0.02116 -0.82031  0.02362 -148.88239 -117.76091 67.89231 57.37973
0127    2.54223  0.01814 -0.83594  0.02362 -147.60611 -116.73008 71.01163 55.00277
0128    2.56313  0.02089 -0.87500  0.03150 -146.08440 -115.60106 75.10615 55.69676
0129    2.58299  0.01985 -0.89844  0.04724 -144.56269 -114.52114 77.11855 55.05120
0130    2.60070  0.01769 -0.89844  0.04724 -143.18824 -113.63756 77.33299 47.34291
0131    2.62274  0.02203 -0.92188  0.08661 -141.47018 -112.80307 78.93721 39.61001
0132    2.64200  0.01925 -0.92969  0.11024 -139.94846 -112.01768 80.51091 40.15436
0133    2.66251  0.02050 -0.94531  0.15748 -138.23040 -111.18319 82.80059 38.80005
0134    2.68302  0.02051 -0.95313  0.18110 -136.51234 -110.44687 83.27608 37.15443
0135    2.70182  0.01879 -0.95313  0.21260 -134.94154 -109.75965 83.42752 34.26773
0136    2.72285  0.02101 -0.94531  0.22047 -133.12530 -109.12151 87.95388 30.77924
0137    2.74344  0.02057 -0.93750  0.24409 -131.30906 -108.48338 88.11650 30.11771
0138    2.76342  0.01997 -0.90625  0.27559 -129.59100 -107.94341 88.21389 27.25645
0139    2.78342  0.01999 -0.89063  0.29134 -127.82385 -107.45254 88.17823 24.53271
0140    2.80259  0.01916 -0.87500  0.30709 -126.15488 -107.01075 87.84920 22.60326
0141    2.82323  0.02064 -0.86719  0.31496 -124.38773 -106.61805 83.31919 19.30978
0142    2.84295  0.01971 -0.84375  0.34646 -122.76784 -106.42170 81.19407 15.17801
0143    2.86281  0.01985 -0.83594  0.37795 -121.14795 -106.32353 81.14911 11.36916
0144    2.88397  0.02115 -0.82031  0.44882 -119.47897 -106.32353 79.51711 11.36916
0145    2.90388  0.01990 -0.78906  0.48031 -117.90818 -106.32353 78.06164 11.36916
0146    2.92400  0.02011 -0.74219  0.53543 -116.38646 -106.27444 73.44360  4.72551
0147    2.94351  0.01950 -0.71094  0.59055 -114.91384 -106.27444 72.25870  4.72551
0148    2.96284  0.01932 -0.65625  0.61417 -113.49030 -106.17626 72.58458  3.55153
0149    2.98262  0.01977 -0.60938  0.61417 -112.16494 -106.02900 65.72517  3.25281
0150    3.00389  0.02126 -0.52344  0.60630 -110.79049 -106.02900 62.61041  3.25281
0151    3.02247  0.01858 -0.45313  0.60630 -109.75965 -106.12718 54.05279  2.09109
0152    3.05635  0.03386 -0.34375  0.53543 -108.04159 -106.56896 49.11771 -6.69599
0153    3.06842  0.01198 -0.27344  0.44882 -107.50163 -106.76531 46.10713 -16.22963
0154    3.10361  0.03518 -0.14844  0.27559 -106.17626 -107.10893 34.58620 -11.27636
0155    3.11108  0.00747 -0.14844  0.27559 -105.93083 -107.10893 31.87469 -11.27636
0156    3.12487  0.01378 -0.03125  0.14173 -105.53813 -107.05984 27.90410 -11.27636
0157    3.14552  0.02064  0.00787  0.02362 -105.04725 -107.01075 25.08412 -4.79236
0158    3.16432  0.01879  0.01575 -0.03125 -104.60546 -106.91258 23.11806 -2.11409
0159    3.18242  0.01809  0.01575  0.02362 -104.21276 -106.76531 22.65093  0.97597
0160    3.20224  0.01981  0.01575  0.00000 -103.86915 -106.56896 18.91917  4.89473
0161    3.22059  0.01835  0.01575  0.00000 -103.57463 -106.42170 15.67092  8.29130
0162    3.24134  0.02073  0.01575 -0.07031 -103.32919 -106.22535 13.81186  8.69061
0163    3.26179  0.02044  0.01575 -0.10938 -103.18192 -106.02900 11.51547  9.68856
0164    3.28201  0.02021  0.01575 -0.17969 -103.03466 -105.78356  8.66970 11.04219
0165    3.30155  0.01953  0.01575 -0.25000 -102.93649 -105.53813  7.55249 11.71305
0166    3.32363  0.02207  0.01575 -0.30469 -102.83831 -105.29269  6.09345 11.54481
0167    3.34163  0.01799  0.01575 -0.32031 -102.74014 -105.09634  5.36777 11.41701
0168    3.36273  0.02109  0.01575 -0.38281 -102.64196 -104.89999  5.19233 11.14674
0169    3.38394  0.02120  0.00787 -0.44531 -102.49470 -104.65455  5.16822 10.06461
0170    3.40378  0.01974  0.00000 -0.46094 -102.39653 -104.45820  5.32026 10.47981
0171    3.42400  0.02021 -0.03125 -0.49219 -102.20018 -104.16368  6.66894 12.59823
0172    3.44345  0.01944 -0.05469 -0.50000 -102.05291 -103.82006  7.58438 15.60320
0173    3.46191  0.01844 -0.08594 -0.50000 -101.85656 -103.47645  8.56486 17.97623
0174    3.48279  0.02088 -0.10156 -0.50000 -101.66021 -103.08375  9.02243 20.36902
0175    3.50235  0.01955 -0.13281 -0.50000 -101.51295 -102.64196  9.03827 21.93869
0176    3.52436  0.02199 -0.15625 -0.48438 -101.31660 -102.10200  8.95096 23.20368
0177    3.54440  0.02003 -0.17188 -0.46094 -101.07116 -101.61113  9.80260 24.69644
0178    3.56464  0.02023 -0.18750 -0.43750 -100.77664 -101.12025 13.13647 24.63799
0179    3.58342  0.01876 -0.19531 -0.42188 -100.58029 -100.62938 13.49399 25.28830
0180    3.60279  0.01936 -0.19531 -0.40625 -100.33485 -100.13850 11.85021 25.53708
0181    3.62298  0.02018 -0.19531 -0.37500 -100.08941 -99.59854 12.28690 26.53909
0182    3.64209  0.01909 -0.19531 -0.33594 -99.79489 -99.10766 14.80582 26.74988
0183    3.66335  0.02125 -0.19531 -0.30469 -99.45128 -98.51861 15.63426 26.57177
0184    3.68223  0.01887 -0.19531 -0.27344 -99.10766 -98.07683 16.47417 25.56774
0185    3.70312  0.02088 -0.19531 -0.23438 -98.76405 -97.53686 17.78069 25.15792
0186    3.72342  0.02029 -0.18750 -0.18750 -98.32226 -97.04599 19.68034 23.37188
0187    3.74406  0.02063 -0.17969 -0.15625 -97.92956 -96.60420 20.34580 22.77182
0188    3.76360  0.01953 -0.13281 -0.10938 -97.53686 -96.16241 20.06626 22.39730
0189    3.78460  0.02099 -0.10156 -0.07031 -97.14416 -95.72063 19.53716 21.38856
0190    3.80300  0.01839 -0.06250  0.00000 -96.80055 -95.32793 18.37647 20.18795
0191    3.82392  0.02092 -0.03125  0.01575 -96.45694 -94.93523 16.98897 19.34266
0192    3.84350  0.01957  0.00787  0.00787 -96.16241 -94.59161 16.14550 18.83768
0193    3.86222  0.01871  0.01575  0.00787 -95.91698 -94.29709 13.98100 16.06324
0194    3.88223  0.02000  0.01575  0.00000 -95.67154 -94.00256 12.59658 14.26446
0195    3.89981  0.01756  0.01575  0.00000 -95.42610 -93.75713 12.50315 14.64108
0196    3.91797  0.01815  0.01575  0.00000 -95.22975 -93.51169 12.53279 13.59428
0197    3.94043  0.02245  0.01575  0.00000 -94.98431 -93.36443 12.06440 10.74450
0198    3.96041  0.01996  0.01575  0.00000 -94.83705 -93.31534 10.55226  9.49988
0199    3.98058  0.02017  0.01575  0.00000 -94.73888 -93.26625  7.98591  7.29481
0200    4.00079  0.02020  0.01575  0.00000 -94.68979 -93.31534  6.34521  7.29481
0201    4.02015  0.01935  0.01575  0.00000 -94.73888 -93.31534  6.34521  7.29481
0202    4.04141  0.02115  0.01575  0.00000 -94.78796 -93.41351  3.55632  2.22583
0203    4.06016  0.01874  0.01575  0.00000 -94.83705 -93.46260  2.45802  1.36121
0204    4.08066  0.02049  0.01575  0.00787 -94.88614 -93.51169  1.43437  0.63302
0205    4.09877  0.01810  0.02362  0.00787 -94.93523 -93.60986  0.65586 -0.56443
0206    4.12437  0.02560  0.03150  0.01575 -94.98431 -93.65895  0.00000 -1.04876
0207    4.14174  0.01736  0.03150  0.03150 -95.03340 -93.65895 -0.53072 -1.04876
0208    4.16223  0.02048  0.03150  0.06299 -95.08249 -93.70804 -0.94814 -1.44012
0209    4.18463  0.02239  0.03937  0.14173 -95.08249 -93.75713 -0.94814 -1.75836
0210    4.20381  0.01916  0.07874  0.22835 -95.13158 -93.80621 -1.32849 -2.19586
0211    4.22422  0.02040  0.15748  0.28346 -95.18066 -93.90439 -1.63589 -2.68127
0212    4.24282  0.01858  0.25197  0.33071 -95.22975 -94.10074 -2.02125 -3.47228
0213    4.26503  0.02221  0.30709  0.37008 -95.42610 -94.29709 -2.74865 -6.52516
0214    4.28372  0.01867  0.39370  0.42520 -95.57336 -94.39526 -4.24878 -8.06142
0215    4.30466  0.02093  0.42520  0.45669 -95.72063 -94.59161 -7.93041 -7.51351
0216    4.32457  0.01990  0.45669  0.47244 -95.96606 -94.78796 -8.52467 -8.44839
0217    4.34281  0.01823  0.47244  0.47244 -96.16241 -95.03340 -11.43776 -11.27915
0218    4.36069  0.01787  0.47244  0.47244 -96.40785 -95.27884 -12.67248 -12.92984
0219    4.38293  0.02222  0.50394  0.47244 -96.75146 -95.62245 -14.84122 -15.09695
0220    4.40234  0.01940  0.51969  0.48819 -97.09508 -95.91698 -16.83942 -16.58409
0221    4.42027  0.01790  0.51969  0.48819 -97.43869 -96.26059 -18.89736 -18.51838
0222    4.44314  0.02286  0.52756  0.50394 -97.92956 -96.75146 -21.13604 -21.10827
0223    4.46033  0.01717  0.52756  0.50394 -98.37135 -97.19325 -24.10143 -23.36632
0224    4.48227  0.02194  0.52756  0.51181 -98.91131 -97.73321 -25.63697 -25.34719
0225    4.50236  0.02008  0.52756  0.51969 -99.50036 -98.27318 -28.99191 -27.32130
0226    4.52173  0.01936  0.52756  0.53543 -100.08941 -98.86223 -31.49158 -29.90296
0227    4.54238  0.02065  0.52756  0.54331 -100.82572 -99.50036 -35.12309 -32.03601
0228    4.56391  0.02152  0.51969  0.55906 -101.61113 -100.23668 -35.62137 -33.49208
0229    4.58174  0.01782  0.52756  0.55906 -102.24926 -100.87481 -36.54723 -35.14685
0230    4.60394  0.02219  0.51969  0.56693 -103.08375 -101.66021 -37.15513 -37.20018
0231    4.62029  0.01634  0.51969  0.56693 -103.72189 -102.29835 -38.58989 -38.45792
0232    4.64166  0.02136  0.51969  0.57480 -104.55638 -103.18192 -38.87103 -40.78627
0233    4.66225  0.02058  0.51969  0.58268 -105.39086 -104.01641 -41.34833 -42.42983
0234    4.68041  0.01815  0.51969  0.58268 -106.12718 -104.80181 -41.70578 -43.82245
0235    4.70200  0.02158  0.51969  0.59055 -107.05984 -105.78356 -43.88573 -45.65324
0236    4.72242  0.02041  0.51969  0.59843 -107.99250 -106.76531 -46.84972 -47.81328
0237    4.74132  0.01889  0.51969  0.59843 -108.92516 -107.69798 -48.09553 -49.15041
0238    4.76077  0.01944  0.51969  0.59843 -109.85782 -108.67973 -48.13821 -51.05225
0239    4.78386  0.02308  0.51181  0.60630 -110.98684 -109.85782 -49.12557 -52.25243
0240    4.80210  0.01823  0.51181  0.59843 -111.87041 -110.83958 -50.40380 -52.92310
0241    4.82395  0.02184  0.50394  0.60630 -112.99943 -112.01768 -52.37620 -54.73537
0242    4.84431  0.02035  0.48819  0.59843 -114.07935 -113.14669 -53.56938 -55.90290
0243    4.86253  0.01821  0.48031  0.59843 -115.06110 -114.22661 -53.20619 -57.48658
0244    4.88322  0.02068  0.47244  0.59843 -116.14103 -115.40471 -53.00310 -58.50436
0245    4.90162  0.01839  0.47244  0.59843 -117.17186 -116.48464 -55.94017 -58.50889
0246    4.92234  0.02070  0.45669  0.59843 -118.34996 -117.76091 -58.07144 -61.73169
0247    4.94245  0.02011  0.43307  0.59843 -119.52806 -118.98810 -58.98699 -62.42926
0248    4.96270  0.02024  0.41732  0.59843 -120.75525 -120.26438 -58.35206 -62.97427
0249    4.98363  0.02092  0.39370  0.59843 -121.93335 -121.63883 -57.58909 -65.26074
0250    5.00282  0.01918  0.36220  0.59843 -123.06236 -122.86601 -56.69350 -65.45131
0251    5.02253  0.01970  0.31496  0.59843 -124.19138 -124.14229 -58.09550 -64.85721
0252    5.04288  0.02033  0.28346  0.59843 -125.36948 -125.46765 -58.33195 -65.39463
0253    5.06304  0.02016  0.22835  0.59843 -126.49849 -126.79301 -56.78827 -66.05951
0254    5.08232  0.01917  0.18110  0.59843 -127.57841 -128.11838 -55.51629 -67.29431
0255    5.10255  0.02022  0.14173  0.59843 -128.65834 -129.49283 -53.04635 -68.15153
0256    5.12243  0.01987  0.09449  0.59843 -129.64009 -130.81819 -49.71490 -67.74427
0257    5.14188  0.01944  0.03150  0.59843 -130.67093 -132.14355 -51.69527 -68.42846
0258    5.16197  0.02007  0.01575  0.59843 -131.70176 -133.51800 -53.41287 -67.97552
0259    5.18216  0.02019  0.03937  0.59843 -132.78169 -134.89245 -53.13363 -67.52621
0260    5.20182  0.01965  0.01575  0.59843 -133.81253 -136.21781 -51.80875 -66.90040
0261    5.22241  0.02058  0.00000  0.59843 -134.89245 -137.59226 -52.19687 -68.12599
0262    5.24201  0.01958 -0.09375  0.59843 -135.87420 -138.91763 -50.54132 -66.51513
0263    5.26138  0.01937 -0.14063  0.59843 -136.80686 -140.19390 -46.69397 -66.24539
0264    5.28199  0.02048 -0.20313  0.59843 -137.54318 -141.51926 -36.51827 -65.65704
0265    5.30300  0.02099 -0.25000  0.59055 -138.37766 -142.94280 -37.93807 -65.87069
0266    5.32206  0.01906 -0.30469  0.59055 -139.06489 -144.16999 -36.65106 -65.50415
0267    5.34175  0.01968 -0.36719  0.59055 -139.70303 -145.44626 -32.33642 -64.94172
0268    5.36202  0.02025 -0.41406  0.58268 -140.24299 -146.77163 -25.11371 -63.73634
0269    5.38362  0.02159 -0.45313  0.56693 -140.68478 -148.14608 -21.15544 -64.21031
0270    5.40335  0.01972 -0.50000  0.55906 -140.93021 -149.37326 -16.83506 -62.94843
0271    5.42356  0.02020 -0.54688  0.51969 -141.12656 -150.64954 -12.50258 -61.85031
0272    5.44315  0.01958 -0.56250  0.51181 -141.22474 -151.82764 -10.19250 -59.91176
0273    5.46339  0.02022 -0.57031  0.47244 -141.22474 -153.05483 -10.19250 -58.12060
0274    5.48519  0.02179 -0.57813  0.46457 -141.17565 -154.28201 -10.19250 -55.04780
0275    5.50409  0.01889 -0.58594  0.44094 -141.07748 -155.31285 -2.76667 -57.89679
0276    5.52337  0.01927 -0.58594  0.42520 -140.88113 -156.39278  0.86987 -56.19859
0277    5.54295  0.01958 -0.60156  0.39370 -140.63569 -157.52179  9.74210 -58.30423
0278    5.56482  0.02185 -0.60938  0.38583 -140.29208 -158.69989 14.98162 -50.01146
0279    5.58364  0.01881 -0.61719  0.36220 -139.75211 -159.53438 30.04250 -44.52240
0280    5.60516  0.02152 -0.62500  0.33071 -138.96671 -160.46704 34.51737 -42.07704
0281    5.62344  0.01826 -0.62500  0.28346 -138.57401 -161.15426 25.25571 -37.81984
0282    5.64257  0.01912 -0.62500  0.22835 -138.18131 -161.84149 19.28547 -35.65177
0283    5.66506  0.02247 -0.61719  0.14961 -137.69044 -162.52871 21.54279 -31.09411
0284    5.68211  0.01704 -0.61719  0.06299 -137.44500 -162.97050 18.77323 -26.93770
0285    5.70391  0.02180 -0.60938  0.00000 -137.10139 -163.41229 14.23445 -20.59441
0286    5.72217  0.01824 -0.57031  0.00000 -136.70869 -163.80499 19.42044 -19.98778
0287    5.74344  0.02127 -0.55469 -0.03125 -136.21781 -164.24677 24.92118 -21.76192
0288    5.76468  0.02122 -0.50781 -0.13281 -135.57968 -164.73765 28.68936 -22.53638
0289    5.78219  0.01750 -0.49219 -0.16406 -135.03971 -165.08126 31.32638 -21.15667
0290    5.80398  0.02177 -0.47656 -0.22656 -134.40158 -165.32670 29.48650 -14.50585
0291    5.82313  0.01914 -0.46094 -0.26563 -133.86161 -165.47396 28.02710 -11.48978
0292    5.83999  0.01685 -0.46094 -0.26563 -133.32165 -165.57214 30.92331 -9.00191
0293    5.86259  0.02258 -0.44531 -0.33594 -132.63443 -165.62123 32.35124 -7.05982
0294    5.88022  0.01762 -0.44531 -0.33594 -132.09446 -165.57214 30.13898 -7.05982
0295    5.90197  0.02173 -0.44531 -0.35938 -131.45633 -165.42488 28.80739 -1.89691
0296    5.92143  0.01945 -0.44531 -0.39063 -130.91636 -165.17944 28.43765  3.06710
0297    5.94297  0.02153 -0.43750 -0.41406 -130.27823 -164.88491 29.71308 13.71859
0298    5.96305  0.02006 -0.42969 -0.43750 -129.68918 -164.49221 29.28709 17.18184
0299    5.98388  0.02082 -0.42188 -0.44531 -129.10013 -164.09951 28.12505 20.34508
0300    6.00357  0.01968 -0.40625 -0.45313 -128.51108 -163.60864 29.22614 24.28229
0301    6.02294  0.01936 -0.38281 -0.46094 -127.97111 -163.06867 27.92935 26.47347
0302    6.04394  0.02098 -0.35156 -0.47656 -127.38206 -162.52871 28.98591 27.32145
0303    6.06394  0.01999 -0.32031 -0.48438 -126.74393 -161.93966 30.87186 27.86039
0304    6.08301  0.01907 -0.28125 -0.50000 -126.15488 -161.39970 30.84606 29.73297
0305    6.10354  0.02052 -0.25000 -0.50781 -125.56583 -160.71247 28.87576 32.40249
0306    6.12386  0.02031 -0.22656 -0.51563 -124.97678 -160.02525 29.00887 34.13797
0307    6.14238  0.01851 -0.18750 -0.53125 -124.43681 -159.38711 29.97161 35.15063
0308    6.16359  0.02120 -0.17969 -0.53906 -123.74959 -158.60171 30.62877 37.19314
0309    6.18399  0.02038 -0.14844 -0.54688 -123.16054 -157.81631 30.51491 38.92929
0310    6.20398  0.01998 -0.13281 -0.55469 -122.52240 -157.03091 30.24631 40.94908
0311    6.22395  0.01996 -0.12500 -0.57813 -121.98244 -156.14734 28.69926 42.54291
0312    6.24395  0.01998 -0.11719 -0.58594 -121.44248 -155.31285 25.86221 42.88092
0313    6.26458  0.02062 -0.10156 -0.59375 -120.90251 -154.42928 27.71911 43.59129
0314    6.28379  0.01919 -0.08594 -0.60156 -120.31346 -153.54570 29.46110 45.58413
0315    6.30447  0.02066 -0.05469 -0.61719 -119.72441 -152.61304 27.57384 46.45996
0316    6.32213  0.01765 -0.03125 -0.61719 -119.28263 -151.77855 27.10886 47.22063
0317    6.34369  0.02154  0.00787 -0.62500 -118.64449 -150.69863 28.06917 49.28439
0318    6.36352  0.01982  0.02362 -0.63281 -118.10453 -149.76596 28.52996 48.50855
0319    6.38151  0.01797  0.02362 -0.64063 -117.56456 -148.83330 29.20615 50.65005
0320    6.40047  0.01895  0.02362 -0.64063 -117.02460 -147.85155 28.83243 51.44550
0321    6.42141  0.02094  0.02362 -0.63281 -116.43555 -146.77163 28.74506 54.26942
0322    6.44216  0.02074  0.02362 -0.64063 -115.79741 -145.64261 29.06865 53.98858
0323    6.46213  0.01996  0.02362 -0.63281 -115.25745 -144.56269 28.65177 54.10075
0324    6.48082  0.01867  0.02362 -0.63281 -114.71749 -143.58094 29.08475 53.32410
0325    6.50218  0.02135  0.02362 -0.62500 -114.07935 -142.40284 28.68492 52.57197
0326    6.52173  0.01954  0.02362 -0.60156 -113.49030 -141.37200 30.15666 54.45394
0327    6.54097  0.01923  0.02362 -0.57813 -112.90125 -140.34116 30.58773 53.93134
0328    6.56245  0.02147  0.02362 -0.54688 -112.21402 -139.21215 31.92569 52.40164
0329    6.58150  0.01904  0.02362 -0.53125 -111.52680 -138.23040 35.39164 51.14800
0330    6.60378  0.02227  0.01575 -0.50781 -110.74140 -137.05230 37.09280 52.12398
0331    6.62355  0.01976  0.00787 -0.49219 -110.05418 -136.02146 35.21670 51.61862
0332    6.64349  0.01993 -0.03906 -0.45313 -109.36695 -135.03971 34.35708 49.30370
0333    6.66332  0.01981 -0.05469 -0.42969 -108.67973 -134.10705 34.54081 48.59066
0334    6.68344  0.02012 -0.10156 -0.41406 -107.99250 -133.12530 32.41843 47.61778
0335    6.70356  0.02011 -0.14063 -0.39844 -107.35436 -132.19264 31.90722 46.97818
0336    6.72397  0.02040 -0.18750 -0.37500 -106.71623 -131.21089 32.62994 46.93057
0337    6.74318  0.01920 -0.21875 -0.35938 -106.07809 -130.32731 32.87612 45.31733
0338    6.76132  0.01812 -0.23438 -0.35938 -105.43995 -129.54191 34.29970 44.06933
0339    6.78017  0.01885 -0.23438 -0.35938 -104.80181 -128.70743 34.47398 44.92539
0340    6.80148  0.02130 -0.23438 -0.36719 -104.06550 -127.72568 33.66331 45.22672
0341    6.82012  0.01863 -0.23438 -0.36719 -103.42736 -126.89119 34.31864 44.24709
0342    6.84053  0.02040 -0.23438 -0.36719 -102.74014 -126.05670 35.47797 42.77908
0343    6.86315  0.02261 -0.21875 -0.37500 -101.90565 -125.07495 36.11685 42.24307
0344    6.88378  0.02062 -0.19531 -0.38281 -101.16934 -124.19138 36.86064 43.96571
0345    6.90404  0.02025 -0.17969 -0.39063 -100.43303 -123.25871 35.55056 44.98673
0346    6.92088  0.01683 -0.14063 -0.39063 -99.84398 -122.52240 33.81602 43.19125
0347    6.94319  0.02230 -0.12500 -0.39844 -99.15675 -121.58974 31.95749 41.61139
0348    6.96267  0.01946 -0.10156 -0.41406 -98.51861 -120.80434 30.81353 40.80000
0349    6.98287  0.02019 -0.08594 -0.42188 -97.92956 -120.01894 29.46446 39.62920
0350    7.00372  0.02084 -0.07031 -0.43750 -97.29143 -119.18445 30.64722 38.54580
0351    7.02310  0.01936 -0.06250 -0.44531 -96.70238 -118.44814 30.42648 38.17425
0352    7.04371  0.02061 -0.03125 -0.45313 -96.11333 -117.66274 29.46818 38.06044
0353    7.06391  0.02019  0.00000 -0.44531 -95.52428 -116.87734 29.83190 39.21964
0354    7.08067  0.01674  0.00000 -0.44531 -94.98431 -116.23920 31.03170 38.39535
0355    7.10129  0.02062  0.01575 -0.44531 -94.34618 -115.50289 31.78460 36.56615
0356    7.12364  0.02233  0.02362 -0.43750 -93.60986 -114.66840 33.48363 35.62810
0357    7.14393  0.02029  0.03150 -0.39063 -92.92264 -113.98118 32.84653 34.54166
0358    7.16425  0.02031  0.04724 -0.32813 -92.33359 -113.29395 29.45819 32.32205
0359    7.18345  0.01919  0.03937 -0.30469 -91.84271 -112.75399 26.97286 28.43180
0360    7.20008  0.01661  0.03937 -0.30469 -91.54819 -112.36129 19.33614 25.11081
0361    7.22175  0.02166  0.03937 -0.24219 -91.05731 -111.96859 21.24899 19.53036
0362    7.24209  0.02032  0.03937 -0.13281 -90.71370 -111.67406 19.75829 15.14016
0363    7.26151  0.01941  0.03937 -0.02344 -90.37009 -111.47771 18.21530 11.69023
0364    7.28332  0.02180  0.04724  0.00000 -90.02648 -111.33045 15.33330  9.47108
0365    7.30109  0.01776  0.05512  0.00000 -89.83013 -111.23228 13.36731  7.90410
0366    7.32106  0.01996  0.11024  0.00000 -89.58469 -111.18319 11.48661  7.20433
0367    7.34347  0.02240  0.15748  0.00787 -89.43743 -111.18319  9.31140  7.20433
0368    7.36320  0.01972  0.20472  0.04724 -89.38834 -111.28136  7.43360  3.56393
0369    7.38254  0.01932  0.23622  0.08661 -89.48651 -111.37954  4.77647  1.61094
0370    7.40344  0.02090  0.28346  0.13386 -89.58469 -111.52680  2.13807 -0.76938
0371    7.42305  0.01959  0.32283  0.14961 -89.73195 -111.67406 -0.99327 -3.25532
0372    7.44258  0.01952  0.36220  0.19685 -89.92830 -111.87041 -6.04876 -7.88806
0373    7.46293  0.02034  0.39370  0.22047 -90.12465 -112.11585 -9.24177 -10.03711
0374    7.48306  0.02012  0.44094  0.26772 -90.41918 -112.36129 -11.89961 -11.37005
0375    7.50289  0.01982  0.45669  0.28346 -90.66461 -112.60673 -13.21955 -13.02475
0376    7.52236  0.01946  0.50394  0.29921 -90.95914 -112.95034 -14.42999 -15.30393
0377    7.54345  0.02108  0.51969  0.30709 -91.30275 -113.29395 -16.57012 -16.52171
0378    7.56204  0.01859  0.55118  0.30709 -91.64636 -113.63756 -18.00643 -17.36993
0379    7.58251  0.02045  0.55906  0.30709 -92.08815 -113.98118 -20.14788 -17.75432
0380    7.60264  0.02012  0.57480  0.31496 -92.52994 -114.37388 -21.19737 -19.17821
0381    7.62201  0.01936  0.58268  0.31496 -92.92264 -114.76658 -21.53315 -20.75941
0382    7.64151  0.01949  0.57480  0.31496 -93.36443 -115.20836 -22.84128 -22.08398
0383    7.66061  0.01909  0.58268  0.31496 -93.85530 -115.65015 -25.18192 -21.65378
0384    7.68205  0.02143  0.57480  0.31496 -94.44435 -116.09194 -27.98603 -21.73268
0385    7.70180  0.01974  0.57480  0.32283 -95.03340 -116.58281 -30.06900 -23.73917
0386    7.72026  0.01845  0.57480  0.32283 -95.57336 -117.02460 -29.75550 -25.25279
0387    7.74098  0.02071  0.57480  0.32283 -96.21150 -117.56456 -30.64378 -26.34481
0388    7.76025  0.01926  0.57480  0.32283 -96.84964 -118.10453 -32.41329 -25.84791
0389    7.78195  0.02169  0.57480  0.33071 -97.53686 -118.64449 -31.70986 -25.88949
0390    7.80075  0.01879  0.57480  0.33071 -98.12591 -119.18445 -31.82066 -28.20083
0391    7.82048  0.01972  0.57480  0.33071 -98.76405 -119.77350 -32.31875 -29.08096
0392    7.84025  0.01975  0.57480  0.33071 -99.45128 -120.31346 -34.82507 -29.30230
0393    7.85978  0.01953  0.57480  0.33071 -100.18759 -120.95160 -36.63944 -30.80213
0394    7.87993  0.02013  0.57480  0.33071 -100.92390 -121.58974 -36.50619 -32.08333
0395    7.90003  0.02009  0.57480  0.33071 -101.61113 -122.22788 -35.20710 -32.39511
0396    7.91994  0.01990  0.57480  0.33071 -102.34744 -122.86601 -37.25128 -32.87799
0397    7.94011  0.02016  0.57480  0.33071 -103.13284 -123.55324 -38.36639 -34.30797
0398    7.96211  0.02199  0.57480  0.32283 -104.01641 -124.33864 -41.34624 -34.97382
0399    7.97986  0.01774  0.57480  0.32283 -104.80181 -124.97678 -41.85193 -35.17569
0400    8.00125  0.02138  0.57480  0.31496 -105.68539 -125.66400 -43.51709 -33.01265
0401    8.02160  0.02034  0.57480  0.29921 -106.61805 -126.30214 -45.86095 -32.02389
0402    8.04259  0.02098  0.57480  0.28346 -107.64889 -127.03845 -48.27195 -33.29016
0403    8.06297  0.02038  0.57480  0.25197 -108.58155 -127.72568 -46.69463 -34.72492
0404    8.08180  0.01881  0.57480  0.22047 -109.46513 -128.41290 -44.96489 -36.73705
0405    8.10746  0.02566  0.57480  0.19685 -110.59414 -129.39465 -43.67002 -38.07934
0406    8.13184  0.02437  0.57480  0.18110 -111.67406 -130.32731 -44.47057 -37.93118
0407    8.14397  0.01212  0.57480  0.11024 -112.21402 -130.76910 -45.76091 -37.66314
0408    8.16412  0.02014  0.57480  0.11024 -113.14669 -131.50541 -47.51315 -35.21177
0409    8.18231  0.01819  0.57480  0.00000 -114.03026 -132.09446 -47.51637 -33.84423
0410    8.20172  0.01940  0.57480  0.00787 -114.91384 -132.73260 -46.37481 -33.56789
0411    8.22155  0.01981  0.57480  0.00000 -115.84650 -133.41983 -45.24819 -34.22210
0412    8.24110  0.01955  0.57480  0.00000 -116.73008 -134.10705 -47.33858 -34.63061
0413    8.26192  0.02080  0.57480 -0.02344 -117.71183 -134.84336 -46.56816 -35.06313
0414    8.28187  0.01994  0.57480 -0.07031 -118.64449 -135.53059 -46.36823 -34.71387
0415    8.30245  0.02057  0.57480 -0.09375 -119.62624 -136.16873 -46.49648 -30.21848
0416    8.32152  0.01905  0.57480 -0.13281 -120.50981 -136.65960 -46.31989 -27.55233
0417    8.34262  0.02110  0.57480 -0.14063 -121.44248 -137.29774 -43.09588 -27.82620
0418    8.36174  0.01910  0.57480 -0.16406 -122.22788 -137.73953 -42.73402 -25.58906
0419    8.38141  0.01966  0.57480 -0.17188 -123.06236 -138.27949 -43.05336 -25.79114
0420    8.40444  0.02303  0.56693 -0.19531 -124.09320 -138.86854 -43.59613 -25.16495
0421    8.42357  0.01911  0.55906 -0.20313 -124.92769 -139.31033 -44.75928 -23.62742
0422    8.44288  0.01930  0.54331 -0.21094 -125.76218 -139.75211 -42.77685 -22.95219
0423    8.46434  0.02145  0.52756 -0.21875 -126.64575 -140.19390 -38.85042 -21.81696
0424    8.48339  0.01905  0.50394 -0.22656 -127.33298 -140.53751 -37.32549 -18.34951
0425    8.50167  0.01827  0.48031 -0.22656 -128.02020 -140.78295 -36.44115 -14.95212
0426    8.52375  0.02207  0.45669 -0.24219 -128.75651 -141.07748 -34.81556 -12.90725
0427    8.54354  0.01977  0.44094 -0.25000 -129.44374 -141.32291 -34.75197 -12.57954
0428    8.56269  0.01914  0.41732 -0.27344 -130.13096 -141.51926 -34.12124 -12.06188
0429    8.58360  0.02090  0.39370 -0.28125 -130.81819 -141.71561 -32.70668 -10.78447
0430    8.60352  0.01990  0.35433 -0.29688 -131.40724 -141.86288 -30.33604 -9.47156
0431    8.62361  0.02008  0.29921 -0.30469 -131.99629 -141.96105 -29.56019 -8.52597
0432    8.64299  0.01936  0.24409 -0.32031 -132.58534 -142.01014 -28.58337 -7.59988
0433    8.66271  0.01970  0.17323 -0.33594 -133.07621 -142.01014 -25.71676 -7.59988
0434    8.68376  0.02104  0.07087 -0.34375 -133.56709 -141.96105 -23.53746 -7.59988
0435    8.70242  0.01865  0.01575 -0.35156 -133.95979 -141.91196 -21.06746 -2.96516
0436    8.72289  0.02046  0.00787 -0.35938 -134.30340 -141.81379 -18.60771 -1.39737
0437    8.74270  0.01980  0.01575 -0.37500 -134.64701 -141.61744 -17.08952  1.39345
0438    8.76181  0.01910  0.01575 -0.38281 -134.89245 -141.42109 -14.80390  8.01637
0439    8.78242  0.02060  0.00787 -0.39063 -135.18698 -141.12656 -13.82032 12.02148
0440    8.80398  0.02138  0.00000 -0.39844 -135.57968 -140.83204 -16.06818 13.98596
0441    8.82270  0.01871 -0.02344 -0.40625 -135.87420 -140.53751 -17.24347 14.24538
0442    8.84302  0.02031 -0.04688 -0.41406 -136.16873 -140.29208 -15.65707 13.92429
0443    8.86147  0.01844 -0.06250 -0.41406 -136.36508 -140.09573 -13.52031 12.50345
0444    8.88213  0.02065 -0.07813 -0.42188 -136.46325 -139.85029 -9.62666 11.08378
0445    8.90426  0.02213 -0.08594 -0.42969 -136.65960 -139.65394 -7.66827 10.40676
0446    8.92352  0.01925 -0.10938 -0.43750 -136.90504 -139.45759 -8.58934  9.88391
0447    8.94202  0.01849 -0.13281 -0.43750 -137.10139 -139.26124 -12.98673 10.10815
0448    8.96402  0.02199 -0.14063 -0.45313 -137.24865 -138.96671 -9.78431 11.70034
0449    8.98388  0.01985 -0.15625 -0.46094 -137.34683 -138.72128 -8.12040 12.62068
0450    9.00441  0.02052 -0.17188 -0.46875 -137.44500 -138.37766 -7.04344 14.96207
0451    9.02411  0.01969 -0.17969 -0.47656 -137.44500 -138.03405 -5.76960 17.57560
0452    9.04351  0.01940 -0.19531 -0.48438 -137.29774 -137.64135 -1.99852 20.04091
0453    9.06133  0.01781 -0.19531 -0.49219 -137.10139 -137.15048  2.41070 26.11273
0454    9.08444  0.02310 -0.18750 -0.50000 -136.85595 -136.51234 10.93413 28.98044
0455    9.09935  0.01490 -0.18750 -0.50000 -136.61051 -136.07055 12.74500 28.72470
0456    9.12260  0.02324 -0.18750 -0.50781 -136.26690 -135.38332 14.57309 30.19255
0457    9.14229  0.01967 -0.18750 -0.50781 -135.97238 -134.74519 15.68100 30.91678
0458    9.16292  0.02063 -0.19531 -0.50781 -135.62876 -134.10705 16.41366 31.50229
0459    9.18147  0.01854 -0.19531 -0.50781 -135.33424 -133.56709 16.72259 31.03484
0460    9.20345  0.02197 -0.21094 -0.50781 -134.89245 -132.87986 17.94209 30.61778
0461    9.22164  0.01818 -0.22656 -0.50781 -134.54884 -132.33990 19.05815 30.08744
0462    9.24266  0.02101 -0.23438 -0.50781 -134.15614 -131.65268 20.19588 30.63747
0463    9.26241  0.01974 -0.24219 -0.50781 -133.71435 -131.06363 20.80371 31.23201
0464    9.28505  0.02263 -0.26563 -0.51563 -133.27256 -130.37640 20.30200 30.78600
0465    9.30268  0.01762 -0.28125 -0.51563 -132.87986 -129.78735 20.48287 31.81571
0466    9.32170  0.01901 -0.28125 -0.51563 -132.53625 -129.14921 20.00530 33.57363
0467    9.33930  0.01758 -0.28906 -0.52344 -132.19264 -128.56016 19.77485 36.22400
0468    9.36014  0.02083 -0.28906 -0.52344 -131.70176 -127.77476 21.80576 37.48625
0469    9.37999  0.01984 -0.28906 -0.52344 -131.21089 -126.98936 24.27220 39.11526
0470    9.40147  0.02147 -0.28906 -0.53125 -130.67093 -126.15488 27.37883 40.27180
0471    9.42024  0.01875 -0.28906 -0.53125 -130.13096 -125.36948 28.51106 41.01940
0472    9.44034  0.02009 -0.28906 -0.53125 -129.54191 -124.53499 28.52042 41.31162
0473    9.46016  0.01981 -0.28906 -0.53125 -128.95286 -123.70050 29.75234 41.46709
0474    9.48211  0.02194 -0.30469 -0.53125 -128.26564 -122.81693 31.04201 40.66901
0475    9.50116  0.01904 -0.31250 -0.53125 -127.67659 -121.98244 32.05421 42.53333
0476    9.52247  0.02130 -0.32813 -0.53125 -126.94028 -121.09886 34.13287 43.05864
0477    9.54346  0.02097 -0.35156 -0.52344 -126.20396 -120.16620 35.94587 43.33825
0478    9.56311  0.01964 -0.39063 -0.52344 -125.46765 -119.28263 36.38928 44.67536
0479    9.58255  0.01943 -0.40625 -0.52344 -124.78043 -118.44814 36.62672 45.15849
0480    9.60229  0.01972 -0.46875 -0.52344 -124.04411 -117.51548 36.80247 45.30269
0481    9.62250  0.02020 -0.50000 -0.52344 -123.25871 -116.63190 39.52629 45.76688
0482    9.64287  0.02036 -0.54688 -0.52344 -122.47331 -115.65015 39.10918 47.76582
0483    9.66452  0.02164 -0.56250 -0.51563 -121.54065 -114.57023 43.65662 48.60702
0484    9.68372  0.01919 -0.57031 -0.50781 -120.70616 -113.63756 45.20860 48.82579
0485    9.70260  0.01886 -0.57813 -0.50000 -119.77350 -112.70490 47.89165 49.93388
0486    9.72279  0.02018 -0.58594 -0.49219 -118.79175 -111.72315 49.25126 49.95980
0487    9.74268  0.01988 -0.58594 -0.48438 -117.81000 -110.74140 49.97709 49.81227
0488    9.76146  0.01877 -0.58594 -0.46875 -116.87734 -109.80874 48.88609 50.11076
0489    9.78115  0.01967 -0.58594 -0.45313 -115.89559 -108.77790 52.56184 51.48273
0490    9.80169  0.02054 -0.58594 -0.44531 -114.76658 -107.74706 52.35525 51.37040
0491    9.82221  0.02050 -0.58594 -0.43750 -113.63756 -106.66714 55.14210 51.66969
0492    9.84397  0.02175 -0.59375 -0.41406 -112.45946 -105.53813 54.58321 51.04402
0493    9.86195  0.01797 -0.59375 -0.40625 -111.47771 -104.65455 56.58012 50.37018
0494    9.88180  0.01984 -0.59375 -0.37500 -110.29961 -103.62371 57.01683 51.54626
0495    9.90183  0.02002 -0.59375 -0.35938 -109.17060 -102.59287 57.85516 51.35374
0496    9.92366  0.02183 -0.60938 -0.34375 -107.84524 -101.51295 60.53683 50.44316
0497    9.94216  0.01848 -0.60938 -0.32813 -106.71623 -100.58029 61.41426 50.16043
0498    9.96217  0.02000 -0.60938 -0.31250 -105.48904 -99.54945 61.54787 50.45223
0499    9.98193  0.01975 -0.60938 -0.29688 -104.31094 -98.56770 59.75677 50.11511
0500   10.00100  0.01907 -0.60938 -0.28125 -103.13284 -97.58595 63.03937 50.82837
0501   10.02294  0.02193 -0.60938 -0.25781 -101.70930 -96.45694 63.75414 51.73586
0502   10.04364  0.02068 -0.60938 -0.24219 -100.38394 -95.37701 66.40490 52.45484
0503   10.06135  0.01770 -0.60938 -0.22656 -99.20584 -94.44435 65.56189 51.96699
0504   10.08443  0.02306 -0.60156 -0.21094 -97.68413 -93.26625 67.27080 50.98252
0505   10.10396  0.01952 -0.57813 -0.20313 -96.35876 -92.28450 66.94830 50.12432
0506   10.12436  0.02039 -0.56250 -0.19531 -94.98431 -91.25366 68.80541 50.08750
0507   10.14328  0.01891 -0.50781 -0.18750 -93.70804 -90.32100 66.60538 50.33015
0508   10.16211  0.01882 -0.46094 -0.18750 -92.43176 -89.38834 66.45930 49.14451
0509   10.18160  0.01949 -0.42188 -0.18750 -91.20458 -88.45568 62.06027 46.87701
0510   10.20177  0.02015 -0.35938 -0.18750 -89.92830 -87.52301 62.85493 47.09717
0511   10.22302  0.02123 -0.29688 -0.19531 -88.65203 -86.54126 60.83505 46.05738
0512   10.24220  0.01918 -0.25000 -0.19531 -87.47393 -85.65769 59.77970 46.69041
0513   10.26144  0.01923 -0.21094 -0.19531 -86.39400 -84.72503 54.50503 47.00315
0514   10.28114  0.01969 -0.15625 -0.19531 -85.31408 -83.84145 55.80440 47.38816
0515   10.30178  0.02062 -0.08594 -0.19531 -84.23415 -82.81061 51.39272 48.22168
0516   10.32252  0.02073 -0.05469 -0.20313 -83.25240 -81.82886 44.97437 48.20511
0517   10.34266  0.02013 -0.00781 -0.21094 -82.27065 -80.84711 47.82609 48.41263
0518   10.36383  0.02116  0.00787 -0.21875 -81.23981 -79.81628 50.01987 48.62219
0519   10.38266  0.01882  0.01575 -0.22656 -80.30715 -78.93270 49.93718 46.27208
0520   10.40078  0.01811  0.01575 -0.22656 -79.42358 -78.04913 48.73031 48.06704
0521   10.41999  0.01920  0.01575 -0.22656 -78.54000 -77.11646 45.56319 48.94165
0522   10.44145  0.02145  0.02362 -0.22656 -77.60734 -76.13471 43.75448 46.87858
0523   10.46117  0.01970  0.02362 -0.22656 -76.77285 -75.20205 42.91691 46.41383
0524   10.48003  0.01885  0.02362 -0.22656 -75.98745 -74.36756 41.72617 44.54664
0525   10.49980  0.01977  0.02362 -0.22656 -75.20205 -73.53308 38.51949 43.16371
0526   10.52247  0.02265  0.03150 -0.22656 -74.31847 -72.55133 37.90219 41.53622
0527   10.54111  0.01864  0.03150 -0.22656 -73.68034 -71.81501 34.49360 37.65447
0528   10.56232  0.02120  0.03937 -0.22656 -73.14037 -71.12779 24.58271 31.84781
0529   10.58116  0.01883  0.03937 -0.22656 -72.79676 -70.58783 20.65837 28.69993
0530   10.60002  0.01884  0.03937 -0.22656 -72.55133 -70.14604 16.05925 25.27743
0531   10.62174  0.02171  0.03150 -0.22656 -72.25680 -69.85151 13.54816 16.48471
0532   10.64220  0.02045  0.03150 -0.21875 -72.06045 -69.70425 12.14694 12.30670
0533   10.66200  0.01979  0.03150 -0.21094 -71.91319 -69.60608 10.13269  9.31735
0534   10.68307  0.02107  0.03150 -0.18750 -71.76593 -69.55699  8.12158  6.25432
0535   10.70211  0.01903  0.03150 -0.15625 -71.71684 -69.60608  7.18195  6.25432
0536   10.72216  0.02004  0.03150 -0.11719 -71.71684 -69.60608  7.18195  6.25432
0537   10.74207  0.01990  0.03150 -0.09375 -71.81501 -69.65516  3.43680  3.38549
0538   10.76209  0.02000  0.03150 -0.00781 -71.86410 -69.75334  2.42260  1.35150
0539   10.78343  0.02133  0.03937  0.01575 -71.96228 -69.80243  0.72172  0.60222
0540   10.80048  0.01704  0.03937  0.01575 -71.96228 -69.80243  0.72172  0.60222
0541   10.82265  0.02217  0.05512  0.00787 -72.01136 -69.85151  0.00000  0.00000
0542   10.84369  0.02102  0.11811  0.02362 -72.10954 -69.85151 -1.10265  0.00000
0543   10.86274  0.01905  0.19685  0.09449 -72.15863 -69.85151 -1.58552  0.00000
0544   10.88288  0.02012  0.25197  0.14961 -72.30589 -69.90060 -3.49929 -0.38946
0545   10.90487  0.02198  0.37008  0.22047 -72.55133 -69.94969 -6.57934 -0.74746
0546   10.92486  0.01997  0.42520  0.25984 -72.64950 -70.04786 -7.92787 -1.47164
0547   10.94380  0.01893  0.48819  0.30709 -72.89494 -70.34239 -9.53877 -3.57587
0548   10.96419  0.02038  0.57480  0.35433 -73.18946 -70.48965 -14.50446 -9.84921
0549   10.98434  0.02014  0.62992  0.41732 -73.48399 -70.73509 -14.34581 -10.29944
0550   11.00340  0.01905  0.65354  0.44882 -73.82760 -70.98053 -16.07871 -11.76669
0551   11.02393  0.02052  0.69291  0.48031 -74.22030 -71.27505 -18.13133 -13.85840
0552   11.04411  0.02015  0.70079  0.51181 -74.61300 -71.61866 -19.83293 -16.20376
0553   11.06357  0.01946  0.70866  0.53543 -75.05479 -72.01136 -21.76332 -19.00458
0554   11.08228  0.01870  0.72441  0.53543 -75.49657 -72.40406 -23.78311 -21.22349
0555   11.10223  0.01993  0.73228  0.53543 -75.98745 -72.89494 -25.90752 -22.98357
0556   11.12168  0.01945  0.74016  0.53543 -76.52741 -73.33673 -28.14198 -24.07743
0557   11.14246  0.02077  0.74803  0.53543 -77.16555 -73.87669 -31.08319 -25.72188
0558   11.16204  0.01956  0.74803  0.52756 -77.80369 -74.41665 -32.41490 -27.50485
0559   11.18081  0.01877  0.74803  0.52756 -78.44183 -74.95661 -33.76287 -29.82955
0560   11.20099  0.02016  0.74803  0.52756 -79.22723 -75.64384 -39.28666 -32.77132
0561   11.22229  0.02129  0.74803  0.53543 -80.15989 -76.38015 -44.19092 -34.85870
0562   11.24119  0.01889  0.74803  0.53543 -81.04346 -77.06738 -48.07292 -36.88003
0563   11.26093  0.01973  0.74803  0.53543 -82.07430 -77.80369 -51.18506 -38.85503
0564   11.28151  0.02056  0.74803  0.54331 -83.15423 -78.68726 -52.09328 -42.53296
0565   11.30128  0.01976  0.74803  0.54331 -84.18506 -79.57084 -51.98323 -44.40459
0566   11.32189  0.02060  0.75591  0.54331 -85.21590 -80.50350 -51.94499 -46.11515
0567   11.34039  0.01849  0.75591  0.54331 -86.19765 -81.33799 -52.17773 -46.09826
0568   11.36362  0.02322  0.76378  0.54331 -87.42484 -82.46700 -53.74681 -47.43281
0569   11.38038  0.01675  0.76378  0.54331 -88.35750 -83.25240 -54.72805 -48.93482
0570   11.40102  0.02063  0.76378  0.54331 -89.48651 -84.28324 -55.85202 -50.47091
0571   11.42359  0.02256  0.77165  0.53543 -90.76279 -85.46134 -56.08526 -50.85997
0572   11.44049  0.01689  0.77165  0.53543 -91.74454 -86.29583 -59.47008 -51.09343
0573   11.46440  0.02390  0.77953  0.52756 -93.21716 -87.52301 -60.74396 -51.56304
0574   11.48164  0.01723  0.77953  0.46457 -94.29709 -88.45568 -63.56467 -53.73357
0575   11.50193  0.02028  0.77953  0.42520 -95.67154 -89.53560 -69.57881 -53.72416
0576   11.52204  0.02010  0.77953  0.35433 -97.04599 -90.66461 -68.75096 -54.37883
0577   11.54455  0.02250  0.78740  0.33071 -98.61679 -91.89180 -70.14103 -56.05868
0578   11.56289  0.01833  0.78740  0.27559 -99.94215 -92.97172 -73.08113 -56.84812
0579   11.58475  0.02185  0.79528  0.22835 -101.56204 -94.19891 -73.15574 -56.33823
0580   11.60303  0.01827  0.79528  0.17323 -102.83831 -95.18066 -71.88726 -55.29491
0581   11.62422  0.02118  0.80315  0.11024 -104.40911 -96.35876 -73.59225 -54.95474
0582   11.64166  0.01743  0.80315  0.00787 -105.68539 -97.34051 -73.68781 -54.46209
0583   11.66277  0.02110  0.80315  0.00000 -107.25619 -98.42044 -75.28931 -53.09684
0584   11.68374  0.02096  0.80315  0.00787 -108.87608 -99.54945 -74.86274 -53.58693
0585   11.70356  0.01981  0.80315  0.00000 -110.29961 -100.62938 -72.16627 -54.12580
0586   11.72220  0.01863  0.80315 -0.02344 -111.67406 -101.61113 -74.00888 -54.32287
0587   11.74384  0.02163  0.80315 -0.08594 -113.29395 -102.78923 -74.11112 -54.45937
0588   11.76332  0.01946  0.80315 -0.14063 -114.76658 -103.72189 -75.15732 -42.22000
0589   11.78194  0.01861  0.80315 -0.17188 -116.14103 -104.40911 -76.20034 -37.16244
0590   11.80357  0.02162  0.79528 -0.20313 -117.85909 -105.19451 -81.92788 -36.34025
0591   11.82448  0.02089  0.77953 -0.24219 -119.52806 -105.93083 -79.52484 -35.55481
0592   11.84471  0.02013  0.75591 -0.25781 -121.19704 -106.61805 -80.64450 -32.67729
0593   11.86511  0.02034  0.70866 -0.28125 -122.81693 -107.25619 -79.46819 -30.72001
0594   11.88368  0.01856  0.66929 -0.28906 -124.28955 -107.74706 -81.32253 -28.76898
0595   11.90481  0.02112  0.59055 -0.29688 -126.05670 -108.28703 -81.79682 -25.90718
0596   11.92437  0.01954  0.45669 -0.30469 -127.57841 -108.67973 -78.58652 -21.36887
0597   11.94376  0.01939  0.37008 -0.31250 -129.10013 -109.02334 -74.72030 -16.80751
0598   11.96238  0.01861  0.22047 -0.31250 -130.47458 -109.21969 -72.70283 -13.86277
0599   11.98457  0.02218  0.16535 -0.32031 -132.04538 -109.36695 -69.90480 -10.66567
0600   12.00198  0.01739  0.03150 -0.32031 -133.17439 -109.41604 -56.58893 -9.23911
0601   12.02243  0.02044  0.00787 -0.32031 -134.45066 -109.41604 -68.14254 -9.23911
0602   12.04266  0.02022  0.00000 -0.32031 -135.72694 -109.41604 -59.06720 -9.23911
0603   12.06237  0.01970 -0.02344 -0.32031 -136.85595 -109.41604 -59.24221 -9.23911
0604   12.08441  0.02203 -0.07031 -0.32031 -138.13223 -109.41604 -57.54554 -9.23911
0605   12.10395  0.01953 -0.13281 -0.32031 -139.11398 -109.36695 -45.80511 -9.23911
0606   12.12352  0.01956 -0.17969 -0.32031 -139.60485 -109.31786 -24.68650 -2.18920
0607   12.14441  0.02088 -0.21875 -0.32031 -140.43934 -109.26878 -39.79562 -1.55867
0608   12.16231  0.01788 -0.24219 -0.32031 -140.93021 -109.17060 -28.11555 -0.47836
0609   12.18347  0.02116 -0.27344 -0.32031 -141.42109 -109.07243 -24.25218  0.45183
0610   12.20208  0.01860 -0.29688 -0.32031 -141.81379 -108.97425 -20.50070  1.29670
0611   12.22349  0.02139 -0.34375 -0.32813 -142.01014 -108.87608 -14.99482  2.11280
0612   12.24286  0.01936 -0.37500 -0.32813 -142.15740 -108.82699 -11.59057  4.24875
0613   12.26458  0.02170 -0.42969 -0.33594 -142.20649 -108.72881 -8.35553  4.15770
0614   12.28218  0.01759 -0.45313 -0.33594 -142.15740 -108.67973 -8.35553  3.98271
0615   12.30224  0.02005 -0.50781 -0.33594 -142.05923 -108.63064 -3.05128  3.87789
0616   12.32141  0.01916 -0.53906 -0.33594 -141.91196 -108.58155  0.00000  3.78224
0617   12.34399  0.02256 -0.56250 -0.34375 -141.61744 -108.48338  9.32484  3.61032
0618   12.36271  0.01871 -0.57031 -0.34375 -141.37200 -108.33611 12.99520  3.93110
0619   12.38200  0.01928 -0.58594 -0.34375 -141.02839 -108.18885 16.77804  4.91077
0620   12.40217  0.02016 -0.60938 -0.34375 -140.58660 -107.99250 20.10382  7.41286
0621   12.42039  0.01821 -0.60938 -0.34375 -140.14481 -107.79615 23.91269  9.51007
0622   12.44021  0.01981 -0.60938 -0.34375 -139.65394 -107.55071 26.46890 11.85386
0623   12.46174  0.02152 -0.60938 -0.35156 -139.01580 -107.15801 29.65716 15.46630
0624   12.48052  0.01876 -0.60938 -0.35156 -138.42675 -106.81440 31.14531 18.29292
0625   12.50255  0.02202 -0.60938 -0.35938 -137.69044 -106.37261 33.40854 20.86140
0626   12.52398  0.02142 -0.60156 -0.36719 -136.95413 -105.83265 35.14283 23.72311
0627   12.54222  0.01824 -0.60156 -0.37500 -136.26690 -105.39086 36.37270 24.93270
0628   12.56208  0.01985 -0.60156 -0.38281 -135.53059 -104.85090 38.89659 26.36710
0629   12.58260  0.02051 -0.60156 -0.39063 -134.69610 -104.31094 40.23302 27.87376
0630   12.60247  0.01986 -0.60156 -0.39844 -133.86161 -103.67280 42.09039 30.84199
0631   12.62175  0.01926 -0.60156 -0.40625 -133.02712 -103.08375 43.36467 31.69614
0632   12.64248  0.02072 -0.60156 -0.41406 -132.09446 -102.39653 45.67193 33.26478
0633   12.66245  0.01996 -0.60156 -0.42188 -131.16180 -101.70930 45.71063 34.48718
0634   12.68380  0.02134 -0.58594 -0.42969 -130.18005 -100.92390 46.60287 35.54168
0635   12.70301  0.01920 -0.57813 -0.42969 -129.29648 -100.23668 44.96201 36.72372
0636   12.72269  0.01967 -0.56250 -0.42969 -128.36381 -99.50036 49.23175 38.62101
0637   12.74243  0.01972 -0.55469 -0.42969 -127.43115 -98.71496 48.57503 39.41030
0638   12.76308  0.02065 -0.53906 -0.42969 -126.40031 -97.88048 49.47913 40.33617
0639   12.78386  0.02076 -0.52344 -0.43750 -125.36948 -96.99690 50.03772 42.20638
0640   12.80267  0.01881 -0.51563 -0.43750 -124.38773 -96.21150 50.43746 43.97142
0641   12.82171  0.01903 -0.49219 -0.43750 -123.40598 -95.32793 53.24861 45.81708
0642   12.84057  0.01885 -0.49219 -0.43750 -122.42422 -94.44435 50.57882 47.48236
0643   12.86230  0.02172 -0.48438 -0.43750 -121.29521 -93.36443 52.61677 48.72547
0644   12.88245  0.02013 -0.47656 -0.43750 -120.21529 -92.38267 53.67130 48.50615
0645   12.90155  0.01909 -0.46875 -0.43750 -119.18445 -91.45001 53.53900 49.17429
0646   12.92222  0.02066 -0.47656 -0.43750 -118.10453 -90.41918 53.45213 50.59420
0647   12.94065  0.01843 -0.47656 -0.43750 -117.12278 -89.48651 53.18429 50.98888
0648   12.96025  0.01959 -0.47656 -0.43750 -116.09194 -88.45568 53.51857 51.66453
0649   12.98106  0.02079 -0.47656 -0.43750 -114.96293 -87.37575 53.52499 52.34492
0650   13.00201  0.02094 -0.47656 -0.42969 -113.83391 -86.29583 54.24363 52.85643
0651   13.02276  0.02074 -0.48438 -0.42969 -112.65581 -85.21590 55.27343 52.25660
0652   13.04229  0.01952 -0.50000 -0.42969 -111.57589 -84.18506 55.30705 53.16672
0653   13.06204  0.01973 -0.52344 -0.42969 -110.44687 -83.10514 57.78603 53.62820
0654   13.08301  0.02096 -0.54688 -0.41406 -109.26878 -81.97613 57.64285 54.88807
0655   13.10366  0.02064 -0.56250 -0.39063 -108.04159 -80.79803 59.69029 55.40788
0656   13.12620  0.02253 -0.57813 -0.37500 -106.66714 -79.57084 60.92188 54.27962
0657   13.14382  0.01761 -0.60938 -0.35938 -105.58721 -78.58909 61.77753 54.86016
0658   13.16545  0.02162 -0.64063 -0.33594 -104.26185 -77.41099 60.34668 55.49212
0659   13.19102  0.02556 -0.65625 -0.32813 -102.64196 -75.98745 65.61842 54.64184
0660   13.20802  0.01699 -0.68750 -0.31250 -101.51295 -75.05479 66.25209 54.92646
0661   13.22833  0.02030 -0.68750 -0.31250 -100.08941 -73.97486 68.23063 54.67440
0662   13.24608  0.01774 -0.72656 -0.29688 -98.91131 -72.99311 69.22507 54.24033
0663   13.26423  0.01813 -0.73438 -0.29688 -97.58595 -72.01136 71.16503 52.68793
0664   13.28505  0.02082 -0.76563 -0.28906 -96.11333 -70.93144 72.51810 52.04937
0665   13.30429  0.01923 -0.78906 -0.28125 -94.68979 -69.94969 75.71551 51.66725
0666   13.32350  0.01920 -0.79688 -0.27344 -93.21716 -68.96794 76.87158 51.66290
0667   13.34350  0.01999 -0.80469 -0.26563 -91.69545 -67.88801 75.55643 52.42375
0668   13.36245  0.01894 -0.81250 -0.26563 -90.22283 -66.90626 79.53643 52.36559
0669   13.38228  0.01982 -0.82031 -0.26563 -88.60294 -65.87542 81.37106 51.70970
0670   13.40027  0.01797 -0.82031 -0.26563 -87.13031 -64.99185 81.48317 50.77212
0671   13.42019  0.01991 -0.82031 -0.26563 -85.51043 -63.96101 84.86847 49.91408
0672   13.43984  0.01965 -0.82031 -0.26563 -83.84145 -62.97926 82.93979 50.87895
0673   13.46086  0.02100 -0.82031 -0.26563 -82.07430 -61.89934 85.90742 49.85223
0674   13.48022  0.01935 -0.82031 -0.26563 -80.35624 -60.91759 87.54291 51.45332
0675   13.50304  0.02281 -0.81250 -0.27344 -78.39274 -59.69040 86.96288 52.95050
0676   13.52149  0.01844 -0.81250 -0.28125 -76.77285 -58.70865 87.99882 53.37803
0677   13.54154  0.02004 -0.79688 -0.28125 -75.05479 -57.67781 87.02300 52.74823
0678   13.56279  0.02124 -0.78125 -0.28906 -73.18946 -56.54880 88.12837 52.67832
0679   13.58336  0.02057 -0.76563 -0.29688 -71.37323 -55.46888 84.16347 52.65289
0680   13.60352  0.02015 -0.75781 -0.30469 -69.60608 -54.38895 89.83063 53.92246
0681   13.62332  0.01979 -0.73438 -0.31250 -67.88801 -53.25994 87.22247 55.96154
0682   13.64203  0.01870 -0.72656 -0.31250 -66.26813 -52.22910 83.61795 54.59232
0683   13.66307  0.02103 -0.71875 -0.32031 -64.50098 -51.05100 83.57595 56.06316
0684   13.68272  0.01964 -0.71094 -0.32813 -62.73382 -49.92199 89.66982 57.50240
0685   13.70190  0.01917 -0.69531 -0.32813 -61.06485 -48.84206 86.79527 58.18985
0686   13.71996  0.01804 -0.69531 -0.32813 -59.49405 -47.76214 85.94728 60.11352
0687   13.74189  0.02192 -0.67969 -0.32813 -57.62872 -46.43678 86.80985 60.38677
0688   13.76198  0.02008 -0.66406 -0.32813 -55.86158 -45.25868 86.74006 58.98806
0689   13.78158  0.01950 -0.64844 -0.32813 -54.19260 -44.08057 84.75710 60.14151
0690   13.80163  0.02004 -0.58594 -0.32813 -52.47454 -42.90248 84.21834 60.00807
0691   13.82151  0.01988 -0.55469 -0.32813 -50.85465 -41.72438 82.81456 60.36932
0692   13.84171  0.02016 -0.46875 -0.32813 -49.18567 -40.49719 80.71942 60.86183
0693   13.86156  0.01984 -0.43750 -0.32813 -47.56579 -39.27000 79.67133 63.29461
0694   13.88205  0.02048 -0.35938 -0.32813 -45.99499 -37.99373 75.73245 61.33829
0695   13.90142  0.01936 -0.30469 -0.32813 -44.47328 -36.81563 76.86797 61.02792
0696   13.92049  0.01905 -0.30469 -0.32813 -43.09883 -35.58844 73.26875 63.32196
0697   13.94155  0.02106 -0.24219 -0.32813 -41.57711 -34.26308 69.84164 63.88233
0698   13.96078  0.01921 -0.17969 -0.32813 -40.30084 -33.03589 65.05576 64.22291
0699   13.98231  0.02152 -0.05469 -0.32813 -38.92639 -31.66144 61.14651 64.84735
0700   14.00243  0.02011  0.00787 -0.32813 -37.69920 -30.38516 61.45809 63.65039
0701   14.02392  0.02148  0.02362 -0.33594 -36.42293 -28.96162 60.56521 63.23427
0702   14.04263  0.01870  0.01575 -0.33594 -35.29391 -27.83261 62.66796 63.32972
0703   14.06199  0.01935  0.02362 -0.33594 -34.06673 -26.60543 60.59662 63.20537
0704   14.08073  0.01873  0.02362 -0.33594 -32.98680 -25.42733 58.55915 63.02238
0705   14.10051  0.01977  0.02362 -0.33594 -31.80870 -24.15105 58.50541 62.56931
0706   14.12050  0.01998  0.02362 -0.33594 -30.67969 -22.92386 57.92480 60.92717
0707   14.14129  0.02078  0.02362 -0.33594 -29.45250 -21.69668 56.87546 59.44668
0708   14.15965  0.01834  0.02362 -0.33594 -28.42166 -20.61675 55.69044 58.09550
0709   14.18047  0.02082  0.02362 -0.33594 -27.29265 -19.43865 54.08912 57.34957
0710   14.20258  0.02209  0.02362 -0.32813 -26.11455 -18.16238 54.72683 57.06920
0711   14.22067  0.01797  0.02362 -0.32813 -25.13280 -17.13154 54.73659 57.23055
0712   14.23999  0.01931  0.02362 -0.32813 -24.10196 -16.05161 51.52488 55.41632
0713   14.26017  0.02017  0.02362 -0.32813 -23.07113 -14.92260 52.55115 55.25538
0714   14.28137  0.02119  0.02362 -0.32031 -21.94211 -13.74450 51.70943 55.12136
0715   14.29997  0.01858  0.02362 -0.32031 -21.00945 -12.76275 49.72246 54.75888
0716   14.32123  0.02125  0.02362 -0.31250 -19.92952 -11.58465 50.29096 54.11446
0717   14.34170  0.02046  0.02362 -0.30469 -18.94778 -10.50473 48.46975 53.17536
0718   14.36055  0.01884  0.02362 -0.30469 -18.01511 -9.52298 48.28168 52.07808
0719   14.38195  0.02139  0.02362 -0.28906 -17.03336 -8.39396 47.05428 50.99073
0720   14.40133  0.01937  0.02362 -0.28125 -16.10070 -7.41221 45.80874 50.57934
0721   14.42243  0.02109  0.02362 -0.26563 -15.16804 -6.38138 45.97542 49.35178
0722   14.44194  0.01950  0.02362 -0.25781 -14.28446 -5.39963 44.25686 48.73611
0723   14.46152  0.01957  0.02362 -0.23438 -13.40089 -4.46696 44.28002 47.48626
0724   14.48142  0.01989  0.02362 -0.20313 -12.51731 -3.53430 43.49357 47.20360
0725   14.50150  0.02007  0.02362 -0.17969 -11.68283 -2.60164 42.98945 46.77383
0726   14.52207  0.02056  0.02362 -0.13281 -10.84834 -1.61989 41.58037 46.62079
0727   14.54157  0.01949  0.02362 -0.09375 -10.01385 -0.78540 41.75865 43.04713
0728   14.56169  0.02011  0.02362 -0.03125 -9.17936  0.04909 40.22131 41.66331
0729   14.58238  0.02068  0.02362  0.00000 -8.39396  0.88358 39.04386 40.72739
0730   14.60215  0.01976  0.02362  0.00787 -7.60856  1.71806 38.78549 40.10810
0731   14.62036  0.01821  0.02362  0.00787 -6.92134  2.40529 38.39445 39.87774
0732   14.64054  0.02017  0.02362  0.00787 -6.18502  3.19069 37.30436 38.20232
0733   14.65992  0.01937  0.02362  0.00787 -5.44871  3.92700 36.15170 37.21160
0734   14.67991  0.01998  0.02362  0.00787 -4.76149  4.66331 35.09848 36.85787
0735   14.69996  0.02005  0.02362  0.00787 -4.07426  5.39963 33.40251 35.40300
0736   14.72040  0.02043  0.02362  0.00787 -3.43613  6.08685 32.67947 34.64136
0737   14.74061  0.02020  0.02362  0.00787 -2.74890  6.77408 32.30610 34.01909
0738   14.76045  0.01983  0.02362  0.00787 -2.11076  7.41221 31.79994 33.10750
0739   14.78034  0.01988  0.02362  0.00787 -1.52171  8.09944 31.10229 32.80866
0740   14.80108  0.02073  0.02362  0.00787 -0.88358  8.73758 30.70876 31.65057
0741   14.82077  0.01967  0.02362  0.00787 -0.29453  9.37571 29.82773 31.30071
0742   14.84052  0.01974  0.02362  0.00787  0.29453  9.96476 29.11572 30.52411
0743   14.85993  0.01940  0.02362  0.00787  0.83449 10.55381 28.20326 29.78104
0744   14.87998  0.02004  0.02362  0.00787  1.37445 11.14286 27.44288 29.00475
0745   14.90024  0.02025  0.02362  0.00787  1.91441 11.68283 26.23625 27.93936
0746   14.92029  0.02003  0.02362  0.00787  2.45437 12.22279 25.85601 26.92662
0747   14.94039  0.02009  0.02362  0.00787  2.94525 12.76275 24.87212 26.18475
0748   14.95993  0.01952  0.02362  0.00787  3.38704 13.25363 24.24475 25.46263
0749   14.98080  0.02086  0.02362  0.00787  3.87791 13.79359 23.21163 24.88013
0750   15.00004  0.01923  0.02362  0.00787  4.31970 14.23538 22.77916 23.98977
0751   15.02002  0.01997  0.02362  0.00787  4.76149 14.72625 22.48651 23.18160
0752   15.04049  0.02045  0.02362  0.00787  5.20328 15.16804 21.91489 22.43528
9999 9999.00000 9999.00000 999.00000 999.00000 9999.00000 9999.00000 999.00000 999.00000
