DT    0.00006  0.02362  0.00787 0
DT    0.01988  0.02362  0.00787 0
DT    0.04040  0.02362  0.00787 0
DT    0.06000  0.02362  0.00787 0
DT    0.08134  0.02362  0.00787 0
DT    0.10128  0.02362  0.00787 0
DT    0.12055  0.02362  0.00787 0
DT    0.13935  0.02362  0.00787 0
DT    0.16126  0.00787  0.00787 0
DT    0.18169  0.00000  0.00787 0
DT    0.20125 -0.02344  0.00787 0
DT    0.22213 -0.08594  0.00787 0
DT    0.23987 -0.11719  0.00787 0
DT    0.26154 -0.18750  0.00787 0
DT    0.28011 -0.26563  0.00787 0
DT    0.29985 -0.30469  0.00787 0
DT    0.32194 -0.38281  0.00787 0
DT    0.34188 -0.42188  0.00787 0
DT    0.36189 -0.50781  0.00787 0
DT    0.37979 -0.50781  0.00787 0
DT    0.39996 -0.55469  0.00787 0
DT    0.42031 -0.57031  0.00787 0
DT    0.43962 -0.58594  0.00787 0
DT    0.46012 -0.58594  0.00787 0
DT    0.47968 -0.58594  0.00787 0
DT    0.50107 -0.58594  0.00787 0
DT    0.52041 -0.58594  0.00787 0
DT    0.54001 -0.58594  0.00787 0
DT    0.56030 -0.58594  0.00000 0
DT    0.57962 -0.58594  0.00000 0
DT    0.59931 -0.58594  0.00000 0
DT    0.62086 -0.59375  0.00000 0
DT    0.64188 -0.60156 -0.01563 0
DT    0.66157 -0.60938 -0.03906 0
DT    0.68225 -0.61719 -0.06250 0
DT    0.70175 -0.61719 -0.08594 0
DT    0.72118 -0.61719 -0.12500 0
DT    0.74034 -0.61719 -0.14063 0
DT    0.76103 -0.61719 -0.15625 0
DT    0.78120 -0.61719 -0.20313 0
DT    0.80089 -0.61719 -0.24219 0
DT    0.82234 -0.60938 -0.26563 0
DT    0.84199 -0.58594 -0.29688 0
DT    0.86245 -0.57813 -0.31250 0
DT    0.88373 -0.57031 -0.34375 0
DT    0.90304 -0.56250 -0.37500 0
DT    0.92265 -0.56250 -0.39063 0
DT    0.94124 -0.56250 -0.40625 0
DT    0.96199 -0.55469 -0.41406 0
DT    0.98277 -0.54688 -0.42969 0
DT    1.00165 -0.54688 -0.42969 0
DT    1.02429 -0.53906 -0.43750 0
DT    1.04083 -0.53125 -0.43750 0
DT    1.06385 -0.50781 -0.44531 0
DT    1.08167 -0.49219 -0.45313 0
DT    1.10363 -0.46094 -0.46094 0
DT    1.12242 -0.44531 -0.46875 0
DT    1.14118 -0.42969 -0.48438 0
DT    1.16308 -0.41406 -0.50000 0
DT    1.18212 -0.41406 -0.50781 0
DT    1.20245 -0.40625 -0.52344 0
DT    1.22330 -0.41406 -0.53125 0
DT    1.24172 -0.41406 -0.53906 0
DT    1.25946 -0.41406 -0.53906 0
DT    1.27870 -0.41406 -0.53906 0
DT    1.29994 -0.40625 -0.53906 0
DT    1.31958 -0.40625 -0.53906 0
DT    1.34097 -0.39844 -0.53906 0
DT    1.36048 -0.39063 -0.53906 0
DT    1.38042 -0.39063 -0.53906 0
DT    1.40025 -0.38281 -0.53906 0
DT    1.41865 -0.38281 -0.53906 0
DT    1.43938 -0.38281 -0.53906 0
DT    1.45850 -0.38281 -0.53906 0
DT    1.47860 -0.38281 -0.53906 0
DT    1.49946 -0.38281 -0.53906 0
DT    1.51950 -0.38281 -0.53906 0
DT    1.53911 -0.38281 -0.53906 0
DT    1.56055 -0.39063 -0.53906 0
DT    1.58026 -0.39063 -0.53906 0
DT    1.60068 -0.39063 -0.53906 0
DT    1.61999 -0.39063 -0.53906 0
DT    1.64211 -0.39844 -0.53906 0
DT    1.66093 -0.39844 -0.53906 0
DT    1.68259 -0.41406 -0.53125 0
DT    1.70112 -0.42188 -0.53125 0
DT    1.72227 -0.43750 -0.52344 0
DT    1.74218 -0.45313 -0.50781 0
DT    1.76045 -0.46094 -0.50781 0
DT    1.78219 -0.48438 -0.50000 0
DT    1.80115 -0.48438 -0.48438 0
DT    1.82068 -0.50000 -0.46875 0
DT    1.84073 -0.51563 -0.46094 0
DT    1.86193 -0.53125 -0.45313 0
DT    1.88120 -0.53906 -0.45313 0
DT    1.90193 -0.54688 -0.44531 0
DT    1.92091 -0.54688 -0.45313 0
DT    1.93996 -0.54688 -0.45313 0
DT    1.96005 -0.54688 -0.45313 0
DT    1.98042 -0.54688 -0.45313 0
DT    1.99992 -0.53906 -0.45313 0
DT    2.0      0.0      0.0     0
DT    2.02     0.0      0.0     0
XX 9999.00000 999.00000 999.00000 0
