0000    0.00006  0.00006  0.02362  0.00787 -86.63944 -84.62685  0.00000  0.00000
0001    0.01989  0.01981  0.02362  0.00787 -86.63944 -84.62685  0.00000  0.00000
0002    0.04041  0.02051  0.02362  0.00787 -86.63944 -84.62685  0.00000  0.00000
0003    0.06000  0.01959  0.02362  0.00787 -86.63944 -84.62685  0.00000  0.00000
0004    0.08135  0.02133  0.02362  0.00787 -86.63944 -84.62685  0.00000  0.00000
0005    0.10129  0.01993  0.02362  0.00787 -86.63944 -84.62685  0.00000  0.00000
0006    0.12056  0.01925  0.02362  0.00787 -86.63944 -84.62685  0.00000  0.00000
0007    0.13936  0.01879  0.02362  0.00787 -86.63944 -84.62685  0.00000  0.00000
0008    0.16127  0.02190  0.00787  0.00787 -86.63944 -84.62685  0.00000  0.00000
0009    0.18170  0.02042  0.00000  0.00787 -86.63944 -84.62685  0.00000  0.00000
0010    0.20125  0.01955 -0.02344  0.00787 -86.63944 -84.62685  0.00000  0.00000
0011    0.22214  0.02087 -0.08594  0.00787 -86.63944 -84.62685  0.00000  0.00000
0012    0.23988  0.01773 -0.11719  0.00787 -86.63944 -84.62685  0.00000  0.00000
0013    0.26155  0.02165 -0.18750  0.00787 -86.63944 -84.62685  0.00000  0.00000
0014    0.28012  0.01856 -0.26563  0.00787 -86.54126 -84.62685  3.00150  0.00000
0015    0.29986  0.01973 -0.30469  0.00787 -86.49218 -84.62685  3.43204  0.00000
0016    0.32195  0.02208 -0.38281  0.00787 -86.44309 -84.57776  3.19159  0.00000
0017    0.34189  0.01993 -0.42188  0.00787 -86.34491 -84.52867  3.44639  0.11703
0018    0.36190  0.01999 -0.50781  0.00787 -86.19765 -84.47959  4.04707  0.23407
0019    0.37979  0.01789 -0.50781  0.00787 -86.05039 -84.47959  4.95950  0.23407
0020    0.39997  0.02016 -0.55469  0.00787 -85.85404 -84.43050  7.91567  0.35110
0021    0.42032  0.02034 -0.57031  0.00787 -85.55951 -84.33233 11.92483  0.58517
0022    0.43962  0.01929 -0.58594  0.00787 -85.26499 -84.28324 14.32591  0.70220
0023    0.46012  0.02049 -0.58594  0.00787 -84.92138 -84.18506 16.74193  0.93627
0024    0.47961  0.01947 -0.58594  0.00787 -84.52867 -84.13598 19.86681  1.05330
0025    0.50108  0.02146 -0.58594  0.00787 -84.08689 -84.03780 21.67994  3.05575
0026    0.52042  0.01933 -0.58594  0.00787 -83.59601 -83.98871 23.95552  3.26914
0027    0.54002  0.01959 -0.58594  0.00787 -83.05605 -83.89054 26.55876  3.62517
0028    0.56030  0.02027 -0.58594  0.00000 -82.51609 -83.79236 28.16629  3.92602
0029    0.57963  0.01931 -0.58594  0.00000 -81.92704 -83.69419 29.31691  4.18515
0030    0.59932  0.01968 -0.58594  0.00000 -81.33799 -83.59601 30.74300  4.54972
0031    0.62087  0.02154 -0.59375  0.00000 -80.65076 -83.44875 32.19866  5.30825
0032    0.64188  0.02100 -0.60156 -0.01563 -79.96354 -83.30149 33.81113  6.20638
0033    0.66158  0.01969 -0.60938 -0.03906 -79.27631 -83.10514 34.50803  7.44099
0034    0.68226  0.02067 -0.61719 -0.06250 -78.54000 -82.90879 35.60975  8.58154
0035    0.70176  0.01949 -0.61719 -0.08594 -77.80369 -82.71244 36.38618  9.41728
0036    0.72119  0.01942 -0.61719 -0.12500 -77.06738 -82.51609 38.70888 10.14973
0037    0.74035  0.01915 -0.61719 -0.14063 -76.33106 -82.27065 39.94312 11.28727
0038    0.76104  0.02068 -0.61719 -0.15625 -75.44749 -81.97613 40.95147 13.15132
0039    0.78120  0.02016 -0.61719 -0.20313 -74.66209 -81.68160 40.50107 14.61557
0040    0.80090  0.01968 -0.61719 -0.24219 -73.82760 -81.38708 43.02769 15.43635
0041    0.82235  0.02144 -0.60938 -0.26563 -72.89494 -81.04346 42.53296 16.13868
0042    0.84200  0.01963 -0.58594 -0.29688 -72.06045 -80.60168 42.79139 21.72196
0043    0.86245  0.02044 -0.57813 -0.31250 -71.12779 -80.20898 45.95735 19.48280
0044    0.88368  0.02121 -0.57031 -0.34375 -70.19513 -79.71810 45.40850 21.93482
0045    0.90305  0.01931 -0.56250 -0.37500 -69.31155 -79.27631 45.11739 23.50478
0046    0.92265  0.01959 -0.56250 -0.39063 -68.37889 -78.78544 45.89204 25.32947
0047    0.94124  0.01858 -0.56250 -0.40625 -67.49531 -78.24548 47.97988 27.30117
0048    0.96200  0.02075 -0.55469 -0.41406 -66.51356 -77.65643 48.45038 28.92903
0049    0.98277  0.02076 -0.54688 -0.42969 -65.53181 -77.01829 48.38471 31.22783
0050    1.00166  0.01887 -0.54688 -0.42969 -64.59915 -76.38015 48.84328 33.39763
0051    1.02430  0.02263 -0.53906 -0.43750 -63.47014 -75.64384 50.46338 34.09718
0052    1.04084  0.01652 -0.53125 -0.43750 -62.58656 -75.05479 51.01988 35.44096
0053    1.06386  0.02301 -0.50781 -0.44531 -61.45755 -74.17121 50.01987 37.69365
0054    1.08168  0.01781 -0.49219 -0.45313 -60.52489 -73.53308 50.89926 38.34886
0055    1.10364  0.02195 -0.46094 -0.46094 -59.44496 -72.64950 50.15941 39.75453
0056    1.12243  0.01878 -0.44531 -0.46875 -58.51230 -71.86410 50.47636 40.69379
0057    1.14118  0.01874 -0.42969 -0.48438 -57.57964 -71.07870 49.36319 42.28473
0058    1.16309  0.02190 -0.41406 -0.50000 -56.49971 -70.14604 49.40692 43.10439
0059    1.18213  0.01902 -0.41406 -0.50781 -55.51796 -69.31155 48.81948 43.35337
0060    1.20246  0.02032 -0.40625 -0.52344 -54.53621 -68.37889 48.51095 46.18978
0061    1.22330  0.02084 -0.41406 -0.53125 -53.50538 -67.39714 49.84565 47.84753
0062    1.24173  0.01841 -0.41406 -0.53906 -52.62180 -66.51356 49.76429 50.50414
0063    1.25947  0.01773 -0.41406 -0.53906 -51.68914 -65.58090 50.92989 51.65936
0064    1.27871  0.01923 -0.41406 -0.53906 -50.70739 -64.55006 51.77788 53.73416
0065    1.29995  0.02123 -0.40625 -0.53906 -49.62746 -63.42105 51.58445 53.55711
0066    1.31959  0.01963 -0.40625 -0.53906 -48.64571 -62.34113 51.53002 54.80871
0067    1.34097  0.02137 -0.39844 -0.53906 -47.51670 -61.16303 50.57777 56.01486
0068    1.36049  0.01950 -0.39063 -0.53906 -46.53495 -60.03401 51.28373 57.19921
0069    1.38042  0.01993 -0.39063 -0.53906 -45.50411 -58.90500 50.85760 56.80963
0070    1.40025  0.01982 -0.38281 -0.53906 -44.47328 -57.77599 51.42745 57.20354
0071    1.41865  0.01839 -0.38281 -0.53906 -43.54061 -56.74515 51.79755 56.94044
0072    1.43939  0.02072 -0.38281 -0.53906 -42.46069 -55.56705 51.54166 57.58065
0073    1.45850  0.01911 -0.38281 -0.53906 -41.47894 -54.43804 51.52056 58.00865
0074    1.47860  0.02009 -0.38281 -0.53906 -40.44810 -53.25994 51.05490 58.29385
0075    1.49946  0.02085 -0.38281 -0.53906 -39.36818 -52.03275 52.79588 59.65112
0076    1.51951  0.02003 -0.38281 -0.53906 -38.28825 -50.85465 54.63971 60.37637
0077    1.53912  0.01960 -0.38281 -0.53906 -37.20833 -49.62746 54.88347 61.48349
0078    1.56056  0.02143 -0.39063 -0.53906 -35.98114 -48.30210 55.94750 61.43540
0079    1.58027  0.01970 -0.39063 -0.53906 -34.90121 -47.07491 55.12043 62.34877
0080    1.60069  0.02041 -0.39063 -0.53906 -33.77220 -45.79864 55.88890 62.84205
0081    1.62000  0.01930 -0.39063 -0.53906 -32.69228 -44.62054 55.44386 62.43601
0082    1.64211  0.02211 -0.39844 -0.53906 -31.46509 -43.24609 56.83989 61.40543
0083    1.66094  0.01881 -0.39844 -0.53906 -30.38516 -42.06799 56.06700 62.44871
0084    1.68260  0.02165 -0.41406 -0.53125 -29.15798 -40.69354 55.91436 62.77375
0085    1.70113  0.01852 -0.42188 -0.53125 -28.12714 -39.56452 56.91271 61.86824
0086    1.72228  0.02114 -0.43750 -0.52344 -26.89995 -38.23916 57.03140 62.83803
0087    1.74219  0.01990 -0.45313 -0.50781 -25.72185 -37.01198 59.91505 63.44636
0088    1.76046  0.01826 -0.46094 -0.50781 -24.59284 -35.83388 60.43919 63.35792
0089    1.78219  0.02172 -0.48438 -0.50000 -23.26748 -34.45942 61.35171 63.80676
0090    1.80116  0.01896 -0.48438 -0.48438 -22.13846 -33.23224 60.69064 64.08290
0091    1.82069  0.01945 -0.50000 -0.46875 -20.91128 -31.95596 63.03088 64.65347
0092    1.84061  0.01991 -0.51563 -0.46094 -19.63500 -30.72878 64.03817 63.60709
0093    1.86193  0.02132 -0.53125 -0.45313 -18.30964 -29.35433 63.96891 63.94307
0094    1.88121  0.01927 -0.53906 -0.45313 -17.03336 -28.12714 63.54451 63.50998
0095    1.90194  0.02072 -0.54688 -0.44531 -15.70800 -26.80178 65.29938 63.08312
0096    1.92092  0.01897 -0.54688 -0.45313 -14.48081 -25.62368 64.77376 62.50637
0097    1.93997  0.01904 -0.54688 -0.45313 -13.20454 -24.44557 66.56609 62.80587
0098    1.96006  0.02008 -0.54688 -0.45313 -11.87918 -23.16930 67.19069 63.00701
0099    1.98043  0.02036 -0.54688 -0.45313 -10.50473 -21.89302 66.38200 63.39638
0100    1.99992  0.01948 -0.53906 -0.45313 -9.17936 -20.61675 66.61080 63.70574
0101    2.02014  0.02020 -0.54688 -0.45313 -7.80491 -19.34048 67.84868 64.92927
0102    2.04056  0.02041 -0.53906 -0.45313 -6.43046 -18.01511 68.97218 64.47725
0103    2.05984  0.01927 -0.53906 -0.45313 -5.10510 -16.78793 70.45614 64.99460
0104    2.07868  0.01883 -0.53906 -0.45313 -3.77974 -15.56074 70.51839 65.16674
0105    2.10251  0.02382 -0.53125 -0.46094 -2.11076 -14.03903 68.38414 64.85506
0106    2.12203  0.01951 -0.50000 -0.46875 -0.78540 -12.76275 69.77612 64.11345
0107    2.14243  0.02039 -0.49219 -0.47656  0.63814 -11.43739 68.61450 64.30200
0108    2.16251  0.02008 -0.48438 -0.48438  2.01259 -10.16111 68.40224 64.30579
0109    2.18288  0.02035 -0.47656 -0.49219  3.38704 -8.83575 66.11423 65.33675
0110    2.20272  0.01983 -0.46875 -0.50000  4.71240 -7.51039 67.85806 66.10978
0111    2.22044  0.01771 -0.46094 -0.50000  5.93959 -6.33229 68.85850 66.30489
0112    2.23974  0.01928 -0.46094 -0.50000  7.26495 -5.05601 69.59015 67.53550
0113    2.26080  0.02105 -0.45313 -0.50000  8.73758 -3.63248 70.08645 69.02504
0114    2.27999  0.01918 -0.43750 -0.50000 10.06294 -2.30711 68.66969 68.14254
0115    2.29924  0.01923 -0.43750 -0.50000 11.38830 -0.98175 69.35418 69.27441
0116    2.32289  0.02364 -0.40625 -0.50781 13.05728  0.63814 69.53938 68.33987
0117    2.34227  0.01923 -0.36719 -0.51563 14.33355  1.96350 66.88855 68.47762
0118    2.36305  0.02076 -0.29688 -0.53125 15.65891  3.38704 64.23300 68.33891
0119    2.38107  0.01801 -0.24219 -0.56250 16.83701  4.66331 62.41933 69.03766
0120    2.40238  0.02130 -0.17188 -0.58594 18.16238  6.13594 64.14151 69.79745
0121    2.42261  0.02022 -0.02344 -0.62500 19.38956  7.51039 61.04879 70.98288
0122    2.44349  0.02087  0.07087 -0.64063 20.61675  9.03210 61.21628 72.81877
0123    2.46246  0.01856  0.16535 -0.66406 21.69668 10.40655 52.71141 73.33717
0124    2.48294  0.02047  0.20472 -0.67969 22.62934 11.92826 45.06396 73.50849
0125    2.50197  0.01902  0.23622 -0.67969 23.46383 13.30271 44.21182 73.22558
0126    2.51896  0.01699  0.23622 -0.67969 24.15105 14.57899 39.91340 72.99257
0127    2.54180  0.02283  0.27559 -0.67969 24.93645 16.24796 36.07797 72.43463
0128    2.56114  0.01932  0.29921 -0.67188 25.62368 17.62241 34.19862 72.60927
0129    2.58161  0.02046  0.29134 -0.65625 26.21273 19.09504 29.48791 71.90095
0130    2.60175  0.02013  0.25197 -0.60938 26.75269 20.56766 26.09941 71.45041
0131    2.62168  0.01992  0.20472 -0.56250 27.24356 21.94211 25.75724 69.33654
0132    2.64141  0.01971  0.12598 -0.49219 27.73444 23.26748 23.30658 66.60854
0133    2.66220  0.02078  0.04724 -0.41406 28.17623 24.64193 21.56446 64.00644
0134    2.68150  0.01928  0.02362 -0.31250 28.56893 25.77094 21.19609 58.97920
0135    2.70140  0.01989  0.02362 -0.25000 29.10889 26.89995 25.83267 55.40631
0136    2.72173  0.02032  0.02362 -0.15625 29.64885 27.97988 27.52159 51.49462
0137    2.73918  0.01743  0.02362 -0.07031 30.09064 28.81436 25.34837 48.16301
0138    2.76088  0.02169  0.02362  0.02362 30.63060 29.84520 25.09605 45.97306
0139    2.78122  0.02033  0.02362  0.00787 31.17056 30.67969 27.00617 40.30685
0140    2.80103  0.01980  0.02362  0.00000 31.71053 31.41600 27.12564 38.60901
0141    2.81968  0.01864  0.02362  0.00000 32.20140 32.15231 26.78053 38.24056
0142    2.84136  0.02167  0.02362  0.00787 32.83954 32.93771 27.57717 37.26641
0143    2.85929  0.01792  0.02362  0.00787 33.28133 33.57585 27.04434 35.33025
0144    2.88090  0.02160  0.02362  0.00787 33.82129 34.26308 24.74224 31.99321
0145    2.89934  0.01843  0.02362  0.00787 34.16490 34.80304 20.25254 28.00487
0146    2.92009  0.02074  0.02362  0.00787 34.45942 35.29391 15.52059 24.74224
0147    2.94102  0.02092  0.03150  0.00787 34.65578 35.68661 13.12337 20.36830
0148    2.96079  0.01976  0.02362  0.00787 34.70486 35.98114 11.90378 15.61864
0149    2.97973  0.01894  0.02362  0.00787 34.65578 36.12840 11.90378 12.65966
0150    2.99911  0.01937  0.02362  0.00787 34.55760 36.22658  3.36819  8.75207
0151    3.01889  0.01977  0.02362  0.00787 34.41034 36.17749  0.00000  8.75207
0152    3.03872  0.01981  0.02362  0.00787 34.21399 36.12840 -3.89887  4.50602
0153    3.05993  0.02120  0.02362  0.00787 33.96855 36.03023 -9.75371  1.90966
0154    3.08170  0.02176  0.02362  0.00787 33.72311 35.93205 -10.86366  0.00000
0155    3.10059  0.01888  0.02362  0.00787 33.52676 35.83388 -10.96173 -1.58786
0156    3.11909  0.01849  0.02362  0.00787 33.33041 35.73570 -10.44798 -2.97211
0157    3.13950  0.02041  0.02362  0.00000 33.18315 35.68661 -9.51434 -3.67627
0158    3.16145  0.02193  0.02362  0.00787 32.98680 35.53935 -8.71774 -4.58195
0159    3.18151  0.02005  0.02362  0.00000 32.83954 35.44118 -8.62459 -4.64866
0160    3.19940  0.01787  0.02362  0.00000 32.64319 35.29391 -9.03215 -5.11854
0161    3.21881  0.01940  0.02362  0.00000 32.44684 35.14665 -9.49861 -6.77387
0162    3.24011  0.02130  0.02362  0.00000 32.25049 34.90121 -9.81768 -9.38128
0163    3.26243  0.02231  0.02362  0.00787 32.05414 34.65578 -9.32291 -10.37748
0164    3.28097  0.01853  0.03150  0.00787 31.90688 34.50851 -8.44470 -10.32729
0165    3.30028  0.01929  0.03150  0.00000 31.80870 34.31216 -7.81312 -9.58836
0166    3.32092  0.02063  0.03150  0.00787 31.66144 34.16490 -7.14209 -8.63154
0167    3.33994  0.01901  0.02362  0.00787 31.56326 34.06673 -6.76238 -7.95325
0168    3.36218  0.02223  0.03150  0.03150 31.46509 33.96855 -6.27341 -6.96130
0169    3.38273  0.02054  0.03937  0.07087 31.36691 33.87038 -5.43709 -5.64992
0170    3.40187  0.01912  0.04724  0.13386 31.31783 33.82129 -4.92941 -4.98097
0171    3.42208  0.02020  0.08661  0.14961 31.26874 33.82129 -4.46374 -4.98097
0172    3.44287  0.02078  0.14173  0.18110 31.21965 33.77220 -3.70337 -4.12507
0173    3.46360  0.02073  0.16535  0.19685 31.21965 33.72311 -3.70337 -3.70556
0174    3.48278  0.01917  0.21260  0.22047 31.07239 33.67403 -3.36711 -3.14424
0175    3.50262  0.01983  0.24409  0.24409 30.97421 33.62494 -3.52776 -2.98249
0176    3.52109  0.01846  0.28346  0.28346 30.92512 33.52676 -3.26852 -2.86049
0177    3.54295  0.02180  0.32283  0.29921 30.72878 33.37950 -4.86345 -3.00711
0178    3.56175  0.01879  0.37008  0.31496 30.63060 33.28133 -5.65794 -3.64578
0179    3.58142  0.01966  0.38583  0.33858 30.43425 33.13406 -7.65391 -5.72704
0180    3.60214  0.02071  0.40157  0.34646 30.23790 32.88863 -8.85825 -8.25842
0181    3.62187  0.01972  0.40945  0.37008 29.99246 32.69228 -10.53067 -9.97685
0182    3.64565  0.02377  0.41732  0.37795 29.69794 32.39775 -11.98023 -11.88600
0183    3.67440  0.02874  0.42520  0.39370 29.30524 31.95596 -13.59288 -14.20545
0184    3.70302  0.02861  0.42520  0.40157 28.86345 31.51417 -15.40283 -16.02823
0185    3.70893  0.00590  0.42520  0.41732 28.76528 31.41600 -15.93416 -16.45953
0186    3.72132  0.01238  0.42520  0.41732 28.51984 31.17056 -17.26931 -17.31198
0187    3.74034  0.01900  0.42520  0.41732 28.12714 30.82695 -19.07166 -18.50348
0188    3.76019  0.01985  0.42520  0.41732 27.73444 30.43425 -20.42037 -20.35280
0189    3.78123  0.02102  0.42520  0.41732 27.24356 29.94338 -22.71591 -22.44087
0190    3.79985  0.01861  0.42520  0.41732 26.80178 29.50159 -24.36521 -23.22547
0191    3.82013  0.02027  0.42520  0.41732 26.26181 29.01071 -25.82975 -24.92510
0192    3.83968  0.01954  0.42520  0.41732 25.77094 28.47075 -27.03272 -26.63933
0193    3.85954  0.01985  0.42520  0.41732 25.18189 27.93079 -28.99901 -28.04247
0194    3.88098  0.02143  0.42520  0.41732 24.54375 27.29265 -29.99029 -29.03357
0195    3.90004  0.01905  0.42520  0.41732 23.95470 26.75269 -30.32770 -29.60395
0196    3.91974  0.01969  0.42520  0.41732 23.36565 26.11455 -30.97081 -30.53617
0197    3.94000  0.02025  0.42520  0.41732 22.72751 25.52550 -31.15569 -31.26941
0198    3.95848  0.01846  0.42520  0.41732 22.13846 24.88736 -31.24155 -32.01366
0199    3.98028  0.02180  0.42520  0.41732 21.40215 24.20014 -32.97827 -32.84324
0200    4.00087  0.02058  0.42520  0.41732 20.71493 23.51291 -35.00362 -34.10370
0201    4.01919  0.01831  0.42520  0.41732 20.07679 22.87478 -35.73691 -34.42454
0202    4.03939  0.02019  0.42520  0.41732 19.29139 22.13846 -36.90082 -35.38845
0203    4.05913  0.01973  0.42520  0.41732 18.55508 21.45124 -37.51677 -36.38537
0204    4.07929  0.02015  0.42520  0.41732 17.81876 20.66584 -38.09071 -38.13777
0205    4.09946  0.02015  0.42520  0.41732 17.03336 19.92952 -39.25461 -38.43955
0206    4.11992  0.02045  0.42520  0.41732 16.19888 19.09504 -40.02503 -39.59899
0207    4.14046  0.02053  0.42520  0.41732 15.36439 18.26055 -42.22254 -40.82596
0208    4.16015  0.01967  0.42520  0.41732 14.48081 17.47515 -43.12011 -41.36959
0209    4.18183  0.02167  0.42520  0.40945 13.54815 16.54249 -43.35145 -42.68571
0210    4.19949  0.01765  0.42520  0.40945 12.76275 15.75709 -43.87278 -43.07319
0211    4.21981  0.02031  0.42520  0.40945 11.83009 14.87351 -45.70850 -44.63778
0212    4.24047  0.02065  0.42520  0.40157 10.89743 13.94085 -45.75707 -44.89355
0213    4.26089  0.02040  0.42520  0.38583  9.96476 13.05728 -45.95003 -44.55634
0214    4.27922  0.01832  0.42520  0.37008  9.13028 12.22279 -45.72297 -45.55389
0215    4.30073  0.02150  0.42520  0.34646  8.09944 11.24104 -47.18886 -45.45349
0216    4.32284  0.02210  0.43307  0.31496  7.06860 10.21020 -47.37238 -45.30457
0217    4.34304  0.02019  0.44094  0.29921  6.08685  9.32663 -48.74918 -44.64489
0218    4.36023  0.01718  0.44094  0.27559  5.25236  8.54123 -48.21529 -44.27642
0219    4.38079  0.02055  0.44094  0.27559  4.27061  7.65765 -47.43647 -44.75458
0220    4.40136  0.02056  0.45669  0.25197  3.28886  6.72499 -48.22736 -45.68553
0221    4.42268  0.02130  0.46457  0.21260  2.25803  5.74324 -48.98879 -44.66926
0222    4.44323  0.02054  0.47244  0.16535  1.27628  4.85966 -49.13074 -44.05746
0223    4.46176  0.01853  0.50394  0.10236  0.34361  4.07426 -48.37232 -41.83820
0224    4.48214  0.02037  0.52756  0.00000 -0.63814  3.19069 -49.73329 -41.42842
0225    4.50088  0.01872  0.55118  0.00000 -1.57080  2.45437 -49.51881 -38.82583
0226    4.51976  0.01887  0.58268  0.00000 -2.50346  1.71806 -48.67570 -40.95711
0227    4.54238  0.02260  0.59843 -0.00781 -3.63248  0.78540 -50.72018 -41.49496
0228    4.56380  0.02141  0.61417 -0.09375 -4.71240 -0.09818 -50.83995 -40.14516
0229    4.58371  0.01991  0.62205 -0.12500 -5.74324 -0.73631 -53.59629 -32.02796
0230    4.60270  0.01898  0.63780 -0.16406 -6.72499 -1.32536 -52.68991 -30.19218
0231    4.61962  0.01690  0.63780 -0.19531 -7.60856 -1.81624 -51.61428 -29.27416
0232    4.64030  0.02067  0.63780 -0.24219 -8.63940 -2.35620 -49.23669 -25.97676
0233    4.66238  0.02207  0.63780 -0.26563 -9.76841 -2.89616 -52.40584 -24.07288
0234    4.68288  0.02049  0.64567 -0.28125 -10.84834 -3.33795 -53.33395 -22.28738
0235    4.70332  0.02044  0.64567 -0.30469 -11.87918 -3.73065 -50.55798 -19.43013
0236    4.72232  0.01898  0.64567 -0.33594 -12.86093 -4.07426 -49.75194 -18.29023
0237    4.73953  0.01720  0.64567 -0.39063 -13.69541 -4.36879 -49.87300 -17.11717
0238    4.76094  0.02140  0.64567 -0.42969 -14.82443 -4.66331 -51.12722 -15.45778
0239    4.78003  0.01908  0.64567 -0.47656 -15.75709 -4.95784 -48.61665 -15.37692
0240    4.80149  0.02144  0.64567 -0.49219 -16.68975 -5.15419 -41.24879 -14.27305
0241    4.82159  0.02009  0.64567 -0.52344 -17.47515 -5.15419 -40.64090 -11.20425
0242    4.83941  0.01781  0.64567 -0.53906 -18.21146 -5.10510 -40.23780 -5.96973
0243    4.86046  0.02104  0.64567 -0.57813 -18.99686 -5.05601 -37.70842 -3.84624
0244    4.88162  0.02114  0.64567 -0.59375 -19.78226 -5.05601 -34.67537 -3.84624
0245    4.90262  0.02099  0.64567 -0.60156 -20.42040 -5.10510 -31.43058 -3.84624
0246    4.92124  0.01861  0.64567 -0.60938 -21.00945 -5.10510 -30.36822 -3.84624
0247    4.94100  0.01975  0.63780 -0.60938 -21.69668 -5.10510 -37.85308 -3.84624
0248    4.96009  0.01908  0.63780 -0.61719 -22.38390 -5.10510 -36.13626 -3.84624
0249    4.98102  0.02091  0.63780 -0.63281 -23.02204 -5.10510 -29.95560 -3.84624
0250    5.00088  0.01985  0.63780 -0.64063 -23.66018 -5.05601 -30.95294 -3.84624
0251    5.02067  0.01969  0.63780 -0.64844 -24.29831 -4.95784 -32.37983  4.87102
0252    5.04183  0.02115  0.63780 -0.66406 -25.03463 -4.81058 -34.87579  6.64431
0253    5.06202  0.02018  0.63780 -0.67969 -25.72185 -4.61423 -35.46528  8.08283
0254    5.08274  0.02071  0.63780 -0.68750 -26.40907 -4.36879 -33.31806 10.17621
0255    5.10284  0.02009  0.63780 -0.69531 -26.94904 -4.12335 -26.68292 11.14231
0256    5.12092  0.01798  0.63780 -0.70313 -27.39083 -3.87791 -24.90696 12.95602
0257    5.14292  0.02199  0.64567 -0.72656 -27.97988 -3.43613 -25.83036 19.83931
0258    5.16162  0.01869  0.63780 -0.72656 -28.42166 -3.04343 -23.64090 20.34331
0259    5.17997  0.01834  0.63780 -0.72656 -28.81436 -2.79799 -21.25492 17.35755
0260    5.20231  0.02233  0.63780 -0.71875 -29.25615 -2.50346 -19.63936 12.96635
0261    5.22104  0.01872  0.61417 -0.71875 -29.64885 -2.25803 -21.76313 12.65744
0262    5.24223  0.02118  0.59055 -0.71094 -30.23790 -1.91441 -26.53830 15.03839
0263    5.26196  0.01971  0.51181 -0.71094 -30.67969 -1.57080 -24.23601 17.75374
0264    5.28450  0.02253  0.44094 -0.67969 -31.21965 -1.07993 -24.29485 20.28296
0265    5.30230  0.01779  0.25197 -0.65625 -31.61235 -0.68723 -22.23725 22.09482
0266    5.32373  0.02142  0.09449 -0.64063 -32.05414 -0.19635 -19.59115 23.81230
0267    5.34356  0.01982  0.03150 -0.57813 -32.34866  0.34361 -16.82678 26.71349
0268    5.36290  0.01933  0.00000 -0.53125 -32.59410  0.88358 -14.39989 27.22115
0269    5.38390  0.02098 -0.04688 -0.49219 -32.83954  1.47263 -12.24474 28.04872
0270    5.40266  0.01875 -0.09375 -0.46094 -32.98680  1.96350 -9.99323 26.54103
0271    5.42253  0.01986 -0.19531 -0.42969 -32.98680  2.45437 -9.99323 25.56774
0272    5.44227  0.01973 -0.23438 -0.41406 -32.98680  2.94525 -9.99323 25.06613
0273    5.46157  0.01929 -0.25000 -0.40625 -32.93771  3.43613 -9.99323 25.21977
0274    5.48187  0.02030 -0.25781 -0.40625 -32.88863  3.97609 -3.46870 25.99134
0275    5.49881  0.01692 -0.25781 -0.40625 -32.79045  4.41787 -1.51911 26.84387
0276    5.51976  0.02094 -0.25781 -0.41406 -32.64319  5.00693  0.70071 26.60129
0277    5.53927  0.01949 -0.25781 -0.41406 -32.49593  5.49780  2.77814 25.88525
0278    5.55908  0.01980 -0.26563 -0.41406 -32.29958  5.98868  7.98048 24.98537
0279    5.58189  0.02280 -0.27344 -0.39844 -32.00505  6.57773 11.16065 25.53442
0280    5.60211  0.02021 -0.28906 -0.38281 -31.66144  7.11769 14.60690 26.24937
0281    5.62261  0.02049 -0.29688 -0.37500 -31.31783  7.65765 17.06169 26.99548
0282    5.64212  0.01950 -0.31250 -0.35938 -30.92512  8.19761 19.46106 26.58156
0283    5.66202  0.01989 -0.32031 -0.35938 -30.48334  8.68849 21.43161 26.15176
0284    5.68138  0.01935 -0.33594 -0.35156 -30.04155  9.17936 23.06380 25.90205
0285    5.70069  0.01930 -0.34375 -0.35156 -29.59976  9.71933 23.97471 26.30789
0286    5.72003  0.01933 -0.34375 -0.34375 -29.10889 10.21020 24.94366 26.43334
0287    5.74089  0.02084 -0.34375 -0.33594 -28.56893 10.79925 25.97580 26.93785
0288    5.75944  0.01854 -0.34375 -0.33594 -28.07805 11.29013 25.74461 26.73131
0289    5.78001  0.02057 -0.34375 -0.33594 -27.53809 11.83009 26.67668 26.63081
0290    5.80243  0.02241 -0.35156 -0.32031 -26.89995 12.41914 27.21406 27.29836
0291    5.82190  0.01946 -0.35156 -0.30469 -26.35999 12.95910 28.61953 27.99736
0292    5.84194  0.02002 -0.35938 -0.28906 -25.77094 13.54815 29.54169 28.52225
0293    5.86156  0.01961 -0.35938 -0.27344 -25.18189 14.08811 30.69571 28.72857
0294    5.88028  0.01871 -0.35938 -0.25781 -24.59284 14.67716 30.48875 29.03452
0295    5.90054  0.02025 -0.35938 -0.24219 -23.95470 15.21713 31.17993 28.96334
0296    5.92084  0.02029 -0.35938 -0.21875 -23.31656 15.80618 31.42636 28.91753
0297    5.94112  0.02027 -0.35938 -0.21094 -22.67843 16.39523 31.27818 28.83116
0298    5.96139  0.02026 -0.35938 -0.19531 -22.08938 16.98428 31.08702 28.33546
0299    5.98104  0.01963 -0.35938 -0.17188 -21.45124 17.52424 32.19686 27.91132
0300    6.00100  0.01995 -0.35938 -0.14844 -20.76401 18.11329 32.38485 28.34266
0301    6.02278  0.02178 -0.36719 -0.12500 -20.07679 18.70234 31.84202 28.32222
0302    6.04447  0.02168 -0.37500 -0.08594 -19.38956 19.29139 32.44886 27.53563
0303    6.06153  0.01705 -0.38281 -0.06250 -18.80051 19.78226 33.19818 27.66529
0304    6.08103  0.01948 -0.39844  0.00000 -18.16238 20.32223 33.19628 27.42326
0305    6.10124  0.02014 -0.39844  0.00787 -17.52424 20.86219 33.08898 26.65018
0306    6.11952  0.01826 -0.39844  0.00787 -16.88610 21.35306 32.74661 27.53988
0307    6.13864  0.01910 -0.39844  0.00787 -16.24796 21.89302 33.42230 26.69511
0308    6.15925  0.02061 -0.39844  0.00787 -15.56074 22.43299 32.96997 27.29153
0309    6.17898  0.01972 -0.39844  0.00787 -14.92260 22.97295 33.43642 26.98517
0310    6.19953  0.02054 -0.39844  0.00787 -14.23538 23.51291 33.13566 26.62366
0311    6.22069  0.02115 -0.39063  0.00787 -13.54815 24.10196 33.10069 26.95538
0312    6.24144  0.02073 -0.39063  0.01575 -12.86093 24.64193 33.65765 27.32967
0313    6.26187  0.02042 -0.38281  0.00787 -12.17370 25.23098 33.59212 27.04814
0314    6.28116  0.01928 -0.37500  0.01575 -11.53556 25.72185 32.83269 27.07663
0315    6.30107  0.01989 -0.35938  0.01575 -10.84834 26.26181 33.21155 26.74915
0316    6.32055  0.01947 -0.34375  0.01575 -10.25929 26.80178 31.70833 26.77410
0317    6.33987  0.01931 -0.32813  0.01575 -9.67024 27.29265 30.07177 27.10250
0318    6.36144  0.02156 -0.30469  0.00787 -8.98301 27.88170 31.70423 27.34916
0319    6.38170  0.02025 -0.28906 -0.03125 -8.34488 28.47075 31.02749 27.26447
0320    6.40163  0.01991 -0.25781 -0.10938 -7.75583 29.01071 29.73540 26.75360
0321    6.42336  0.02173 -0.25000 -0.15625 -7.11769 29.55068 29.40991 25.76548
0322    6.44270  0.01933 -0.23438 -0.25781 -6.57773 30.04155 28.95804 26.44594
0323    6.46230  0.01959 -0.20313 -0.33594 -6.03776 30.58151 28.15837 26.53099
0324    6.48200  0.01969 -0.18750 -0.39063 -5.49780 31.12148 27.49800 26.69228
0325    6.50230  0.02028 -0.15625 -0.44531 -4.95784 31.71053 26.62185 29.92976
0326    6.52076  0.01846 -0.15625 -0.48438 -4.46696 32.25049 26.02324 29.36619
0327    6.54099  0.02021 -0.15625 -0.53125 -3.92700 32.88863 26.31473 30.19246
0328    6.56157  0.02058 -0.16406 -0.55469 -3.38704 33.52676 26.48554 32.49924
0329    6.58069  0.01910 -0.20313 -0.59375 -2.84708 34.16490 27.29365 34.09257
0330    6.60258  0.02188 -0.25000 -0.60938 -2.30711 34.95030 26.36080 35.14408
0331    6.62196  0.01937 -0.34375 -0.62500 -1.76715 35.63753 27.38708 35.29279
0332    6.64266  0.02069 -0.38281 -0.63281 -1.12901 36.42293 30.84645 38.49064
0333    6.66078  0.01810 -0.47656 -0.63281 -0.44179 37.11015 38.59520 37.76296
0334    6.68048  0.01969 -0.50000 -0.63281  0.19635 37.84646 31.49107 38.86164
0335    6.70224  0.02175 -0.53906 -0.63281  0.98175 38.73004 36.46416 40.78881
0336    6.72072  0.01846 -0.53906 -0.62500  1.66897 39.51544 36.01166 42.91015
0337    6.74113  0.02041 -0.53906 -0.59375  2.40529 40.44810 36.77187 44.78133
0338    6.76287  0.02172 -0.53125 -0.55469  3.23978 41.38076 39.00787 44.26524
0339    6.78197  0.01909 -0.44531 -0.51563  4.02518 42.21525 43.37884 43.90633
0340    6.80401  0.02203 -0.37500 -0.46875  4.95784 43.19700 41.63574 43.90673
0341    6.82312  0.01910 -0.27344 -0.38281  5.74324 44.03149 41.67410 43.37271
0342    6.84277  0.01964 -0.19531 -0.32031  6.57773 44.86598 41.24047 43.69373
0343    6.86185  0.01907  0.01575 -0.19531  7.36313 45.70046 40.34760 42.85565
0344    6.88259  0.02073  0.02362 -0.04688  8.14853 46.58404 38.85334 42.42910
0345    6.90071  0.01811  0.02362  0.02362  8.83575 47.32035 38.05218 41.06418
0346    6.91853  0.01781  0.02362  0.02362  9.47389 47.95849 35.78628 35.16334
0347    6.94002  0.02148  0.02362  0.02362 10.21020 48.69480 34.05071 33.95672
0348    6.96085  0.02082  0.03937  0.00787 10.84834 49.43111 30.83202 35.10111
0349    6.98203  0.02116  0.04724  0.00787 11.48648 50.21651 27.81429 36.38658
0350    7.00175  0.01971  0.08661  0.00787 11.97735 50.90374 25.62807 35.60587
0351    7.02220  0.02045  0.13386  0.01575 12.32096 51.59096 19.66237 32.75776
0352    7.04279  0.02058  0.16535  0.01575 12.66458 52.27819 17.57374 32.62593
0353    7.06139  0.01858  0.18110  0.02362 12.91001 52.81815 14.61921 30.52981
0354    7.08201  0.02062  0.22047  0.04724 13.15545 53.40720 12.25366 28.56299
0355    7.10231  0.02028  0.25984  0.07874 13.35180 53.89808 10.34624 23.82819
0356    7.12123  0.01891  0.32283  0.14173 13.44998 54.24169  9.25067 18.92505
0357    7.14280  0.02156  0.36220  0.17323 13.54815 54.58530  7.68493 16.20459
0358    7.16256  0.01975  0.40157  0.20472 13.54815 54.78165  7.68493 13.12488
0359    7.18251  0.01994  0.42520  0.22047 13.54815 54.92891  7.68493  9.86064
0360    7.20277  0.02025  0.44094  0.23622 13.54815 54.92891  7.68493  9.86064
0361    7.22333  0.02054  0.44882  0.25984 13.49906 54.92891  7.68493  9.86064
0362    7.24163  0.01830  0.46457  0.27559 13.44998 54.83074  2.43347  3.90300
0363    7.26225  0.02061  0.47244  0.29134 13.35180 54.68348  1.13972  0.85479
0364    7.28013  0.01787  0.48819  0.29134 13.20454 54.53621 -0.56273 -1.66017
0365    7.30074  0.02060  0.50394  0.29134 13.00819 54.33986 -3.00447 -7.85915
0366    7.31892  0.01817  0.50394  0.29134 12.81184 54.14351 -9.64476 -9.86623
0367    7.34166  0.02273  0.51181  0.29134 12.46823 53.89808 -12.80937 -10.75560
0368    7.35895  0.01728  0.51181  0.29134 12.22279 53.65264 -14.72242 -11.71320
0369    7.38010  0.02114  0.51181  0.29134 11.83009 53.40720 -17.13772 -12.90781
0370    7.39937  0.01926  0.51181  0.29134 11.48648 53.11267 -18.63681 -14.09351
0371    7.42011  0.02073  0.51181  0.29134 11.09377 52.76906 -19.34094 -15.54277
0372    7.44049  0.02037  0.51181  0.29134 10.65199 52.42545 -19.94486 -17.25141
0373    7.45873  0.01823  0.51181  0.29134 10.25929 52.08184 -20.93788 -18.16317
0374    7.48023  0.02149  0.51181  0.29134  9.76841 51.68914 -22.71076 -18.52250
0375    7.49961  0.01937  0.51181  0.29134  9.32663 51.29644 -23.70054 -19.30792
0376    7.52080  0.02117  0.51181  0.29134  8.83575 50.85465 -24.57613 -20.81593
0377    7.54114  0.02033  0.51181  0.29134  8.29579 50.41286 -25.57167 -21.90184
0378    7.55965  0.01850  0.51181  0.29134  7.80491 49.97108 -26.98153 -22.25802
0379    7.57972  0.02006  0.51181  0.29134  7.21586 49.52929 -27.93221 -22.83681
0380    7.59873  0.01899  0.51181  0.29134  6.67590 49.08750 -29.04715 -24.00349
0381    7.61949  0.02076  0.51181  0.29134  6.08685 48.54754 -29.25392 -24.55652
0382    7.63907  0.01956  0.51181  0.29134  5.49780 48.05666 -30.32264 -25.49311
0383    7.65989  0.02081  0.51181  0.29134  4.81058 47.51670 -31.67743 -26.24986
0384    7.67910  0.01920  0.51181  0.29134  4.22153 47.02583 -31.77658 -26.52210
0385    7.70043  0.02132  0.51181  0.29134  3.53430 46.43678 -32.20859 -27.68495
0386    7.71914  0.01870  0.51181  0.29134  2.89616 45.89681 -33.66031 -28.18804
0387    7.73906  0.01990  0.51181  0.29134  2.20894 45.30776 -34.05449 -28.64583
0388    7.76031  0.02124  0.50394  0.29134  1.47263 44.71871 -34.56489 -29.10907
0389    7.77997  0.01965  0.50394  0.29134  0.78540 44.12966 -34.91300 -30.01247
0390    7.80009  0.02011  0.50394  0.29134  0.09818 43.49152 -36.05716 -30.13278
0391    7.82017  0.02008  0.50394  0.29134 -0.63814 42.90248 -36.92664 -30.61988
0392    7.83934  0.01915  0.50394  0.29134 -1.32536 42.31343 -36.71617 -30.87031
0393    7.86120  0.02186  0.48819  0.29134 -2.15985 41.62620 -36.83340 -31.05369
0394    7.87991  0.01870  0.48819  0.29134 -2.84708 41.03715 -36.81862 -32.29154
0395    7.90034  0.02041  0.48819  0.29134 -3.58339 40.34993 -37.44122 -32.63428
0396    7.91892  0.01857  0.48819  0.29134 -4.27061 39.76088 -36.82552 -32.68752
0397    7.93917  0.02024  0.48819  0.29134 -5.05601 39.07365 -38.15170 -32.76913
0398    7.95971  0.02053  0.48819  0.29134 -5.84141 38.38643 -39.00275 -33.46354
0399    7.97934  0.01962  0.48819  0.29134 -6.62681 37.74829 -38.48596 -33.50225
0400    7.99998  0.02063  0.48819  0.29134 -7.41221 37.01198 -38.39280 -33.81136
0401    8.01994  0.01995  0.48819  0.29134 -8.14853 36.32475 -38.19340 -34.42695
0402    8.04046  0.02051  0.48819  0.29134 -8.93393 35.63753 -37.95875 -34.33917
0403    8.05978  0.01931  0.48819  0.29134 -9.71933 34.99939 -40.47970 -34.46333
0404    8.08028  0.02049  0.48819  0.29134 -10.55381 34.26308 -40.77238 -35.10576
0405    8.09969  0.01940  0.48819  0.29134 -11.33921 33.57585 -41.12524 -35.13138
0406    8.11881  0.01911  0.48819  0.29134 -12.12461 32.88863 -41.41916 -35.73430
0407    8.13987  0.02105  0.48819  0.29134 -13.00819 32.10323 -41.73096 -36.99663
0408    8.16034  0.02046  0.48819  0.29134 -13.89176 31.36691 -41.11009 -36.79874
0409    8.17906  0.01871  0.48819  0.29134 -14.62807 30.67969 -41.12335 -35.96430
0410    8.19858  0.01951  0.48819  0.29134 -15.46256 29.99246 -41.23770 -35.88517
0411    8.21945  0.02086  0.48819  0.29134 -16.29705 29.20706 -41.42580 -36.81461
0412    8.23937  0.01991  0.48819  0.29134 -17.13154 28.47075 -40.47085 -37.66516
0413    8.26022  0.02083  0.48819  0.29134 -17.96603 27.68535 -41.61968 -37.68613
0414    8.28260  0.02238  0.48031  0.29134 -18.94778 26.85086 -42.89834 -37.55566
0415    8.30114  0.01852  0.46457  0.29134 -19.73318 26.16364 -43.09437 -37.77327
0416    8.32199  0.02084  0.44094  0.29134 -20.61675 25.37824 -41.92682 -37.74626
0417    8.34155  0.01955  0.42520  0.29134 -21.40215 24.64193 -41.23129 -37.80222
0418    8.36097  0.01941  0.39370  0.29134 -22.23664 23.90561 -42.33670 -37.76412
0419    8.38236  0.02137  0.38583  0.29134 -23.12021 23.07113 -41.26890 -37.78519
0420    8.40186  0.01949  0.33858  0.29134 -23.95470 22.33481 -40.94122 -38.25368
0421    8.42103  0.01916  0.31496  0.29134 -24.69101 21.59850 -40.39043 -37.98387
0422    8.44133  0.02029  0.25984  0.29134 -25.52550 20.86219 -40.80967 -37.54159
0423    8.46105  0.01971  0.23622  0.29134 -26.31090 20.12588 -39.09828 -37.88317
0424    8.48120  0.02014  0.18898  0.29134 -27.09630 19.34048 -37.54202 -37.76949
0425    8.50073  0.01952  0.14961  0.29134 -27.83261 18.60416 -37.28212 -37.25085
0426    8.52190  0.02115  0.07874  0.29134 -28.56893 17.81876 -36.93525 -36.85054
0427    8.54249  0.02058  0.02362  0.29921 -29.30524 17.08245 -33.11353 -36.53010
0428    8.56144  0.01894  0.01575  0.29921 -29.89429 16.39523 -30.77480 -36.42411
0429    8.58090  0.01944  0.02362  0.29921 -30.53243 15.70800 -32.95370 -35.93863
0430    8.60163  0.02071  0.00787  0.29921 -31.17056 14.97169 -32.85038 -35.35990
0431    8.62232  0.02068 -0.01563  0.29921 -31.85779 14.23538 -32.57040 -34.71817
0432    8.64184  0.01952 -0.09375  0.29921 -32.49593 13.59724 -31.87127 -33.45100
0433    8.66336  0.02151 -0.17188  0.29921 -33.03589 12.86093 -25.79222 -33.81986
0434    8.67958  0.01621 -0.22656  0.29921 -33.37950 12.32096 -20.06622 -33.61007
0435    8.69958  0.01999 -0.29688  0.29921 -33.82129 11.68283 -22.57981 -32.09823
0436    8.72242  0.02283 -0.33594  0.29921 -34.26308 10.99560 -19.27646 -29.56820
0437    8.74663  0.02419 -0.39063  0.29921 -34.60669 10.30838 -16.16002 -28.20999
0438    8.76633  0.01969 -0.39063  0.29921 -34.90121  9.76841 -13.78295 -28.33145
0439    8.78148  0.01514 -0.45313  0.29921 -34.99939  9.32663 -11.82371 -27.22863
0440    8.79993  0.01844 -0.56250  0.29921 -35.14665  8.88484 -9.53386 -25.82465
0441    8.82121  0.02121 -0.57813  0.29921 -35.14665  8.34488 -9.53386 -23.88512
0442    8.84331  0.02209 -0.61719  0.29921 -35.14665  7.90309 -9.53386 -21.23272
0443    8.86124  0.01792 -0.64844  0.29921 -35.09756  7.55948 -9.53386 -20.22042
0444    8.88166  0.02041 -0.65625  0.29921 -34.99939  7.16677 -2.41370 -18.52830
0445    8.89961  0.01794 -0.67969  0.29921 -34.85213  6.87225  0.00000 -17.52039
0446    8.92029  0.02067 -0.69531  0.29921 -34.60669  6.52864  4.07047 -16.73129
0447    8.94045  0.02014 -0.71875  0.29921 -34.36125  6.23411 12.07917 -15.20945
0448    8.96024  0.01978 -0.72656  0.29921 -34.01764  5.98868 15.13512 -12.86852
0449    8.97985  0.01960 -0.74219  0.29921 -33.67403  5.84141 16.94779 -11.26695
0450    9.00152  0.02165 -0.75781  0.29921 -33.23224  5.64506 20.36724 -9.21826
0451    9.02016  0.01863 -0.77344  0.29921 -32.79045  5.54689 22.99315 -7.98854
0452    9.04101  0.02084 -0.78906  0.29921 -32.34866  5.49780 23.15710 -7.14076
0453    9.06213  0.02111 -0.80469  0.29921 -31.80870  5.44871 23.87130 -5.93778
0454    9.08047  0.01831 -0.82031  0.29921 -31.31783  5.44871 26.35450 -5.93778
0455    9.10106  0.02058 -0.83594  0.29921 -30.72878  5.39963 28.79759 -4.37672
0456    9.12202  0.02096 -0.84375  0.29921 -30.09064  5.39963 32.02713 -4.37672
0457    9.13898  0.01695 -0.84375  0.29921 -29.50159  5.39963 33.29919 -4.37672
0458    9.15978  0.02079 -0.85156  0.29921 -28.81436  5.44871 33.86372 -4.37672
0459    9.17864  0.01885 -0.85156  0.29921 -28.17623  5.44871 33.97270 -4.37672
0460    9.20037  0.02172 -0.85156  0.29921 -27.39083  5.49780 36.91025 -1.88455
0461    9.22298  0.02259 -0.85156  0.29921 -26.55634  5.54689 37.17497 -1.24386
0462    9.23899  0.01600 -0.85156  0.29921 -25.96729  5.54689 37.19046 -1.24386
0463    9.26001  0.02101 -0.85156  0.29921 -25.18189  5.59598 36.75493 -0.75616
0464    9.28050  0.02048 -0.85156  0.29921 -24.39649  5.64506 37.93265 -0.35980
0465    9.30061  0.02009 -0.85938  0.29921 -23.61109  5.69415 38.14799  0.00000
0466    9.32371  0.02309 -0.86719  0.29921 -22.72751  5.74324 38.06811  0.32056
0467    9.34139  0.01767 -0.86719  0.29921 -22.08938  5.79233 36.72441  0.61324
0468    9.36199  0.02059 -0.87500  0.29921 -21.30398  5.84141 39.95661  0.89801
0469    9.37890  0.01690 -0.87500  0.29921 -20.61675  5.89050 39.37805  1.20672
0470    9.39855  0.01964 -0.87500  0.29921 -19.83135  5.93959 39.41093  1.60546
0471    9.41866  0.02009 -0.87500  0.29921 -19.04595  5.93959 40.64881  1.60546
0472    9.44097  0.02230 -0.87500  0.29134 -18.11329  5.93959 41.52515  1.60546
0473    9.45928  0.01831 -0.87500  0.29134 -17.32789  5.98868 41.92789  1.87539
0474    9.48076  0.02147 -0.86719  0.29134 -16.44431  6.03776 40.80611  1.93338
0475    9.50121  0.02043 -0.84375  0.29921 -15.65891  6.08685 39.34744  2.02070
0476    9.52207  0.02085 -0.82031  0.29134 -14.77534  6.13594 41.09408  2.07502
0477    9.54001  0.01793 -0.78125  0.29134 -14.03903  6.18502 42.78281  1.95549
0478    9.56128  0.02125 -0.71094  0.29134 -13.15545  6.18502 41.07827  1.95549
0479    9.58109  0.01980 -0.66406  0.29134 -12.37005  6.28320 38.53945  2.01668
0480    9.60196  0.02086 -0.56250  0.28346 -11.63374  6.33229 36.28451  2.06404
0481    9.62235  0.02038 -0.50000  0.26772 -10.89743  6.38138 34.95962  1.99319
0482    9.64038  0.01802 -0.32813  0.23622 -10.30838  6.38138 33.25903  1.99319
0483    9.66195  0.02156 -0.12500  0.20472 -9.67024  6.43046 27.96889  1.89378
0484    9.68153  0.01957  0.03150  0.18110 -9.22845  6.57773 23.25661  2.56391
0485    9.70036  0.01882  0.03150  0.16535 -8.88484  6.67590 20.07369  3.13027
0486    9.72088  0.02051  0.03150  0.15748 -8.54123  6.82316 17.44567  4.05183
0487    9.74132  0.02043  0.03150  0.14173 -8.24670  6.97043 14.41010  6.56423
0488    9.76113  0.01980  0.03150  0.13386 -8.09944  7.11769 12.28493  6.97912
0489    9.78137  0.02022  0.03150  0.11811 -7.95217  7.26495  9.62466  6.97342
0490    9.80183  0.02045  0.01575  0.09449 -7.85400  7.41221  7.87962  6.81822
0491    9.82137  0.01954  0.01575  0.07087 -7.80491  7.51039  6.97217  6.48351
0492    9.84197  0.02059 -0.01563  0.05512 -7.75583  7.55948  5.94428  6.05961
0493    9.86172  0.01974 -0.05469  0.04724 -7.70674  7.60856  5.06291  5.51657
0494    9.88148  0.01975 -0.13281  0.02362 -7.65765  7.65765  3.92449  4.78584
0495    9.90175  0.02026 -0.17188  0.01575 -7.65765  7.65765  3.92449  4.78584
0496    9.92133  0.01950 -0.23438  0.01575 -7.55948  7.65765  3.09667  4.78584
0497    9.94398  0.02264 -0.27344  0.02362 -7.51039  7.65765  2.81782  4.78584
0498    9.96093  0.01694 -0.32031  0.02362 -7.51039  7.70674  2.81782  2.76147
0499    9.98350  0.02255 -0.34375  0.03150 -7.46130  7.70674  2.57329  2.76147
0500   10.00259  0.01908 -0.40625  0.04724 -7.36313  7.75583  2.40385  2.32160
0501   10.02203  0.01943 -0.41406  0.06299 -7.26495  7.80491  2.50636  2.12469
0502   10.04276  0.02072 -0.47656  0.09449 -7.16677  7.85400  2.97430  1.98468
0503   10.06301  0.02023 -0.53125  0.11811 -7.06860  7.90309  3.61459  1.89678
0504   10.08203  0.01901 -0.57813  0.14961 -6.92134  7.95217  5.22478  1.82413
0505   10.10291  0.02087 -0.61719  0.17323 -6.72499  8.00126  6.81730  1.75523
0506   10.12264  0.01972 -0.67188  0.20472 -6.52864  8.05035  8.75566  1.70496
0507   10.14288  0.02023 -0.71094  0.22835 -6.28320  8.09944 10.86447  1.69602
0508   10.16159  0.01870 -0.73438  0.24409 -6.03776  8.14853 12.57277  1.70126
0509   10.18194  0.02033 -0.75781  0.25984 -5.74324  8.19761 14.17020  2.12155
0510   10.20007  0.01812 -0.75781  0.25197 -5.44871  8.19761 15.48785  2.12155
0511   10.22124  0.02116 -0.75781  0.23622 -5.05601  8.29579 16.81828  2.41862
0512   10.24077  0.01952 -0.75781  0.21260 -4.76149  8.34488 16.72088  2.53637
0513   10.26092  0.02014 -0.75781  0.18110 -4.36879  8.39396 17.65690  2.56741
0514   10.28102  0.02009 -0.75781  0.14173 -3.97609  8.49214 19.04129  2.73852
0515   10.30081  0.01978 -0.75781  0.10236 -3.58339  8.59031 20.28413  2.99002
0516   10.32130  0.02047 -0.75781  0.04724 -3.14160  8.68849 21.18653  3.58700
0517   10.34177  0.02046 -0.75781  0.00787 -2.69981  8.83575 21.51498  4.76057
0518   10.36048  0.01870 -0.75781  0.00000 -2.25803  9.03210 23.65731  7.16713
0519   10.37946  0.01898 -0.75781  0.00000 -1.76715  9.22845 25.75150  9.07251
0520   10.39941  0.01994 -0.75781 -0.05469 -1.22719  9.42480 27.60035 10.01959
0521   10.42078  0.02136 -0.75781 -0.14844 -0.58905  9.62115 30.03102 10.22541
0522   10.44109  0.02030 -0.75781 -0.20313  0.04909  9.91568 31.21800 11.52477
0523   10.46112  0.02001 -0.74219 -0.25781  0.68723 10.16111 31.65434 13.14155
0524   10.48225  0.02112 -0.72656 -0.28125  1.32536 10.45564 29.53778 14.23076
0525   10.50248  0.02022 -0.69531 -0.31250  1.86533 10.79925 26.20061 15.87151
0526   10.52241  0.01992 -0.67188 -0.36719  2.30711 11.24104 22.70010 20.43473
0527   10.54171  0.01929 -0.64063 -0.39063  2.65073 11.68283 19.39646 21.62755
0528   10.56185  0.02013 -0.57813 -0.44531  2.94525 12.12461 16.78237 22.13906
0529   10.58134  0.01948 -0.56250 -0.48438  3.23978 12.56640 14.53596 22.61284
0530   10.60168  0.02033 -0.53906 -0.51563  3.48521 12.95910 13.32431 20.46860
0531   10.62166  0.01996 -0.52344 -0.55469  3.73065 13.30271 12.30700 18.09104
0532   10.64074  0.01907 -0.50781 -0.59375  3.92700 13.49906 11.70312 14.69160
0533   10.66129  0.02054 -0.50781 -0.60938  4.17244 13.64633 11.20298 11.31266
0534   10.67882  0.01751 -0.50781 -0.60938  4.36879 13.74450 10.86872  8.50970
0535   10.70127  0.02243 -0.50781 -0.60938  4.56514 13.69541 10.29676  8.50970
0536   10.72158  0.02030 -0.50781 -0.59375  4.81058 13.69541 10.18049  8.50970
0537   10.74007  0.01848 -0.50781 -0.59375  4.95784 13.69541  9.82822  8.50970
0538   10.76185  0.02177 -0.50781 -0.57031  5.10510 13.74450  8.51035  8.50970
0539   10.77960  0.01774 -0.50781 -0.55469  5.15419 13.84268  7.79702  3.18196
0540   10.80025  0.02064 -0.50781 -0.50781  5.15419 13.98994  7.79702  3.07448
0541   10.82152  0.02126 -0.50000 -0.47656  5.15419 14.18629  7.79702  3.13732
0542   10.84334  0.02181 -0.49219 -0.42969  5.15419 14.38264  7.79702  8.98792
0543   10.86080  0.01744 -0.49219 -0.40625  5.15419 14.52990  7.79702  8.96340
0544   10.88020  0.01940 -0.49219 -0.36719  5.15419 14.67716  7.79702  8.88339
0545   10.90322  0.02301 -0.48438 -0.33594  5.15419 14.87351  7.79702  7.97314
0546   10.92256  0.01933 -0.47656 -0.29688  5.15419 14.97169  7.79702  7.50152
0547   10.94190  0.01933 -0.46094 -0.25000  5.15419 15.11895  0.00000  6.87396
0548   10.96172  0.01981 -0.43750 -0.17188  5.15419 15.21713  0.00000  6.22705
0549   10.98197  0.02024 -0.40625 -0.11719  5.15419 15.26621  0.00000  5.79040
0550   11.00161  0.01963 -0.34375 -0.01563  5.15419 15.31530  0.00000  5.06818
0551   11.02114  0.01952 -0.32031  0.00787  5.15419 15.36439  0.00000  4.53304
0552   11.04172  0.02057 -0.24219  0.01575  5.15419 15.51165  0.00000  4.16583
0553   11.06246  0.02073 -0.16406  0.00787  5.15419 15.60982  0.00000  4.20401
0554   11.08230  0.01982 -0.05469  0.01575  5.15419 15.75709  0.00000  4.60519
0555   11.10076  0.01846  0.02362  0.01575  5.15419 15.85526  0.00000  5.87386
0556   11.11996  0.01918  0.02362  0.00787  5.20328 16.00253  0.00000  6.40557
0557   11.13973  0.01977  0.02362  0.01575  5.30145 16.10070  3.74051  6.07451
0558   11.16073  0.02099  0.02362  0.02362  5.39963 16.14979  4.39064  5.86639
0559   11.18044  0.01970  0.02362  0.03937  5.49780 16.19888  4.68875  5.14716
0560   11.20129  0.02084  0.03150  0.05512  5.59598 16.24796  4.84654  4.20868
0561   11.22270  0.02140  0.06299  0.08661  5.69415 16.24796  4.94230  4.20868
0562   11.24262  0.01991  0.08661  0.10236  5.74324 16.24796  5.07533  4.20868
0563   11.26248  0.01985  0.12598  0.14173  5.74324 16.29705  5.07533  2.93744
0564   11.28196  0.01947  0.15748  0.15748  5.69415 16.29705  5.07533  2.93744
0565   11.30184  0.01987  0.19685  0.19685  5.64506 16.24796  2.62814  2.93744
0566   11.32209  0.02024  0.21260  0.21260  5.59598 16.24796  1.77920  2.93744
0567   11.34262  0.02052  0.25984  0.23622  5.49780 16.14979  0.56784  1.22137
0568   11.36193  0.01930  0.29921  0.26772  5.39963 16.10070 -0.55906  0.78987
0569   11.38189  0.01995  0.33858  0.29134  5.30145 16.00253 -1.69656  0.00000
0570   11.40200  0.02010  0.37795  0.29921  5.15419 15.90435 -4.52511 -0.78288
0571   11.42381  0.02180  0.40157  0.31496  4.95784 15.75709 -6.90016 -2.91857
0572   11.44227  0.01845  0.41732  0.31496  4.81058 15.60982 -7.92314 -6.02285
0573   11.46146  0.01917  0.41732  0.31496  4.61423 15.41348 -9.23034 -7.93474
0574   11.47958  0.01811  0.41732  0.31496  4.36879 15.26621 -10.47330 -9.07324
0575   11.49932  0.01973  0.41732  0.31496  4.12335 15.02078 -11.70962 -10.38071
0576   11.51993  0.02060  0.41732  0.31496  3.87791 14.77534 -12.89129 -11.44563
0577   11.53991  0.01997  0.41732  0.31496  3.58339 14.52990 -13.89858 -12.44675
0578   11.56008  0.02016  0.40945  0.31496  3.28886 14.23538 -15.24608 -13.52297
0579   11.58145  0.02136  0.40157  0.31496  2.89616 13.94085 -16.26469 -14.50707
0580   11.60200  0.02054  0.38583  0.31496  2.55255 13.59724 -17.07091 -15.66169
0581   11.62105  0.01904  0.35433  0.31496  2.20894 13.25363 -17.83693 -16.40960
0582   11.64100  0.01994  0.30709  0.31496  1.86533 12.95910 -18.19383 -16.92378
0583   11.66138  0.02037  0.26772  0.31496  1.47263 12.56640 -18.39582 -17.31989
0584   11.67996  0.01856  0.18110  0.31496  1.12901 12.27188 -18.18706 -17.61919
0585   11.69985  0.01989  0.14961  0.31496  0.78540 11.87918 -17.35927 -18.36382
0586   11.72142  0.02156  0.03150  0.30709  0.44179 11.48648 -16.72875 -18.73018
0587   11.74118  0.01974  0.00787  0.30709  0.09818 11.09377 -17.29825 -18.56825
0588   11.76843  0.02724  0.02362  0.29921 -0.34361 10.60290 -16.74139 -18.51272
0589   11.77951  0.01107  0.02362  0.29921 -0.49088 10.40655 -15.30605 -18.62461
0590   11.80071  0.02119  0.03150  0.29921 -0.78540 10.01385 -13.26506 -18.60771
0591   11.82098  0.02026  0.03150  0.29134 -1.07993  9.67024 -14.48688 -18.21118
0592   11.84165  0.02066  0.03150  0.28346 -1.42354  9.27754 -15.87883 -17.35126
0593   11.86219  0.02053  0.00787  0.23622 -1.71806  8.93393 -15.39133 -16.99097
0594   11.88072  0.01852  0.00000  0.20472 -1.96350  8.63940 -14.29843 -16.26418
0595   11.90149  0.02076 -0.06250  0.13386 -2.25803  8.34488 -13.79998 -15.60764
0596   11.92267  0.02117 -0.11719  0.06299 -2.50346  8.05035 -12.55285 -14.59291
0597   11.94215  0.01947 -0.20313  0.00787 -2.69981  7.75583 -10.76006 -13.52384
0598   11.96172  0.01956 -0.23438  0.00000 -2.84708  7.55948 -9.29717 -12.77186
0599   11.98089  0.01916 -0.27344  0.00000 -2.94525  7.31404 -8.36009 -11.50253
0600   12.00222  0.02132 -0.29688  0.00787 -3.04343  7.16677 -7.12353 -10.14292
0601   12.02116  0.01893 -0.33594  0.00787 -3.09251  7.01951 -6.47828 -8.36093
0602   12.03986  0.01869 -0.33594  0.00787 -3.09251  6.97043 -6.47828 -7.55485
0603   12.06092  0.02105 -0.33594  0.00787 -3.09251  6.92134 -6.47828 -6.66212
0604   12.08020  0.01927 -0.32813  0.00787 -3.04343  6.92134 -6.47828 -6.66212
0605   12.10043  0.02022 -0.28906  0.00787 -3.04343  6.92134 -6.47828 -6.66212
0606   12.12025  0.01981 -0.24219  0.00787 -2.99434  7.01951 -2.36203 -2.78970
0607   12.14141  0.02115 -0.19531  0.00787 -2.89616  7.11769 -1.04793 -1.28501
0608   12.16058  0.01916 -0.10938  0.00787 -2.79799  7.21586  0.00000  0.00000
0609   12.18173  0.02113  0.00000  0.00787 -2.74890  7.31404  0.48287  1.19885
0610   12.20133  0.01959  0.02362  0.00787 -2.65073  7.41221  1.38404  2.39368
0611   12.22133  0.01999  0.02362  0.01575 -2.55255  7.51039  2.32260  4.93872
0612   12.23903  0.01769  0.02362  0.01575 -2.50346  7.60856  3.92916  5.00209
0613   12.25909  0.02005  0.02362  0.01575 -2.40529  7.65765  3.94768  4.94774
0614   12.28012  0.02102  0.00787  0.01575 -2.35620  7.75583  3.89931  4.71516
0615   12.30092  0.02079 -0.03125  0.01575 -2.25803  7.85400  3.89072  4.46745
0616   12.32077  0.01985 -0.07813  0.01575 -2.20894  7.90309  3.88796  4.29128
0617   12.34108  0.02030 -0.13281  0.01575 -2.11076  7.95217  3.69825  4.08662
0618   12.36147  0.02038 -0.22656  0.00787 -2.06168  8.00126  3.48583  3.84213
0619   12.37850  0.01702 -0.22656  0.00787 -1.96350  8.05035  3.72423  3.49341
0620   12.40210  0.02300 -0.27344  0.00000 -1.86533  8.09944  4.37226  3.14513
0621   12.42036  0.01824 -0.32031  0.00000 -1.76715  8.14853  4.16201  2.94162
0622   12.44238  0.02201 -0.38281 -0.02344 -1.61989  8.19761  5.03327  2.80508
0623   12.46117  0.01877 -0.41406 -0.04688 -1.52171  8.24670  5.69618  2.71224
0624   12.48122  0.02004 -0.44531 -0.07031 -1.37445  8.29579  5.35452  2.64308
0625   12.50057  0.01934 -0.46094 -0.07813 -1.17810  8.29579  6.89517  2.64308
0626   12.52243  0.02185 -0.48438 -0.10156 -0.93266  8.29579  9.48311  2.64308
0627   12.53951  0.01707 -0.49219 -0.10938 -0.73631  8.29579 11.43767  2.64308
0628   12.56194  0.02242 -0.49219 -0.12500 -0.44179  8.34488 12.18612  1.85443
0629   12.57933  0.01737 -0.48438 -0.12500 -0.29453  8.44305 10.63095  1.96403
0630   12.60157  0.02223 -0.49219 -0.13281 -0.09818  8.49214  9.24708  2.04054
0631   12.62122  0.01964 -0.48438 -0.14063  0.09818  8.49214  9.41255  2.04054
0632   12.63986  0.01864 -0.48438 -0.15625  0.34361  8.49214 11.50460  2.04054
0633   12.65931  0.01943 -0.48438 -0.15625  0.58905  8.49214 13.44373  2.04054
0634   12.67904  0.01972 -0.48438 -0.15625  0.93266  8.59031 15.84707  1.72604
0635   12.70107  0.02202 -0.49219 -0.15625  1.37445  8.78666 18.42344  2.12345
0636   12.72032  0.01925 -0.48438 -0.15625  1.81624  9.03210 22.66311  9.57122
0637   12.74185  0.02151 -0.49219 -0.15625  2.30711  9.32663 24.17103 13.45532
0638   12.75888  0.01702 -0.49219 -0.15625  2.74890  9.57206 25.63182 14.60142
0639   12.78046  0.02158 -0.48438 -0.15625  3.28886  9.86659 25.47558 14.59326
0640   12.79954  0.01906 -0.48438 -0.15625  3.82883 10.11203 26.46790 13.81241
0641   12.81883  0.01929 -0.48438 -0.15625  4.31970 10.35746 26.21761 13.04277
0642   12.84105  0.02220 -0.48438 -0.15625  4.90875 10.75016 26.43255 15.61588
0643   12.86104  0.01998 -0.48438 -0.15625  5.44871 11.09377 27.43200 16.67335
0644   12.88084  0.01979 -0.48438 -0.16406  5.98868 11.38830 27.90022 16.91538
0645   12.90054  0.01963 -0.48438 -0.16406  6.57773 11.73191 29.13620 16.70399
0646   12.91924  0.01868 -0.48438 -0.16406  7.16677 12.07552 30.55831 16.62867
0647   12.94062  0.02137 -0.48438 -0.16406  7.80491 12.41914 31.11964 17.38703
0648   12.96033  0.01970 -0.48438 -0.16406  8.39396 12.81184 31.08860 18.97707
0649   12.98205  0.02171 -0.48438 -0.16406  9.08119 13.25363 31.33288 20.67996
0650   13.00218  0.01992 -0.46875 -0.16406  9.67024 13.69541 30.08716 22.24007
0651   13.02356  0.02136 -0.44531 -0.17188 10.35746 14.23538 30.03203 23.75548
0652   13.04046  0.01689 -0.39844 -0.17188 10.84834 14.62807 29.98671 24.71870
0653   13.06151  0.02104 -0.37500 -0.17188 11.48648 15.16804 30.11882 25.45761
0654   13.08057  0.01905 -0.35156 -0.17188 12.07552 15.65891 30.81508 25.87181
0655   13.10124  0.02067 -0.33594 -0.17188 12.71366 16.19888 29.68891 25.55044
0656   13.12087  0.01962 -0.32813 -0.17188 13.30271 16.68975 29.86948 25.39860
0657   13.14318  0.02229 -0.31250 -0.17969 13.94085 17.27880 29.04500 25.46442
0658   13.16286  0.01967 -0.30469 -0.18750 14.48081 17.76968 29.38579 25.87454
0659   13.18312  0.02025 -0.28125 -0.19531 15.06986 18.30964 28.23831 26.38070
0660   13.20139  0.01826 -0.27344 -0.20313 15.60982 18.80051 28.20529 26.57400
0661   13.22295  0.02155 -0.24219 -0.21875 16.19888 19.34048 29.41564 25.84614
0662   13.24021  0.01725 -0.22656 -0.21875 16.73884 19.78226 29.00878 25.67318
0663   13.26215  0.02192 -0.17188 -0.22656 17.32789 20.37131 27.73133 25.83349
0664   13.28192  0.01976 -0.14063 -0.23438 17.86785 20.86219 26.30331 25.80999
0665   13.30219  0.02027 -0.10156 -0.24219 18.30964 21.40215 24.16193 26.05639
0666   13.31964  0.01744 -0.10156 -0.24219 18.75143 21.84394 23.65891 24.63978
0667   13.34300  0.02334 -0.13281 -0.25000 19.29139 22.43299 22.71061 25.02626
0668   13.36095  0.01795 -0.14844 -0.25000 19.63500 22.87478 21.09680 25.18909
0669   13.38140  0.02044 -0.21094 -0.25781 20.12588 23.41474 21.96466 25.33797
0670   13.40190  0.02049 -0.23438 -0.25781 20.56766 23.90561 23.32358 25.12450
0671   13.42192  0.02001 -0.28125 -0.26563 21.05854 24.39649 24.42620 25.53024
0672   13.44272  0.02079 -0.32031 -0.27344 21.74576 24.98554 32.05327 26.49469
0673   13.46182  0.01909 -0.37500 -0.28906 22.28573 25.47641 29.58682 26.88452
0674   13.48214  0.02030 -0.40625 -0.29688 22.82569 26.01638 27.21323 27.15227
0675   13.50296  0.02081 -0.43750 -0.31250 23.46383 26.60543 29.01624 27.75783
0676   13.52171  0.01874 -0.44531 -0.32813 24.00379 27.14539 30.11956 27.68613
0677   13.53932  0.01760 -0.44531 -0.32813 24.54375 27.63626 30.80242 27.97814
0678   13.56111  0.02178 -0.43750 -0.32813 25.23098 28.22531 31.27678 27.23800
0679   13.58148  0.02036 -0.40625 -0.32813 25.86911 28.76528 31.54916 27.44887
0680   13.60021  0.01872 -0.38281 -0.31250 26.45816 29.30524 31.43189 27.55410
0681   13.62292  0.02269 -0.32813 -0.28125 27.19448 29.94338 31.20074 27.61277
0682   13.64156  0.01863 -0.27344 -0.26563 27.73444 30.43425 30.13185 27.46100
0683   13.66118  0.01961 -0.18750 -0.20313 28.27440 30.97421 26.67509 28.36313
0684   13.68284  0.02165 -0.09375 -0.16406 28.71619 31.56326 22.29183 26.21467
0685   13.70177  0.01891  0.01575 -0.10156 28.96162 32.00505 16.68947 22.82970
0686   13.72300  0.02123  0.02362 -0.03125 29.15798 32.39775 10.95781 19.24758
0687   13.74223  0.01921  0.02362  0.02362 29.15798 32.64319 10.95781 15.50012
0688   13.76078  0.01854  0.03150  0.02362 29.15798 32.74136 10.95781 12.67635
0689   13.78405  0.02326  0.03150  0.00787 28.96162 32.74136  2.01149 12.67635
0690   13.79900  0.01493  0.03150  0.00787 28.86345 32.74136  0.00000 12.67635
0691   13.82574  0.02673  0.03937  0.01575 28.56893 32.59410 -9.15857  2.78140
0692   13.84133  0.01558  0.04724  0.01575 28.47075 32.49593 -9.36918  0.84945
0693   13.86208  0.02074  0.09449  0.01575 28.32349 32.34866 -8.47484 -1.61032
0694   13.88161  0.01952  0.11811  0.01575 28.17623 32.15231 -7.62131 -7.57348
0695   13.90086  0.01924  0.15748  0.01575 27.97988 32.00505 -7.66496 -8.84107
0696   13.92191  0.02104  0.17323  0.02362 27.78353 31.80870 -8.83279 -8.64345
0697   13.94191  0.01999  0.22047  0.04724 27.48900 31.66144 -11.98093 -8.48421
0698   13.96226  0.02034  0.25984  0.07087 27.24356 31.46509 -14.72187 -8.53604
0699   13.98096  0.01869  0.32283  0.10236 26.99812 31.26874 -13.41445 -8.99612
0700   14.00137  0.02040  0.34646  0.12598 26.65451 31.07239 -14.49674 -9.65851
0701   14.02067  0.01929  0.38583  0.14173 26.35999 30.87604 -16.35748 -10.33771
0702   14.04172  0.02104  0.40157  0.16535 25.91820 30.63060 -18.81540 -11.04143
0703   14.06230  0.02057  0.42520  0.19685 25.47641 30.33608 -22.03323 -12.62008
0704   14.08283  0.02052  0.44094  0.20472 24.98554 30.04155 -23.41927 -13.99302
0705   14.10258  0.01975  0.46457  0.22047 24.49466 29.74703 -25.52460 -15.26872
0706   14.12306  0.02046  0.48819  0.23622 23.95470 29.40341 -25.90998 -15.89570
0707   14.14149  0.01842  0.51181  0.26772 23.46383 29.10889 -25.62299 -16.56272
0708   14.16218  0.02068  0.51969  0.28346 22.97295 28.76528 -23.85691 -16.22363
0709   14.18338  0.02119  0.54331  0.29134 22.48208 28.37258 -23.42006 -17.70651
0710   14.20208  0.01869  0.55906  0.29921 22.04029 28.02896 -23.99205 -18.57071
0711   14.22095  0.01887  0.56693  0.29921 21.59850 27.68535 -24.28956 -19.28638
0712   14.24099  0.02003  0.56693  0.30709 21.05854 27.24356 -25.75798 -20.55022
0713   14.25963  0.01863  0.57480  0.30709 20.56766 26.85086 -27.58980 -21.28128
0714   14.28009  0.02045  0.57480  0.30709 19.97861 26.40907 -27.93332 -22.32650
0715   14.29938  0.01928  0.57480  0.30709 19.38956 25.96729 -30.08071 -22.96362
0716   14.32182  0.02243  0.57480  0.31496 18.65325 25.37824 -34.39463 -24.22728
0717   14.33975  0.01792  0.57480  0.31496 18.01511 24.93645 -35.79384 -25.66915
0718   14.36037  0.02061  0.56693  0.32283 17.22971 24.39649 -37.10977 -27.31955
0719   14.37839  0.01801  0.56693  0.32283 16.59158 23.85653 -36.07001 -29.86503
0720   14.39943  0.02103  0.56693  0.33071 15.75709 23.21839 -39.63112 -30.54880
0721   14.42089  0.02145  0.56693  0.33858 14.87351 22.53116 -40.99507 -32.04574
0722   14.44062  0.01972  0.55906  0.35433 14.08811 21.89302 -39.73265 -32.70265
0723   14.46093  0.02029  0.55118  0.35433 13.30271 21.20580 -39.42676 -33.79518
0724   14.48209  0.02115  0.51181  0.36220 12.46823 20.46949 -40.39010 -34.88298
0725   14.50088  0.01878  0.47244  0.36220 11.73191 19.78226 -39.63016 -35.81604
0726   14.52214  0.02125  0.42520  0.37008 10.89743 18.99686 -38.57822 -36.39306
0727   14.54180  0.01964  0.39370  0.37008 10.16111 18.26055 -37.62590 -37.08565
0728   14.56108  0.01927  0.33071  0.37795  9.42480 17.57333 -37.02035 -36.88086
0729   14.58193  0.02083  0.29134  0.38583  8.63940 16.78793 -38.01255 -37.28594
0730   14.60169  0.01975  0.18898  0.39370  7.90309 16.05161 -38.72720 -38.13851
0731   14.62030  0.01860  0.15748  0.39370  7.16677 15.31530 -37.73306 -39.81111
0732   14.64236  0.02205  0.03937  0.40157  6.33229 14.38264 -37.71001 -41.54518
0733   14.66118  0.01881  0.03150  0.41732  5.69415 13.64633 -35.03910 -41.43996
0734   14.68274  0.02155  0.02362  0.43307  5.05601 12.71366 -28.75676 -41.83802
0735   14.69938  0.01663  0.03150  0.43307  4.46696 12.02644 -35.45914 -42.31900
0736   14.71978  0.02039  0.03150  0.44094  3.73065 11.19195 -35.51211 -41.51847
0737   14.74067  0.02088  0.00787  0.44882  2.99434 10.30838 -35.09158 -41.34798
0738   14.76033  0.01965 -0.02344  0.45669  2.35620  9.52298 -33.80530 -40.74006
0739   14.77926  0.01892 -0.05469  0.45669  1.71806  8.73758 -32.97573 -41.54272
0740   14.80000  0.02073 -0.10938  0.46457  1.12901  7.90309 -30.20509 -40.47970
0741   14.82038  0.02037 -0.14063  0.46457  0.58905  7.06860 -24.92017 -39.86770
0742   14.84250  0.02211 -0.22656  0.47244  0.09818  6.13594 -23.69156 -41.08170
0743   14.86088  0.01837 -0.27344  0.47244 -0.24544  5.39963 -19.83846 -41.64528
0744   14.88253  0.02164 -0.34375  0.48031 -0.58905  4.46696 -15.96339 -42.55600
0745   14.89944  0.01690 -0.43750  0.48031 -0.78540  3.73065 -13.72530 -43.19296
0746   14.91972  0.02027 -0.46875  0.48031 -0.88358  2.89616 -12.13265 -42.09057
0747   14.94256  0.02283 -0.57031  0.48819 -0.93266  1.91441 -9.98763 -41.00877
0748   14.96140  0.01883 -0.64063  0.48819 -0.93266  1.17810 -9.98763 -39.56181
0749   14.97943  0.01802 -0.70313  0.48819 -0.88358  0.49088 -9.98763 -38.84227
0750   15.00250  0.02305 -0.73438  0.50394 -0.68723 -0.44179 -0.84893 -38.61448
0751   15.02180  0.01929 -0.78906  0.50394 -0.44179 -1.17810  3.49635 -38.56155
0752   15.03982  0.01801 -0.82031  0.50394 -0.19635 -1.86533 12.49278 -38.71742
0753   15.06155  0.02172 -0.84375  0.50394  0.19635 -2.69981 18.43240 -38.73132
0754   15.08200  0.02043 -0.85938  0.50394  0.63814 -3.43613 20.98007 -37.07417
0755   15.10139  0.01938 -0.85938  0.48819  1.17810 -4.17244 26.92832 -37.28410
0756   15.11863  0.01723 -0.85938  0.48819  1.71806 -4.81058 30.54310 -35.71403
0757   15.14195  0.02331 -0.85156  0.44094  2.50346 -5.59598 34.73033 -35.12799
0758   15.15923  0.01727 -0.85156  0.37008  3.14160 -6.23411 35.99991 -35.37965
0759   15.18276  0.02352 -0.83594  0.29134  4.12335 -7.01951 44.80790 -32.65577
0760   15.20258  0.01981 -0.81250  0.18898  4.95784 -7.60856 44.04995 -29.01384
0761   15.22270  0.02011 -0.76563  0.04724  5.89050 -8.09944 45.91243 -25.81705
0762   15.24162  0.01891 -0.72656  0.00000  6.77408 -8.54123 47.69157 -22.61894
0763   15.26197  0.02034 -0.69531 -0.03125  7.75583 -8.93393 49.03993 -20.68336
0764   15.28160  0.01962 -0.67188 -0.11719  8.73758 -9.27754 49.01789 -18.44906
0765   15.30243  0.02083 -0.66406 -0.16406  9.76841 -9.47389 47.97848 -14.19065
0766   15.32267  0.02022 -0.65625 -0.21094 10.75016 -9.57206 49.47439 -10.01808
0767   15.34146  0.01878 -0.65625 -0.23438 11.68283 -9.67024 49.44125 -8.47973
0768   15.36074  0.01927 -0.65625 -0.27344 12.66458 -9.76841 51.15306 -6.75639
0769   15.38130  0.02055 -0.65625 -0.28906 13.69541 -9.81750 50.83574 -6.09477
0770   15.40020  0.01889 -0.65625 -0.31250 14.67716 -9.71933 51.83447 -3.50081
0771   15.42128  0.02107 -0.65625 -0.34375 15.80618 -9.57206 53.64842 -0.88374
0772   15.44082  0.01953 -0.65625 -0.36719 16.83701 -9.37571 52.64696  3.03741
0773   15.46109  0.02026 -0.65625 -0.38281 17.86785 -9.13028 50.56996 10.73968
0774   15.48073  0.01963 -0.65625 -0.41406 18.89869 -8.83575 51.07137 14.31951
0775   15.50264  0.02190 -0.64063 -0.44531 20.02770 -8.44305 51.71978 17.94127
0776   15.52123  0.01858 -0.64063 -0.46875 20.96036 -8.00126 51.51623 21.65756
0777   15.54022  0.01897 -0.62500 -0.50781 21.94211 -7.51039 51.74377 25.54206
0778   15.56155  0.02132 -0.60938 -0.52344 23.02204 -6.92134 51.06898 28.82270
0779   15.58316  0.02161 -0.58594 -0.53906 24.20014 -6.23411 52.81917 32.36318
0780   15.60133  0.01816 -0.57031 -0.56250 25.18189 -5.59598 53.57464 35.04786
0781   15.62216  0.02081 -0.56250 -0.58594 26.26181 -4.81058 52.71650 37.34835
0782   15.64286  0.02070 -0.54688 -0.60156 27.34174 -3.97609 53.28705 41.19444
0783   15.66187  0.01899 -0.50781 -0.60938 28.37258 -3.14160 52.16165 44.12320
0784   15.68142  0.01954 -0.49219 -0.60938 29.40341 -2.25803 54.24693 46.31137
0785   15.70064  0.01921 -0.44531 -0.61719 30.43425 -1.37445 52.51882 47.46445
0786   15.72055  0.01990 -0.41406 -0.61719 31.46509 -0.39270 52.77034 48.96997
0787   15.74184  0.02128 -0.35938 -0.61719 32.59410  0.63814 51.56006 49.76682
0788   15.76069  0.01884 -0.31250 -0.61719 33.52676  1.61989 50.56709 52.67295
0789   15.78303  0.02233 -0.21094 -0.62500 34.65578  2.84708 49.41935 53.76712
0790   15.80025  0.01721 -0.13281 -0.62500 35.44118  3.77974 46.37240 54.48234
0791   15.82256  0.02230  0.03150 -0.63281 36.47201  5.00693 46.53924 56.41269
0792   15.84135  0.01878  0.09449 -0.63281 37.25741  6.08685 43.82363 56.55014
0793   15.86304  0.02168  0.18898 -0.64063 38.04281  7.31404 34.09091 58.54169
0794   15.88051  0.01746  0.28346 -0.64063 38.63186  8.39396 34.34902 60.40349
0795   15.89958  0.01905  0.35433 -0.64063 39.27000  9.57206 31.82324 61.83901
0796   15.92150  0.02191  0.40945 -0.64063 39.85905 10.89743 28.20764 62.20931
0797   15.94069  0.01916  0.41732 -0.64063 40.34993 12.07552 25.44488 61.25448
0798   15.96178  0.02108  0.42520 -0.64063 40.79171 13.40089 21.18018 60.38417
0799   15.98107  0.01928  0.42520 -0.64063 41.13533 14.52990 17.57418 59.48522
0800   15.99874  0.01766  0.42520 -0.64063 41.33168 15.56074 15.17041 59.07573
0801   16.01972  0.02097  0.42520 -0.63281 41.57711 16.78793 12.65610 57.04466
0802   16.03870  0.01897  0.42520 -0.63281 41.67529 17.81876 10.60454 54.99599
0803   16.05920  0.02049  0.42520 -0.63281 41.67529 18.94778 10.60454 53.47659
0804   16.07883  0.01961  0.42520 -0.63281 41.62620 19.97861 10.60454 52.53821
0805   16.09940  0.02056  0.42520 -0.63281 41.62620 21.05854 10.60454 51.61183
0806   16.11862  0.01921  0.42520 -0.63281 41.62620 22.04029 10.60454 50.63307
0807   16.14180  0.02316  0.41732 -0.63281 41.62620 23.16930 10.60454 48.21742
0808   16.15941  0.01760  0.40945 -0.63281 41.62620 24.00379 10.60454 47.58685
0809   16.18109  0.02167  0.38583 -0.63281 41.62620 25.03463 10.60454 45.93907
0810   16.19931  0.01821  0.36220 -0.63281 41.62620 25.82003  0.00000 44.64367
0811   16.22249  0.02317  0.31496 -0.62500 41.62620 26.85086  0.00000 43.83771
0812   16.24249  0.01999  0.19685 -0.61719 41.62620 27.73444  0.00000 43.40301
0813   16.26006  0.01756  0.09449 -0.61719 41.62620 28.47075  0.00000 43.06318
0814   16.28171  0.02164  0.03150 -0.60938 41.72438 29.40341  0.00000 40.29759
0815   16.30033  0.01861  0.01575 -0.60938 41.87164 30.13973  7.54164 39.02492
0816   16.32212  0.02177  0.03150 -0.60938 42.06799 30.97421  8.36999 39.22262
0817   16.34106  0.01894  0.02362 -0.60938 42.21525 31.66144  8.05935 37.55623
0818   16.35869  0.01762  0.02362 -0.60938 42.36251 32.39775  8.04277 40.78187
0819   16.38086  0.02216  0.02362 -0.61719 42.50978 33.28133  7.70601 40.61433
0820   16.40058  0.01971  0.02362 -0.62500 42.65704 34.06673  7.76186 40.71286
0821   16.42010  0.01951  0.03150 -0.62500 42.85339 34.90121  8.15823 41.70632
0822   16.44067  0.02056  0.03150 -0.62500 43.00065 35.78479  8.00940 42.86070
0823   16.45935  0.01867  0.03150 -0.62500 43.09883 36.61928  7.64989 45.22089
0824   16.48263  0.02327  0.03150 -0.63281 43.24609 37.65011  6.93386 44.99003
0825   16.49965  0.01701  0.03150 -0.63281 43.34426 38.43551  6.56283 45.93864
0826   16.52112  0.02145  0.03150 -0.64063 43.54061 39.41726  6.74985 46.39409
0827   16.54074  0.01962  0.03150 -0.64063 43.78605 40.34993  9.16116 46.53726
0828   16.56074  0.01999  0.02362 -0.64063 44.08057 41.28259 14.24790 47.22359
0829   16.58138  0.02063  0.01575 -0.64063 44.47328 42.21525 17.29682 46.13140
0830   16.60020  0.01880  0.00000 -0.64063 44.81689 43.09883 18.26535 46.21457
0831   16.62128  0.02108 -0.05469 -0.64063 45.20959 44.08057 18.36097 45.86010
0832   16.64163  0.02033 -0.10938 -0.64063 45.55320 45.06233 17.12173 48.71749
0833   16.66121  0.01957 -0.19531 -0.63281 45.84773 45.99499 16.96762 47.52787
0834   16.68228  0.02105 -0.21875 -0.62500 46.24043 47.02583 17.54999 48.74603
0835   16.70170  0.01941 -0.25000 -0.59375 46.63313 47.95849 18.76473 49.01006
0836   16.72196  0.02025 -0.28125 -0.58594 47.17309 48.94024 27.00075 47.63303
0837   16.74210  0.02013 -0.33594 -0.55469 47.56579 49.87290 21.30363 47.31052
0838   16.76324  0.02113 -0.38281 -0.54688 48.00757 50.90374 20.50135 46.60420
0839   16.78187  0.01862 -0.43750 -0.52344 48.44936 51.78731 23.19107 48.27764
0840   16.80187  0.01999 -0.45313 -0.51563 48.94024 52.76906 25.02409 49.39126
0841   16.82237  0.02049 -0.48438 -0.50781 49.48020 53.79990 26.99682 49.35798
0842   16.84096  0.01858 -0.48438 -0.50000 50.06925 54.73256 30.32648 49.85249
0843   16.86124  0.02027 -0.48438 -0.50781 50.70739 55.71431 32.66196 49.83857
0844   16.87992  0.01866 -0.47656 -0.50781 51.34553 56.64698 34.62975 49.34905
0845   16.89904  0.01911 -0.47656 -0.50781 52.08184 57.62872 37.71624 52.15444
0846   16.91967  0.02062 -0.47656 -0.50781 52.86724 58.70865 38.50770 51.63790
0847   16.94078  0.02110 -0.47656 -0.50000 53.70172 59.78858 39.89491 52.68680
0848   16.95966  0.01887 -0.47656 -0.49219 54.53621 60.77033 43.41894 51.93675
0849   16.97961  0.01994 -0.47656 -0.49219 55.37070 61.80116 42.93004 52.73179
0850   17.00275  0.02313 -0.46875 -0.47656 56.40154 63.02835 45.14893 52.01848
0851   17.02222  0.01945 -0.45313 -0.44531 57.28511 64.05919 45.73597 52.44111
0852   17.04124  0.01901 -0.45313 -0.40625 58.16869 65.04094 45.41333 52.22324
0853   17.06085  0.01960 -0.45313 -0.36719 59.10135 66.02269 47.08904 50.51168
0854   17.08134  0.02048 -0.45313 -0.30469 60.03401 67.05353 46.51234 49.58834
0855   17.09974  0.01786 -0.45313 -0.29688 60.91759 67.93710 47.45482 48.55365
0856   17.12038  0.02063 -0.45313 -0.25781 61.94843 68.91885 48.42003 46.62079
0857   17.13971  0.01932 -0.45313 -0.21875 62.88109 69.80243 49.06150 46.79613
0858   17.16224  0.02251 -0.44531 -0.16406 64.01010 70.88235 49.78978 47.67837
0859   17.18085  0.01860 -0.44531 -0.14063 64.94276 71.76593 50.81995 47.59654
0860   17.20137  0.02050 -0.41406 -0.10938 65.97360 72.69859 50.79024 45.79015
0861   17.22101  0.01963 -0.39844 -0.06250 67.00444 73.63125 53.28908 45.63414
0862   17.24154  0.02052 -0.35938 -0.04688 68.08436 74.51483 52.47531 44.26744
0863   17.26220  0.02064 -0.32031 -0.01563 69.16429 75.39840 51.29766 42.34437
0864   17.28087  0.01866 -0.26563  0.00000 70.14604 76.23289 50.51765 44.60047
0865   17.30122  0.02034 -0.19531  0.01575 71.07870 77.11646 47.07504 42.99284
0866   17.32060  0.01936 -0.11719  0.01575 72.01136 77.95095 46.24156 43.01846
0867   17.34072  0.02011  0.01575  0.01575 72.89494 78.78544 43.63818 42.38002
0868   17.36097  0.02024  0.02362  0.01575 73.72942 79.61993 40.39492 40.57288
0869   17.38125  0.02027  0.03150  0.01575 74.56391 80.45441 42.56320 41.25953
0870   17.40004  0.01878  0.02362  0.01575 75.34931 81.23981 41.70667 41.40379
0871   17.41959  0.01954  0.02362  0.01575 76.13471 82.07430 41.98796 40.67457
0872   17.43931  0.01971  0.02362  0.01575 76.96920 82.85970 41.19548 40.13122
0873   17.45937  0.02005  0.02362  0.01575 77.80369 83.64510 40.03074 40.04756
0874   17.47917  0.01979  0.02362  0.01575 78.54000 84.38141 39.38342 39.14567
0875   17.49850  0.01932  0.02362  0.01575 79.32540 85.16681 38.70003 38.69911
0876   17.51908  0.02057  0.02362  0.01575 80.06171 85.95221 36.59628 37.55968
0877   17.53859  0.01937  0.02362  0.01575 80.74894 86.63944 35.87743 36.09163
0878   17.56003  0.02143  0.02362  0.01575 81.53434 87.42484 35.25856 35.28720
0879   17.58009  0.02005  0.02362  0.01575 82.22156 88.11206 34.91697 34.81963
0880   17.59863  0.01853  0.02362  0.01575 82.85970 88.75020 33.71024 34.35960
0881   17.61857  0.01993  0.02362  0.01575 83.49784 89.38834 33.41729 33.18248
0882   17.63987  0.02129  0.02362  0.01575 84.23415 90.07556 33.04365 32.27593
0883   17.65933  0.01945  0.02362  0.01575 84.82320 90.71370 31.98445 31.96571
0884   17.67875  0.01942  0.02362  0.01575 85.46134 91.35184 31.39300 31.40213
0885   17.69902  0.02026  0.02362  0.01575 86.05039 91.94089 30.15916 30.73799
0886   17.71905  0.02001  0.02362  0.01575 86.63944 92.52994 29.54773 28.79826
0887   17.74014  0.02108  0.02362  0.01575 87.22849 93.11899 28.45454 28.73984
0888   17.76019  0.02004  0.02362  0.01575 87.81754 93.70804 27.74551 27.85992
0889   17.77897  0.01877  0.02362  0.01575 88.30841 94.19891 26.91688 27.10534
0890   17.79939  0.02041  0.02362  0.01575 88.84838 94.73888 26.10954 25.02243
0891   17.81847  0.01906  0.02362  0.01575 89.33925 95.18066 25.30864 25.34844
0892   17.83938  0.02090  0.02362  0.01575 89.83013 95.72063 24.14963 24.55019
0893   17.85913  0.01974  0.02362  0.01575 90.27191 96.16241 23.42889 23.93222
0894   17.87840  0.01926  0.02362  0.01575 90.71370 96.65329 22.65223 23.19135
0895   17.89861  0.02020  0.02362  0.01575 91.15549 97.09508 22.16210 22.16590
0896   17.91937  0.02075  0.02362  0.01575 91.64636 97.53686 21.78592 21.60009
0897   17.93851  0.01913  0.02362  0.01575 92.03906 97.92956 21.19225 20.68031
0898   17.95924  0.02072  0.02362  0.01575 92.43176 98.32226 20.15260 19.83706
0899   17.98063  0.02138  0.02362  0.01575 92.82446 98.71496 18.90904 19.14665
0900   18.00153  0.02089  0.02362  0.01575 93.21716 99.10766 18.34920 18.55485
0901   18.02062  0.01908  0.02362  0.01575 93.56077 99.45128 17.09365 17.61135
0902   18.04070  0.02007  0.02362  0.01575 93.85530 99.74580 16.33623 16.43916
0903   18.05922  0.01851  0.02362  0.01575 94.14982 100.04033 15.67119 15.75951
0904   18.08083  0.02160  0.02362  0.01575 94.49344 100.38394 14.94263 15.18637
0905   18.10151  0.02067  0.02362  0.02362 94.78796 100.67846 14.38137 14.56026
0906   18.12072  0.01920  0.02362  0.01575 95.03340 100.92390 13.91310 14.22397
0907   18.13946  0.01873  0.02362  0.01575 95.27884 101.16934 13.64256 13.78256
0908   18.15944  0.01997  0.02362  0.01575 95.52428 101.46386 12.96990 12.93720
0909   18.17885  0.01940  0.02362  0.01575 95.76971 101.66021 12.18651 12.30973
0910   18.19915  0.02029  0.02362  0.01575 95.96606 101.90565 11.42484 11.38965
0911   18.21907  0.01991  0.02362  0.01575 96.16241 102.10200 10.46571 10.58031
0912   18.23974  0.02065  0.02362  0.01575 96.35876 102.24926  9.63187  9.84242
0913   18.25990  0.02015  0.02362  0.01575 96.50603 102.44561  8.82460  8.81833
0914   18.28062  0.02070  0.02362  0.01575 96.65329 102.59287  8.11016  8.06573
0915   18.30132  0.02069  0.02362  0.01575 96.80055 102.69105  7.42089  7.56264
0916   18.32017  0.01884  0.02362  0.01575 96.89873 102.83831  6.94256  6.84261
0917   18.34015  0.01997  0.02362  0.01575 96.99690 102.93649  6.44091  6.33724
0918   18.35995  0.01979  0.02362  0.01575 97.09508 103.03466  5.95270  5.82138
0919   18.37968  0.01972  0.02362  0.01575 97.19325 103.13284  5.34065  5.26741
0920   18.40059  0.02084  0.02362  0.01575 97.24234 103.18192  4.99532  4.94693
0921   18.42025  0.01965  0.02362  0.01575 97.29143 103.23101  4.62356  4.52834
0922   18.44001  0.01975  0.02362  0.01575 97.34051 103.28010  4.04223  3.98567
0923   18.45868  0.01865  0.02362  0.01575 97.34051 103.28010  4.04223  3.98567
0924   18.47908  0.02039  0.02362  0.01575 97.34051 103.28010  4.04223  3.98567
0925   18.50038  0.02129  0.02362  0.01575 97.34051 103.28010  4.04223  3.98567
0926   18.51843  0.01804  0.02362  0.01575 97.34051 103.28010  4.04223  3.98567
0927   18.53854  0.02010  0.02362  0.01575 97.34051 103.28010  4.04223  3.98567
0928   18.55882  0.02026  0.02362  0.01575 97.34051 103.28010  4.04223  3.98567
0929   18.57940  0.02057  0.02362  0.01575 97.34051 103.28010  4.04223  3.98567
0930   18.60029  0.02088  0.02362  0.02362 97.34051 103.28010  0.00000  0.00000
0931   18.62121  0.02091  0.02362  0.01575 97.34051 103.28010  0.00000  0.00000
0932   18.64149  0.02016  0.02362  0.01575 97.34051 103.23101  0.00000  0.00000
0933   18.65885  0.01734  0.02362  0.01575 97.34051 103.23101  0.00000  0.00000
0934   18.67844  0.01958  0.02362  0.01575 97.29143 103.18192  0.00000  0.00000
0935   18.69884  0.02038  0.02362  0.01575 97.29143 103.18192  0.00000  0.00000
0936   18.71843  0.01958  0.02362  0.01575 97.29143 103.18192  0.00000  0.00000
0937   18.73837  0.01993  0.02362  0.01575 97.29143 103.18192  0.00000  0.00000
0938   18.75942  0.02103  0.02362  0.01575 97.29143 103.18192  0.00000  0.00000
0939   18.77842  0.01899  0.02362  0.01575 97.29143 103.18192  0.00000  0.00000
0940   18.79927  0.02084  0.02362  0.01575 97.29143 103.18192  0.00000  0.00000
0941   18.82020  0.02092  0.02362  0.01575 97.29143 103.18192  0.00000  0.00000
0942   18.84129  0.02108  0.02362  0.01575 97.29143 103.18192  0.00000  0.00000
0943   18.86483  0.02351  0.02362  0.01575 97.29143 103.18192  0.00000  0.00000
0944   18.88252  0.01767  0.02362  0.01575 97.29143 103.18192  0.00000  0.00000
0945   18.89980  0.01727  0.02362  0.01575 97.29143 103.18192  0.00000  0.00000
0946   18.92009  0.02028  0.02362  0.01575 97.29143 103.18192  0.00000  0.00000
0947   18.93961  0.01951  0.02362  0.01575 97.29143 103.18192  0.00000  0.00000
0948   18.95939  0.01977  0.02362  0.01575 97.29143 103.18192  0.00000  0.00000
0949   18.97982  0.02042  0.02362  0.01575 97.29143 103.18192  0.00000  0.00000
0950   18.99976  0.01994  0.02362  0.01575 97.29143 103.18192  0.00000  0.00000
0951   19.01890  0.01913  0.02362  0.01575 97.29143 103.18192  0.00000  0.00000
0952   19.03905  0.02014  0.02362  0.01575 97.29143 103.18192  0.00000  0.00000
0953   19.05843  0.01937  0.02362  0.01575 97.29143 103.18192  0.00000  0.00000
0954   19.07885  0.02041  0.02362  0.01575 97.29143 103.18192  0.00000  0.00000
0955   19.09958  0.02072  0.02362  0.02362 97.29143 103.18192  0.00000  0.00000
0956   19.12012  0.02053  0.02362  0.01575 97.29143 103.18192  0.00000  0.00000
0957   19.13979  0.01966  0.02362  0.01575 97.29143 103.18192  0.00000  0.00000
0958   19.15983  0.01993  0.02362  0.01575 97.29143 103.18192  0.00000  0.00000
0959   19.17910  0.01926  0.02362  0.01575 97.29143 103.18192  0.00000  0.00000
0960   19.19919  0.02008  0.02362  0.01575 97.29143 103.18192  0.00000  0.00000
0961   19.21833  0.01912  0.02362  0.01575 97.29143 103.18192  0.00000  0.00000
0962   19.23911  0.02071  0.02362  0.01575 97.29143 103.18192  0.00000  0.00000
0963   19.25958  0.02046  0.02362  0.01575 97.29143 103.18192  0.00000  0.00000
0964   19.27896  0.01936  0.02362  0.01575 97.29143 103.18192  0.00000  0.00000
0965   19.29854  0.01957  0.02362  0.01575 97.29143 103.18192  0.00000  0.00000
0966   19.31947  0.02092  0.02362  0.01575 97.29143 103.18192  0.00000  0.00000
0967   19.33844  0.01896  0.02362  0.01575 97.29143 103.18192  0.00000  0.00000
0968   19.36037  0.02192  0.02362  0.01575 97.29143 103.18192  0.00000  0.00000
0969   19.37952  0.01913  0.02362  0.01575 97.29143 103.18192  0.00000  0.00000
0970   19.39933  0.01981  0.02362  0.01575 97.29143 103.18192  0.00000  0.00000
0971   19.41864  0.01930  0.02362  0.01575 97.29143 103.18192  0.00000  0.00000
0972   19.43903  0.02037  0.02362  0.01575 97.29143 103.18192  0.00000  0.00000
0973   19.45915  0.02011  0.02362  0.01575 97.29143 103.18192  0.00000  0.00000
0974   19.47995  0.02079  0.02362  0.01575 97.29143 103.18192  0.00000  0.00000
0975   19.49836  0.01840  0.02362  0.01575 97.29143 103.18192  0.00000  0.00000
0976   19.51843  0.02006  0.02362  0.01575 97.29143 103.18192  0.00000  0.00000
0977   19.54019  0.02175  0.02362  0.01575 97.29143 103.18192  0.00000  0.00000
0978   19.55915  0.01895  0.02362  0.01575 97.29143 103.18192  0.00000  0.00000
0979   19.57910  0.01994  0.02362  0.01575 97.29143 103.18192  0.00000  0.00000
0980   19.59961  0.02050  0.02362  0.01575 97.29143 103.18192  0.00000  0.00000
0981   19.61873  0.01911  0.02362  0.01575 97.29143 103.18192  0.00000  0.00000
0982   19.63861  0.01987  0.02362  0.01575 97.29143 103.18192  0.00000  0.00000
0983   19.65869  0.02007  0.02362  0.01575 97.29143 103.18192  0.00000  0.00000
0984   19.67886  0.02016  0.02362  0.01575 97.29143 103.18192  0.00000  0.00000
0985   19.69866  0.01979  0.02362  0.01575 97.29143 103.18192  0.00000  0.00000
0986   19.71887  0.02020  0.02362  0.01575 97.29143 103.18192  0.00000  0.00000
0987   19.73982  0.02094  0.02362  0.01575 97.29143 103.18192  0.00000  0.00000
0988   19.75897  0.01914  0.02362  0.01575 97.29143 103.18192  0.00000  0.00000
0989   19.77929  0.02031  0.02362  0.01575 97.29143 103.18192  0.00000  0.00000
0990   19.79980  0.02049  0.02362  0.01575 97.29143 103.18192  0.00000  0.00000
0991   19.81848  0.01867  0.02362  0.01575 97.29143 103.18192  0.00000  0.00000
0992   19.83934  0.02085  0.02362  0.01575 97.29143 103.18192  0.00000  0.00000
0993   19.85957  0.02022  0.02362  0.01575 97.29143 103.18192  0.00000  0.00000
0994   19.87888  0.01930  0.02362  0.01575 97.29143 103.18192  0.00000  0.00000
0995   19.89848  0.01959  0.02362  0.01575 97.29143 103.18192  0.00000  0.00000
0996   19.91888  0.02039  0.02362  0.01575 97.29143 103.18192  0.00000  0.00000
0997   19.93918  0.02029  0.02362  0.01575 97.29143 103.18192  0.00000  0.00000
0998   19.95889  0.01970  0.02362  0.01575 97.29143 103.18192  0.00000  0.00000
0999   19.98019  0.02129  0.02362  0.01575 97.29143 103.18192  0.00000  0.00000
1000   19.99889  0.01868  0.02362  0.01575 97.29143 103.18192  0.00000  0.00000
1001   20.01985  0.02095  0.02362  0.01575 97.29143 103.18192  0.00000  0.00000
1002   20.03999  0.02014  0.02362  0.01575 97.29143 103.18192  0.00000  0.00000
1003   20.05853  0.01852  0.02362  0.01575 97.29143 103.18192  0.00000  0.00000
1004   20.07893  0.02038  0.02362  0.01575 97.29143 103.18192  0.00000  0.00000
1005   20.09865  0.01971  0.02362  0.01575 97.29143 103.18192  0.00000  0.00000
1006   20.11942  0.02076  0.02362  0.01575 97.29143 103.18192  0.00000  0.00000
1007   20.13881  0.01938  0.02362  0.01575 97.29143 103.18192  0.00000  0.00000
1008   20.15899  0.02017  0.02362  0.01575 97.29143 103.18192  0.00000  0.00000
1009   20.17917  0.02017  0.02362  0.01575 97.29143 103.18192  0.00000  0.00000
1010   20.19864  0.01946  0.02362  0.01575 97.29143 103.18192  0.00000  0.00000
1011   20.21863  0.01998  0.02362  0.01575 97.29143 103.18192  0.00000  0.00000
1012   20.24017  0.02154  0.02362  0.01575 97.29143 103.18192  0.00000  0.00000
1013   20.25914  0.01895  0.02362  0.01575 97.29143 103.18192  0.00000  0.00000
1014   20.27866  0.01951  0.02362  0.01575 97.29143 103.18192  0.00000  0.00000
1015   20.29989  0.02121  0.02362  0.01575 97.29143 103.18192  0.00000  0.00000
1016   20.31916  0.01926  0.02362  0.01575 97.29143 103.18192  0.00000  0.00000
1017   20.33854  0.01937  0.02362  0.01575 97.29143 103.18192  0.00000  0.00000
1018   20.35844  0.01989  0.02362  0.01575 97.29143 103.18192  0.00000  0.00000
1019   20.37951  0.02107  0.02362  0.01575 97.29143 103.18192  0.00000  0.00000
1020   20.40002  0.02049  0.02362  0.01575 97.29143 103.18192  0.00000  0.00000
1021   20.41997  0.01995  0.02362  0.01575 97.29143 103.18192  0.00000  0.00000
1022   20.43958  0.01960  0.02362  0.01575 97.29143 103.18192  0.00000  0.00000
1023   20.45842  0.01882  0.02362  0.01575 97.29143 103.18192  0.00000  0.00000
1024   20.47954  0.02111  0.02362  0.01575 97.29143 103.18192  0.00000  0.00000
1025   20.49846  0.01891  0.02362  0.01575 97.29143 103.18192  0.00000  0.00000
1026   20.51844  0.01997  0.02362  0.01575 97.29143 103.18192  0.00000  0.00000
1027   20.53973  0.02128  0.02362  0.01575 97.29143 103.18192  0.00000  0.00000
1028   20.55851  0.01877  0.02362  0.01575 97.29143 103.18192  0.00000  0.00000
1029   20.57885  0.02032  0.02362  0.01575 97.29143 103.18192  0.00000  0.00000
1030   20.59838  0.01952  0.02362  0.01575 97.29143 103.18192  0.00000  0.00000
1031   20.61961  0.02122  0.02362  0.01575 97.29143 103.18192  0.00000  0.00000
1032   20.63851  0.01889  0.02362  0.01575 97.29143 103.18192  0.00000  0.00000
1033   20.65956  0.02104  0.02362  0.01575 97.29143 103.18192  0.00000  0.00000
1034   20.67895  0.01938  0.02362  0.01575 97.29143 103.18192  0.00000  0.00000
1035   20.69972  0.02076  0.02362  0.01575 97.29143 103.18192  0.00000  0.00000
1036   20.71886  0.01912  0.02362  0.01575 97.29143 103.18192  0.00000  0.00000
1037   20.73979  0.02092  0.02362  0.01575 97.29143 103.18192  0.00000  0.00000
1038   20.75864  0.01884  0.02362  0.01575 97.29143 103.18192  0.00000  0.00000
1039   20.77907  0.02041  0.02362  0.01575 97.29143 103.18192  0.00000  0.00000
1040   20.79838  0.01930  0.02362  0.01575 97.29143 103.18192  0.00000  0.00000
1041   20.81873  0.02029  0.02362  0.01575 97.29143 103.18192  0.00000  0.00000
1042   20.83900  0.02026  0.02362  0.01575 97.29143 103.18192  0.00000  0.00000
1043   20.85957  0.02055  0.02362  0.01575 97.29143 103.18192  0.00000  0.00000
1044   20.87896  0.01938  0.02362  0.01575 97.29143 103.18192  0.00000  0.00000
1045   20.89839  0.01942  0.02362  0.01575 97.29143 103.18192  0.00000  0.00000
1046   20.91849  0.02009  0.02362  0.01575 97.29143 103.18192  0.00000  0.00000
1047   20.93839  0.01989  0.02362  0.01575 97.29143 103.18192  0.00000  0.00000
1048   20.95898  0.02058  0.02362  0.01575 97.29143 103.18192  0.00000  0.00000
1049   20.97911  0.02012  0.02362  0.01575 97.29143 103.18192  0.00000  0.00000
9999 9999.00000 9999.00000 999.00000 999.00000 9999.00000 9999.00000 999.00000 999.00000
