DT    0.00013  0.02362  0.00787 0
DT    0.01984  0.02362  0.00787 0
DT    0.04044  0.02362  0.00787 0
DT    0.05976  0.02362  0.00787 0
DT    0.08016  0.02362  0.00787 0
DT    0.10037  0.02362  0.00787 0
DT    0.12129  0.02362  0.00000 0
DT    0.14230  0.02362 -0.00781 0
DT    0.16175  0.02362 -0.08594 0
DT    0.18176  0.02362 -0.13281 0
DT    0.20214  0.02362 -0.17188 0
DT    0.22252  0.02362 -0.21094 0
DT    0.23972  0.02362 -0.21094 0
DT    0.26003  0.02362 -0.21094 0
DT    0.28165  0.02362 -0.19531 0
DT    0.30120  0.02362 -0.14844 0
DT    0.32151  0.02362 -0.10938 0
DT    0.34109  0.02362 -0.01563 0
DT    0.36224  0.03150  0.00787 0
DT    0.38198  0.02362  0.00787 0
DT    0.40107  0.03150  0.00787 0
DT    0.42115  0.02362  0.00787 0
DT    0.43971  0.02362  0.00787 0
DT    0.45998  0.02362  0.00787 0
DT    0.48216  0.02362  0.00000 0
DT    0.50111  0.02362  0.00787 0
DT    0.52140  0.02362 -0.00781 0
DT    0.54180  0.02362 -0.11719 0
DT    0.56155  0.02362 -0.17188 0
DT    0.58196  0.02362 -0.24219 0
DT    0.60241  0.02362 -0.29688 0
DT    0.62140  0.02362 -0.35938 0
DT    0.64059  0.02362 -0.39844 0
DT    0.66188  0.02362 -0.42188 0
DT    0.68092  0.02362 -0.43750 0
DT    0.70108  0.02362 -0.44531 0
DT    0.72284  0.00787 -0.46094 0
DT    0.74134  0.00787 -0.46875 0
DT    0.76362 -0.02344 -0.47656 0
DT    0.78312 -0.05469 -0.49219 0
DT    0.80235 -0.10156 -0.50781 0
DT    0.82369 -0.14063 -0.51563 0
DT    0.84271 -0.21094 -0.52344 0
DT    0.86166 -0.24219 -0.52344 0
DT    0.88280 -0.28125 -0.52344 0
DT    0.90167 -0.32813 -0.52344 0
DT    0.92259 -0.35156 -0.52344 0
DT    0.94224 -0.38281 -0.52344 0
DT    0.96217 -0.39063 -0.52344 0
DT    0.98309 -0.40625 -0.52344 0
DT    1.00207 -0.41406 -0.52344 0
DT    1.02061 -0.42188 -0.52344 0
DT    1.04167 -0.43750 -0.52344 0
DT    1.06144 -0.46094 -0.52344 0
DT    1.08383 -0.47656 -0.53125 0
DT    1.10146 -0.49219 -0.53125 0
DT    1.12137 -0.50781 -0.53125 0
DT    1.14270 -0.52344 -0.53906 0
DT    1.16163 -0.52344 -0.54688 0
DT    1.18152 -0.52344 -0.55469 0
DT    1.20182 -0.52344 -0.56250 0
DT    1.22167 -0.52344 -0.57813 0
DT    1.24212 -0.51563 -0.59375 0
DT    1.26363 -0.50781 -0.60156 0
DT    1.28151 -0.48438 -0.60156 0
DT    1.30291 -0.46875 -0.60938 0
DT    1.32197 -0.44531 -0.60938 0
DT    1.34216 -0.43750 -0.61719 0
DT    1.36232 -0.42188 -0.61719 0
DT    1.38113 -0.42188 -0.61719 0
DT    1.40333 -0.39844 -0.62500 0
DT    1.42026 -0.39844 -0.62500 0
DT    1.44354 -0.36719 -0.61719 0
DT    1.46332 -0.35156 -0.62500 0
DT    1.48253 -0.33594 -0.62500 0
DT    1.50109 -0.30469 -0.62500 0
DT    1.52175 -0.28125 -0.63281 0
DT    1.54219 -0.25781 -0.63281 0
DT    1.56288 -0.21094 -0.64063 0
DT    1.58324 -0.15625 -0.64844 0
DT    1.60188 -0.05469 -0.65625 0
DT    1.62270 -0.01563 -0.64844 0
DT    1.64373  0.00787 -0.65625 0
DT    1.66065  0.00787 -0.65625 0
DT    1.68173  0.01575 -0.65625 0
DT    1.70267  0.01575 -0.66406 0
DT    1.71975  0.01575 -0.66406 0
DT    1.73972  0.01575 -0.66406 0
DT    1.75992  0.01575 -0.66406 0
DT    1.77987  0.01575 -0.66406 0
DT    1.80298  0.00787 -0.65625 0
DT    1.82168  0.00787 -0.66406 0
DT    1.84075  0.00787 -0.65625 0
DT    1.86134  0.00787 -0.66406 0
DT    1.88075  0.00787 -0.66406 0
DT    1.89978  0.00787 -0.66406 0
DT    1.92022  0.00787 -0.66406 0
DT    1.94121  0.00787 -0.65625 0
DT    1.96117  0.00787 -0.66406 0
DT    1.98057  0.00787 -0.66406 0
DT    2.00060  0.00787 -0.66406 0
DT    2.01968  0.00787 -0.66406 0
DT    2.04050  0.00787 -0.66406 0
DT    2.06175  0.00000 -0.66406 0
DT    2.07980  0.00000 -0.66406 0
DT    2.10098  0.00000 -0.65625 0
DT    2.11967  0.00000 -0.65625 0
DT    2.14325  0.00787 -0.66406 0
DT    2.15999  0.00787 -0.66406 0
DT    2.18324  0.00000 -0.65625 0
DT    2.19994  0.00000 -0.65625 0
DT    2.22159  0.00000 -0.64844 0
DT    2.24036  0.00000 -0.64844 0
DT    2.26393 -0.03125 -0.64063 0
DT    2.28246 -0.03906 -0.64063 0
DT    2.30382 -0.09375 -0.61719 0
DT    2.32354 -0.14063 -0.58594 0
DT    2.34322 -0.21875 -0.53125 0
DT    2.36271 -0.27344 -0.50781 0
DT    2.38379 -0.34375 -0.42969 0
DT    2.40287 -0.45313 -0.33594 0
DT    2.42354 -0.52344 -0.27344 0
DT    2.44389 -0.60938 -0.17188 0
DT    2.46258 -0.66406 -0.11719 0
DT    2.48339 -0.72656  0.00000 0
DT    2.50278 -0.76563  0.01575 0
DT    2.52394 -0.82031  0.02362 0
DT    2.54209 -0.83594  0.02362 0
DT    2.56300 -0.87500  0.03150 0
DT    2.58286 -0.89844  0.04724 0
DT    2.60056 -0.89844  0.04724 0
DT    2.62260 -0.92188  0.08661 0
DT    2.64185 -0.92969  0.11024 0
DT    2.66237 -0.94531  0.15748 0
DT    2.68288 -0.95313  0.18110 0
DT    2.70168 -0.95313  0.21260 0
DT    2.72271 -0.94531  0.22047 0
DT    2.74329 -0.93750  0.24409 0
DT    2.76328 -0.90625  0.27559 0
DT    2.78328 -0.89063  0.29134 0
DT    2.80245 -0.87500  0.30709 0
DT    2.82309 -0.86719  0.31496 0
DT    2.84281 -0.84375  0.34646 0
DT    2.86267 -0.83594  0.37795 0
DT    2.88383 -0.82031  0.44882 0
DT    2.90374 -0.78906  0.48031 0
DT    2.92386 -0.74219  0.53543 0
DT    2.94337 -0.71094  0.59055 0
DT    2.96270 -0.65625  0.61417 0
DT    2.98248 -0.60938  0.61417 0
DT    3.00374 -0.52344  0.60630 0
DT    3.02234 -0.45313  0.60630 0
DT    3.05621 -0.34375  0.53543 0
DT    3.06828 -0.27344  0.44882 0
DT    3.10347 -0.14844  0.27559 0
DT    3.11095 -0.14844  0.27559 0
DT    3.12473 -0.03125  0.14173 0
DT    3.14538  0.00787  0.02362 0
DT    3.16418  0.01575 -0.03125 0
DT    3.18228  0.01575  0.02362 0
DT    3.20210  0.01575  0.00000 0
DT    3.22046  0.01575  0.00000 0
DT    3.24120  0.01575 -0.07031 0
DT    3.26165  0.01575 -0.10938 0
DT    3.28187  0.01575 -0.17969 0
DT    3.30141  0.01575 -0.25000 0
DT    3.32349  0.01575 -0.30469 0
DT    3.34149  0.01575 -0.32031 0
DT    3.36259  0.01575 -0.38281 0
DT    3.38388  0.00787 -0.44531 0
DT    3.40364  0.00000 -0.46094 0
DT    3.42386 -0.03125 -0.49219 0
DT    3.44331 -0.05469 -0.50000 0
DT    3.46177 -0.08594 -0.50000 0
DT    3.48265 -0.10156 -0.50000 0
DT    3.50221 -0.13281 -0.50000 0
DT    3.52422 -0.15625 -0.48438 0
DT    3.54426 -0.17188 -0.46094 0
DT    3.56450 -0.18750 -0.43750 0
DT    3.58336 -0.19531 -0.42188 0
DT    3.60265 -0.19531 -0.40625 0
DT    3.62284 -0.19531 -0.37500 0
DT    3.64195 -0.19531 -0.33594 0
CS    3.65977 -1.00000  1.00000 1
DT    3.66321 -0.19531 -0.30469 0
DT    3.68209 -0.19531 -0.27344 0
DT    3.70298 -0.19531 -0.23438 0
DT    3.72328 -0.18750 -0.18750 0
DT    3.74392 -0.17969 -0.15625 0
DT    3.76346 -0.13281 -0.10938 0
DT    3.78446 -0.10156 -0.07031 0
DT    3.80286 -0.06250  0.00000 0
DT    3.82378 -0.03125  0.01575 0
DT    3.84336  0.00787  0.00787 0
DT    3.86208  0.01575  0.00787 0
DT    3.88209  0.01575  0.00000 0
DT    3.89967  0.01575  0.00000 0
DT    3.91783  0.01575  0.00000 0
DT    3.94029  0.01575  0.00000 0
DT    3.96027  0.01575  0.00000 0
DT    3.98044  0.01575  0.00000 0
DT    4.00065  0.01575  0.00000 0
DT    4.02011  0.01575  0.00000 0
DT    4.04127  0.01575  0.00000 0
DT    4.06002  0.01575  0.00000 0
DT    4.08052  0.01575  0.00787 0
DT    4.09863  0.02362  0.00787 0
CS    4.12007  0.00000  0.00000 0
DT    4.12423  0.03150  0.01575 0
DT    4.14160  0.03150  0.03150 0
DT    4.16209  0.03150  0.06299 0
DT    4.18450  0.03937  0.14173 0
DT    4.20367  0.07874  0.22835 0
DT    4.22409  0.15748  0.28346 0
DT    4.24268  0.25197  0.33071 0
DT    4.26489  0.30709  0.37008 0
DT    4.28358  0.39370  0.42520 0
DT    4.30452  0.42520  0.45669 0
DT    4.32443  0.45669  0.47244 0
DT    4.34267  0.47244  0.47244 0
DT    4.36055  0.47244  0.47244 0
DT    4.38279  0.50394  0.47244 0
DT    4.40222  0.51969  0.48819 0
DT    4.42013  0.51969  0.48819 0
DT    4.44300  0.52756  0.50394 0
DT    4.46018  0.52756  0.50394 0
DT    4.48213  0.52756  0.51181 0
DT    4.50222  0.52756  0.51969 0
DT    4.52159  0.52756  0.53543 0
DT    4.54224  0.52756  0.54331 0
DT    4.56377  0.51969  0.55906 0
DT    4.58160  0.52756  0.55906 0
DT    4.60380  0.51969  0.56693 0
DT    4.62021  0.51969  0.56693 0
DT    4.64152  0.51969  0.57480 0
DT    4.66211  0.51969  0.58268 0
DT    4.68027  0.51969  0.58268 0
DT    4.70186  0.51969  0.59055 0
DT    4.72228  0.51969  0.59843 0
FB    4.73736  0.00000  0.00000 1
DT    4.74118  0.51969  0.59843 0
DT    4.76063  0.51969  0.59843 0
DT    4.78373  0.51181  0.60630 0
DT    4.80196  0.51181  0.59843 0
DT    4.82381  0.50394  0.60630 0
DT    4.84417  0.48819  0.59843 0
DT    4.86239  0.48031  0.59843 0
DT    4.88308  0.47244  0.59843 0
DT    4.90148  0.47244  0.59843 0
DT    4.92220  0.45669  0.59843 0
DT    4.94231  0.43307  0.59843 0
DT    4.96256  0.41732  0.59843 0
DT    4.98349  0.39370  0.59843 0
DT    5.00268  0.36220  0.59843 0
DT    5.02239  0.31496  0.59843 0
DT    5.04274  0.28346  0.59843 0
DT    5.06301  0.22835  0.59843 0
DT    5.08218  0.18110  0.59843 0
DT    5.10241  0.14173  0.59843 0
DT    5.12229  0.09449  0.59843 0
DT    5.14174  0.03150  0.59843 0
DT    5.16183  0.01575  0.59843 0
DT    5.18202  0.03937  0.59843 0
DT    5.20168  0.01575  0.59843 0
DT    5.22227  0.00000  0.59843 0
DT    5.24187 -0.09375  0.59843 0
DT    5.26136 -0.14063  0.59843 0
DT    5.28185 -0.20313  0.59843 0
DT    5.30286 -0.25000  0.59055 0
DT    5.32192 -0.30469  0.59055 0
DT    5.34161 -0.36719  0.59055 0
DT    5.36188 -0.41406  0.58268 0
DT    5.38348 -0.45313  0.56693 0
DT    5.40321 -0.50000  0.55906 0
DT    5.42342 -0.54688  0.51969 0
DT    5.44302 -0.56250  0.51181 0
DT    5.46325 -0.57031  0.47244 0
DT    5.48505 -0.57813  0.46457 0
EL    5.48505 -0.07087  0.00000 0
DT    5.50395 -0.58594  0.44094 0
EL    5.50395 -0.15748  0.00000 0
DT    5.52323 -0.58594  0.42520 0
EL    5.52323 -0.34646  0.00000 0
DT    5.54281 -0.60156  0.39370 0
EL    5.54282 -0.53543  0.00000 0
DT    5.56468 -0.60938  0.38583 0
EL    5.56468 -0.61417  0.00000 0
DT    5.58350 -0.61719  0.36220 0
EL    5.58350 -0.65354  0.00000 0
DT    5.60502 -0.62500  0.33071 0
EL    5.60503 -0.55906  0.00000 0
DT    5.62330 -0.62500  0.28346 0
EL    5.62330 -0.29921  0.00000 0
DT    5.64243 -0.62500  0.22835 0
EL    5.64244 -0.07087  0.00000 0
DT    5.66492 -0.61719  0.14961 0
EL    5.66492  0.00000  0.00000 0
DT    5.68197 -0.61719  0.06299 0
DT    5.70377 -0.60938  0.00000 0
DT    5.72203 -0.57031  0.00000 0
DT    5.74330 -0.55469 -0.03125 0
CS    5.76062  1.00000 -1.00000 1
DT    5.76454 -0.50781 -0.13281 0
DT    5.78205 -0.49219 -0.16406 0
DT    5.80384 -0.47656 -0.22656 0
DT    5.82299 -0.46094 -0.26563 0
DT    5.83985 -0.46094 -0.26563 0
DT    5.86245 -0.44531 -0.33594 0
DT    5.88008 -0.44531 -0.33594 0
DT    5.90183 -0.44531 -0.35938 0
DT    5.92129 -0.44531 -0.39063 0
DT    5.94284 -0.43750 -0.41406 0
DT    5.96291 -0.42969 -0.43750 0
DT    5.98374 -0.42188 -0.44531 0
DT    6.00343 -0.40625 -0.45313 0
DT    6.02280 -0.38281 -0.46094 0
DT    6.04380 -0.35156 -0.47656 0
DT    6.06380 -0.32031 -0.48438 0
DT    6.08287 -0.28125 -0.50000 0
DT    6.10340 -0.25000 -0.50781 0
DT    6.12374 -0.22656 -0.51563 0
DT    6.14224 -0.18750 -0.53125 0
DT    6.16345 -0.17969 -0.53906 0
DT    6.18385 -0.14844 -0.54688 0
DT    6.20384 -0.13281 -0.55469 0
DT    6.22381 -0.12500 -0.57813 0
DT    6.24381 -0.11719 -0.58594 0
DT    6.26444 -0.10156 -0.59375 0
DT    6.28366 -0.08594 -0.60156 0
DT    6.30433 -0.05469 -0.61719 0
DT    6.32199 -0.03125 -0.61719 0
DT    6.34355  0.00787 -0.62500 0
DT    6.36338  0.02362 -0.63281 0
DT    6.38137  0.02362 -0.64063 0
DT    6.40033  0.02362 -0.64063 0
DT    6.42127  0.02362 -0.63281 0
DT    6.44203  0.02362 -0.64063 0
DT    6.46200  0.02362 -0.63281 0
DT    6.48068  0.02362 -0.63281 0
DT    6.50204  0.02362 -0.62500 0
DT    6.52159  0.02362 -0.60156 0
DT    6.54083  0.02362 -0.57813 0
DT    6.56231  0.02362 -0.54688 0
DT    6.58136  0.02362 -0.53125 0
DT    6.60364  0.01575 -0.50781 0
DT    6.62341  0.00787 -0.49219 0
DT    6.64335 -0.03906 -0.45313 0
DT    6.66317 -0.05469 -0.42969 0
DT    6.68330 -0.10156 -0.41406 0
DT    6.70342 -0.14063 -0.39844 0
DT    6.72383 -0.18750 -0.37500 0
DT    6.74304 -0.21875 -0.35938 0
DT    6.76118 -0.23438 -0.35938 0
DT    6.78004 -0.23438 -0.35938 0
DT    6.80134 -0.23438 -0.36719 0
DT    6.81998 -0.23438 -0.36719 0
DT    6.84039 -0.23438 -0.36719 0
DT    6.86301 -0.21875 -0.37500 0
DT    6.88364 -0.19531 -0.38281 0
DT    6.90390 -0.17969 -0.39063 0
DT    6.92074 -0.14063 -0.39063 0
DT    6.94305 -0.12500 -0.39844 0
DT    6.96252 -0.10156 -0.41406 0
DT    6.98273 -0.08594 -0.42188 0
DT    7.00358 -0.07031 -0.43750 0
DT    7.02295 -0.06250 -0.44531 0
DT    7.04357 -0.03125 -0.45313 0
DT    7.06377  0.00000 -0.44531 0
DT    7.08052  0.00000 -0.44531 0
DT    7.10115  0.01575 -0.44531 0
DT    7.12350  0.02362 -0.43750 0
DT    7.14379  0.03150 -0.39063 0
DT    7.16411  0.04724 -0.32813 0
DT    7.18331  0.03937 -0.30469 0
DT    7.19994  0.03937 -0.30469 0
DT    7.22161  0.03937 -0.24219 0
DT    7.24195  0.03937 -0.13281 0
DT    7.26137  0.03937 -0.02344 0
DT    7.28318  0.04724  0.00000 0
DT    7.30095  0.05512  0.00000 0
DT    7.32092  0.11024  0.00000 0
DT    7.34333  0.15748  0.00787 0
DT    7.36306  0.20472  0.04724 0
DT    7.38239  0.23622  0.08661 0
DT    7.40330  0.28346  0.13386 0
DT    7.42291  0.32283  0.14961 0
DT    7.44244  0.36220  0.19685 0
DT    7.46279  0.39370  0.22047 0
DT    7.48292  0.44094  0.26772 0
DT    7.50275  0.45669  0.28346 0
DT    7.52222  0.50394  0.29921 0
DT    7.54331  0.51969  0.30709 0
DT    7.56190  0.55118  0.30709 0
DT    7.58237  0.55906  0.30709 0
DT    7.60250  0.57480  0.31496 0
DT    7.62187  0.58268  0.31496 0
DT    7.64137  0.57480  0.31496 0
DT    7.66047  0.58268  0.31496 0
DT    7.68191  0.57480  0.31496 0
DT    7.70166  0.57480  0.32283 0
DT    7.72012  0.57480  0.32283 0
DT    7.74084  0.57480  0.32283 0
DT    7.76011  0.57480  0.32283 0
DT    7.78181  0.57480  0.33071 0
DT    7.80061  0.57480  0.33071 0
DT    7.82034  0.57480  0.33071 0
DT    7.84011  0.57480  0.33071 0
DT    7.85965  0.57480  0.33071 0
DT    7.87979  0.57480  0.33071 0
DT    7.89989  0.57480  0.33071 0
DT    7.91980  0.57480  0.33071 0
DT    7.93997  0.57480  0.33071 0
DT    7.96197  0.57480  0.32283 0
DT    7.97972  0.57480  0.32283 0
DT    8.00111  0.57480  0.31496 0
DT    8.02146  0.57480  0.29921 0
DT    8.04244  0.57480  0.28346 0
FB    8.05849  0.00000  0.00000 0
DT    8.06283  0.57480  0.25197 0
DT    8.08166  0.57480  0.22047 0
DT    8.10732  0.57480  0.19685 0
DT    8.13171  0.57480  0.18110 0
DT    8.14383  0.57480  0.11024 0
DT    8.16398  0.57480  0.11024 0
DT    8.18217  0.57480  0.00000 0
DT    8.20158  0.57480  0.00787 0
DT    8.22141  0.57480  0.00000 0
DT    8.24096  0.57480  0.00000 0
DT    8.26178  0.57480 -0.02344 0
DT    8.28173  0.57480 -0.07031 0
DT    8.30231  0.57480 -0.09375 0
DT    8.32138  0.57480 -0.13281 0
DT    8.34248  0.57480 -0.14063 0
DT    8.36160  0.57480 -0.16406 0
DT    8.38127  0.57480 -0.17188 0
CS    8.40002  0.00000  0.00000 0
DT    8.40430  0.56693 -0.19531 0
DT    8.42343  0.55906 -0.20313 0
DT    8.44274  0.54331 -0.21094 0
DT    8.46420  0.52756 -0.21875 0
DT    8.48325  0.50394 -0.22656 0
DT    8.50153  0.48031 -0.22656 0
DT    8.52361  0.45669 -0.24219 0
DT    8.54340  0.44094 -0.25000 0
DT    8.56255  0.41732 -0.27344 0
DT    8.58346  0.39370 -0.28125 0
DT    8.60338  0.35433 -0.29688 0
DT    8.62347  0.29921 -0.30469 0
DT    8.64286  0.24409 -0.32031 0
DT    8.66258  0.17323 -0.33594 0
DT    8.68362  0.07087 -0.34375 0
DT    8.70228  0.01575 -0.35156 0
DT    8.72275  0.00787 -0.35938 0
DT    8.74256  0.01575 -0.37500 0
DT    8.76167  0.01575 -0.38281 0
DT    8.78245  0.00787 -0.39063 0
DT    8.80384  0.00000 -0.39844 0
DT    8.82256 -0.02344 -0.40625 0
DT    8.84288 -0.04688 -0.41406 0
DT    8.86133 -0.06250 -0.41406 0
DT    8.88199 -0.07813 -0.42188 0
DT    8.90412 -0.08594 -0.42969 0
DT    8.92338 -0.10938 -0.43750 0
DT    8.94188 -0.13281 -0.43750 0
DT    8.96388 -0.14063 -0.45313 0
DT    8.98374 -0.15625 -0.46094 0
DT    9.00427 -0.17188 -0.46875 0
DT    9.02397 -0.17969 -0.47656 0
DT    9.04337 -0.19531 -0.48438 0
DT    9.06119 -0.19531 -0.49219 0
DT    9.08430 -0.18750 -0.50000 0
EL    9.08431  0.05469  0.00000 0
DT    9.09921 -0.18750 -0.50000 0
EL    9.09922  0.06250  0.00000 0
DT    9.12246 -0.18750 -0.50781 0
EL    9.12247  0.07031  0.00000 0
DT    9.14215 -0.18750 -0.50781 0
EL    9.14215  0.08594  0.00000 0
DT    9.16278 -0.19531 -0.50781 0
EL    9.16279  0.09375  0.00000 0
DT    9.18133 -0.19531 -0.50781 0
EL    9.18133  0.12500  0.00000 0
DT    9.20331 -0.21094 -0.50781 0
EL    9.20331  0.13281  0.00000 0
DT    9.22150 -0.22656 -0.50781 0
EL    9.22151  0.14063  0.00000 0
DT    9.24252 -0.23438 -0.50781 0
EL    9.24252  0.14844  0.00000 0
DT    9.26227 -0.24219 -0.50781 0
EL    9.26227  0.15625  0.00000 0
DT    9.28491 -0.26563 -0.51563 0
EL    9.28492  0.17188  0.00000 0
DT    9.30254 -0.28125 -0.51563 0
EL    9.30254  0.17188  0.00000 0
DT    9.32156 -0.28125 -0.51563 0
EL    9.32157  0.17969  0.00000 0
DT    9.33916 -0.28906 -0.52344 0
EL    9.33916  0.17969  0.00000 0
DT    9.36000 -0.28906 -0.52344 0
EL    9.36001  0.17969  0.00000 0
DT    9.37985 -0.28906 -0.52344 0
EL    9.37986  0.17969  0.00000 0
DT    9.40133 -0.28906 -0.53125 0
EL    9.40134  0.17969  0.00000 0
DT    9.42010 -0.28906 -0.53125 0
EL    9.42010  0.17969  0.00000 0
DT    9.44020 -0.28906 -0.53125 0
EL    9.44020  0.17969  0.00000 0
DT    9.46002 -0.28906 -0.53125 0
EL    9.46002  0.17969  0.00000 0
DT    9.48197 -0.30469 -0.53125 0
EL    9.48198  0.17969  0.00000 0
DT    9.50102 -0.31250 -0.53125 0
EL    9.50103  0.17969  0.00000 0
DT    9.52233 -0.32813 -0.53125 0
EL    9.52234  0.18750  0.00000 0
DT    9.54332 -0.35156 -0.52344 0
EL    9.54333  0.21094  0.00000 0
DT    9.56297 -0.39063 -0.52344 0
EL    9.56298  0.22656  0.00000 0
DT    9.58241 -0.40625 -0.52344 0
EL    9.58242  0.25000  0.00000 0
DT    9.60215 -0.46875 -0.52344 0
EL    9.60215  0.26563  0.00000 0
DT    9.62236 -0.50000 -0.52344 0
EL    9.62237  0.28125  0.00000 0
DT    9.64273 -0.54688 -0.52344 0
EL    9.64274  0.29688  0.00000 0
DT    9.66438 -0.56250 -0.51563 0
EL    9.66438  0.30469  0.00000 0
DT    9.68358 -0.57031 -0.50781 0
EL    9.68359  0.30469  0.00000 0
DT    9.70246 -0.57813 -0.50000 0
EL    9.70246  0.30469  0.00000 0
DT    9.72265 -0.58594 -0.49219 0
EL    9.72266  0.30469  0.00000 0
DT    9.74255 -0.58594 -0.48438 0
EL    9.74255  0.30469  0.00000 0
DT    9.76133 -0.58594 -0.46875 0
EL    9.76133  0.30469  0.00000 0
DT    9.78101 -0.58594 -0.45313 0
EL    9.78101  0.30469  0.00000 0
DT    9.80156 -0.58594 -0.44531 0
EL    9.80156  0.30469  0.00000 0
DT    9.82207 -0.58594 -0.43750 0
EL    9.82207  0.30469  0.00000 0
DT    9.84383 -0.59375 -0.41406 0
EL    9.84384  0.30469  0.00000 0
DT    9.86181 -0.59375 -0.40625 0
EL    9.86182  0.30469  0.00000 0
DT    9.88166 -0.59375 -0.37500 0
EL    9.88167  0.30469  0.00000 0
DT    9.90169 -0.59375 -0.35938 0
EL    9.90169  0.30469  0.00000 0
DT    9.92352 -0.60938 -0.34375 0
EL    9.92353  0.30469  0.00000 0
DT    9.94202 -0.60938 -0.32813 0
EL    9.94203  0.30469  0.00000 0
DT    9.96203 -0.60938 -0.31250 0
EL    9.96204  0.30469  0.00000 0
DT    9.98179 -0.60938 -0.29688 0
EL    9.98179  0.30469  0.00000 0
DT   10.00086 -0.60938 -0.28125 0
EL   10.00087  0.30469  0.00000 0
DT   10.02280 -0.60938 -0.25781 0
EL   10.02281  0.24219  0.00000 0
DT   10.04350 -0.60938 -0.24219 0
EL   10.04350  0.21094  0.00000 0
DT   10.06121 -0.60938 -0.22656 0
EL   10.06122  0.16406  0.00000 0
DT   10.08429 -0.60156 -0.21094 0
EL   10.08429  0.13281  0.00000 0
DT   10.10382 -0.57813 -0.20313 0
EL   10.10382  0.07031  0.00000 0
DT   10.12422 -0.56250 -0.19531 0
EL   10.12423  0.00000  0.00000 0
DT   10.14314 -0.50781 -0.18750 0
DT   10.16197 -0.46094 -0.18750 0
DT   10.18147 -0.42188 -0.18750 0
DT   10.20163 -0.35938 -0.18750 0
DT   10.22288 -0.29688 -0.19531 0
DT   10.24206 -0.25000 -0.19531 0
DT   10.26130 -0.21094 -0.19531 0
DT   10.28100 -0.15625 -0.19531 0
DT   10.30164 -0.08594 -0.19531 0
DT   10.32238 -0.05469 -0.20313 0
DT   10.34252 -0.00781 -0.21094 0
DT   10.36369  0.00787 -0.21875 0
DT   10.38252  0.01575 -0.22656 0
DT   10.40064  0.01575 -0.22656 0
DT   10.41985  0.01575 -0.22656 0
DT   10.44131  0.02362 -0.22656 0
CS   10.45703 -1.00000  1.00000 1
DT   10.46103  0.02362 -0.22656 0
DT   10.47989  0.02362 -0.22656 0
DT   10.49966  0.02362 -0.22656 0
DT   10.52233  0.03150 -0.22656 0
DT   10.54098  0.03150 -0.22656 0
DT   10.56218  0.03937 -0.22656 0
DT   10.58102  0.03937 -0.22656 0
DT   10.59988  0.03937 -0.22656 0
DT   10.62199  0.03150 -0.22656 0
DT   10.64206  0.03150 -0.21875 0
DT   10.66186  0.03150 -0.21094 0
DT   10.68293  0.03150 -0.18750 0
DT   10.70197  0.03150 -0.15625 0
DT   10.72202  0.03150 -0.11719 0
DT   10.74194  0.03150 -0.09375 0
DT   10.76195  0.03150 -0.00781 0
DT   10.78328  0.03937  0.01575 0
DT   10.80034  0.03937  0.01575 0
DT   10.82252  0.05512  0.00787 0
DT   10.84355  0.11811  0.02362 0
DT   10.86260  0.19685  0.09449 0
DT   10.88274  0.25197  0.14961 0
DT   10.90473  0.37008  0.22047 0
DT   10.92472  0.42520  0.25984 0
DT   10.94366  0.48819  0.30709 0
DT   10.96405  0.57480  0.35433 0
CS   10.98116  0.00000  0.00000 0
DT   10.98420  0.62992  0.41732 0
DT   11.00326  0.65354  0.44882 0
DT   11.02381  0.69291  0.48031 0
DT   11.04397  0.70079  0.51181 0
DT   11.06343  0.70866  0.53543 0
DT   11.08214  0.72441  0.53543 0
DT   11.10209  0.73228  0.53543 0
DT   11.12154  0.74016  0.53543 0
DT   11.14232  0.74803  0.53543 0
DT   11.16190  0.74803  0.52756 0
DT   11.18067  0.74803  0.52756 0
DT   11.20086  0.74803  0.52756 0
DT   11.22215  0.74803  0.53543 0
DT   11.24105  0.74803  0.53543 0
DT   11.26079  0.74803  0.53543 0
DT   11.28137  0.74803  0.54331 0
DT   11.30114  0.74803  0.54331 0
DT   11.32175  0.75591  0.54331 0
DT   11.34025  0.75591  0.54331 0
DT   11.36348  0.76378  0.54331 0
DT   11.38024  0.76378  0.54331 0
DT   11.40088  0.76378  0.54331 0
DT   11.42345  0.77165  0.53543 0
DT   11.44035  0.77165  0.53543 0
DT   11.46426  0.77953  0.52756 0
DT   11.48150  0.77953  0.46457 0
DT   11.50179  0.77953  0.42520 0
DT   11.52190  0.77953  0.35433 0
DT   11.54441  0.78740  0.33071 0
DT   11.56275  0.78740  0.27559 0
DT   11.58461  0.79528  0.22835 0
EL   11.58461 -0.10236  0.00000 0
DT   11.60289  0.79528  0.17323 0
EL   11.60289 -0.22047  0.00000 0
DT   11.62408  0.80315  0.11024 0
EL   11.62408 -0.30709  0.00000 0
DT   11.64152  0.80315  0.00787 0
EL   11.64152 -0.40157  0.00000 0
DT   11.66263  0.80315  0.00000 0
EL   11.66264 -0.44882  0.00000 0
DT   11.68360  0.80315  0.00787 0
EL   11.68361 -0.48819  0.00000 0
DT   11.70342  0.80315  0.00000 0
EL   11.70343 -0.51181  0.00000 0
DT   11.72206  0.80315 -0.02344 0
EL   11.72207 -0.51181  0.00000 0
DT   11.74370  0.80315 -0.08594 0
EL   11.74371 -0.51969  0.00000 0
DT   11.76318  0.80315 -0.14063 0
EL   11.76318 -0.52756  0.00000 0
DT   11.78180  0.80315 -0.17188 0
EL   11.78181 -0.52756  0.00000 0
DT   11.80343  0.79528 -0.20313 0
EL   11.80344 -0.52756  0.00000 0
DT   11.82433  0.77953 -0.24219 0
EL   11.82434 -0.42520  0.00000 0
DT   11.84462  0.75591 -0.25781 0
EL   11.84463 -0.38583  0.00000 0
DT   11.86497  0.70866 -0.28125 0
EL   11.86498 -0.37008  0.00000 0
DT   11.88354  0.66929 -0.28906 0
EL   11.88355 -0.37008  0.00000 0
DT   11.90467  0.59055 -0.29688 0
EL   11.90468 -0.37008  0.00000 0
DT   11.92423  0.45669 -0.30469 0
EL   11.92423 -0.37008  0.00000 0
DT   11.94362  0.37008 -0.31250 0
EL   11.94363 -0.37008  0.00000 0
DT   11.96224  0.22047 -0.31250 0
EL   11.96225 -0.37008  0.00000 0
DT   11.98443  0.16535 -0.32031 0
EL   11.98444 -0.37008  0.00000 0
DT   12.00184  0.03150 -0.32031 0
EL   12.00184 -0.37008  0.00000 0
DT   12.02229  0.00787 -0.32031 0
EL   12.02230 -0.37008  0.00000 0
DT   12.04252  0.00000 -0.32031 0
EL   12.04253 -0.37008  0.00000 0
DT   12.06223 -0.02344 -0.32031 0
EL   12.06223 -0.37008  0.00000 0
DT   12.08427 -0.07031 -0.32031 0
EL   12.08428 -0.36220  0.00000 0
DT   12.10381 -0.13281 -0.32031 0
EL   12.10382 -0.29134  0.00000 0
DT   12.12338 -0.17969 -0.32031 0
EL   12.12339 -0.15748  0.00000 0
DT   12.14427 -0.21875 -0.32031 0
EL   12.14428 -0.07874  0.00000 0
DT   12.16217 -0.24219 -0.32031 0
EL   12.16217  0.00000  0.00000 0
DT   12.18333 -0.27344 -0.32031 0
DT   12.20194 -0.29688 -0.32031 0
DT   12.22335 -0.34375 -0.32813 0
DT   12.24272 -0.37500 -0.32813 0
DT   12.26444 -0.42969 -0.33594 0
DT   12.28204 -0.45313 -0.33594 0
DT   12.30210 -0.50781 -0.33594 0
DT   12.32127 -0.53906 -0.33594 0
DT   12.34385 -0.56250 -0.34375 0
DT   12.36257 -0.57031 -0.34375 0
DT   12.38186 -0.58594 -0.34375 0
DT   12.40211 -0.60938 -0.34375 0
DT   12.42025 -0.60938 -0.34375 0
DT   12.44007 -0.60938 -0.34375 0
DT   12.46160 -0.60938 -0.35156 0
DT   12.48037 -0.60938 -0.35156 0
DT   12.50241 -0.60938 -0.35938 0
DT   12.52384 -0.60156 -0.36719 0
DT   12.54208 -0.60156 -0.37500 0
DT   12.56194 -0.60156 -0.38281 0
DT   12.58246 -0.60156 -0.39063 0
DT   12.60233 -0.60156 -0.39844 0
DT   12.62161 -0.60156 -0.40625 0
DT   12.64234 -0.60156 -0.41406 0
DT   12.66231 -0.60156 -0.42188 0
DT   12.68366 -0.58594 -0.42969 0
DT   12.70287 -0.57813 -0.42969 0
DT   12.72256 -0.56250 -0.42969 0
DT   12.74229 -0.55469 -0.42969 0
DT   12.76295 -0.53906 -0.42969 0
DT   12.78372 -0.52344 -0.43750 0
DT   12.80253 -0.51563 -0.43750 0
DT   12.82157 -0.49219 -0.43750 0
DT   12.84043 -0.49219 -0.43750 0
DT   12.86217 -0.48438 -0.43750 0
DT   12.88231 -0.47656 -0.43750 0
DT   12.90141 -0.46875 -0.43750 0
DT   12.92208 -0.47656 -0.43750 0
DT   12.94052 -0.47656 -0.43750 0
DT   12.96011 -0.47656 -0.43750 0
DT   12.98092 -0.47656 -0.43750 0
DT   13.00187 -0.47656 -0.42969 0
DT   13.02262 -0.48438 -0.42969 0
DT   13.04215 -0.50000 -0.42969 0
DT   13.06190 -0.52344 -0.42969 0
DT   13.08287 -0.54688 -0.41406 0
DT   13.10352 -0.56250 -0.39063 0
DT   13.12606 -0.57813 -0.37500 0
DT   13.14368 -0.60938 -0.35938 0
DT   13.16531 -0.64063 -0.33594 0
DT   13.19088 -0.65625 -0.32813 0
DT   13.20788 -0.68750 -0.31250 0
DT   13.22819 -0.68750 -0.31250 0
DT   13.24594 -0.72656 -0.29688 0
DT   13.26409 -0.73438 -0.29688 0
DT   13.28491 -0.76563 -0.28906 0
DT   13.30415 -0.78906 -0.28125 0
DT   13.32336 -0.79688 -0.27344 0
DT   13.34336 -0.80469 -0.26563 0
DT   13.36231 -0.81250 -0.26563 0
DT   13.38214 -0.82031 -0.26563 0
DT   13.40013 -0.82031 -0.26563 0
DT   13.42005 -0.82031 -0.26563 0
DT   13.43971 -0.82031 -0.26563 0
DT   13.46072 -0.82031 -0.26563 0
DT   13.48008 -0.82031 -0.26563 0
DT   13.50290 -0.81250 -0.27344 0
DT   13.52135 -0.81250 -0.28125 0
DT   13.54140 -0.79688 -0.28125 0
DT   13.56265 -0.78125 -0.28906 0
DT   13.58322 -0.76563 -0.29688 0
DT   13.60338 -0.75781 -0.30469 0
DT   13.62318 -0.73438 -0.31250 0
DT   13.64189 -0.72656 -0.31250 0
DT   13.66293 -0.71875 -0.32031 0
DT   13.68258 -0.71094 -0.32813 0
DT   13.70176 -0.69531 -0.32813 0
DT   13.71982 -0.69531 -0.32813 0
DT   13.74175 -0.67969 -0.32813 0
DT   13.76192 -0.66406 -0.32813 0
DT   13.78144 -0.64844 -0.32813 0
DT   13.80149 -0.58594 -0.32813 0
DT   13.82137 -0.55469 -0.32813 0
DT   13.84157 -0.46875 -0.32813 0
DT   13.86142 -0.43750 -0.32813 0
DT   13.88191 -0.35938 -0.32813 0
DT   13.90128 -0.30469 -0.32813 0
DT   13.92035 -0.30469 -0.32813 0
DT   13.94142 -0.24219 -0.32813 0
DT   13.96064 -0.17969 -0.32813 0
DT   13.98217 -0.05469 -0.32813 0
DT   14.00229  0.00787 -0.32813 0
DT   14.02378  0.02362 -0.33594 0
DT   14.04249  0.01575 -0.33594 0
DT   14.06185  0.02362 -0.33594 0
DT   14.08059  0.02362 -0.33594 0
DT   14.10037  0.02362 -0.33594 0
DT   14.12036  0.02362 -0.33594 0
DT   14.14115  0.02362 -0.33594 0
DT   14.15951  0.02362 -0.33594 0
DT   14.18033  0.02362 -0.33594 0
DT   14.20255  0.02362 -0.32813 0
DT   14.22053  0.02362 -0.32813 0
DT   14.23985  0.02362 -0.32813 0
DT   14.26003  0.02362 -0.32813 0
DT   14.28123  0.02362 -0.32031 0
DT   14.29983  0.02362 -0.32031 0
DT   14.32109  0.02362 -0.31250 0
DT   14.34156  0.02362 -0.30469 0
DT   14.36041  0.02362 -0.30469 0
DT   14.38181  0.02362 -0.28906 0
DT   14.40119  0.02362 -0.28125 0
DT   14.42229  0.02362 -0.26563 0
DT   14.44180  0.02362 -0.25781 0
DT   14.46138  0.02362 -0.23438 0
DT   14.48128  0.02362 -0.20313 0
DT   14.50136  0.02362 -0.17969 0
DT   14.52193  0.02362 -0.13281 0
DT   14.54143  0.02362 -0.09375 0
DT   14.56155  0.02362 -0.03125 0
DT   14.58224  0.02362  0.00000 0
DT   14.60200  0.02362  0.00787 0
DT   14.62022  0.02362  0.00787 0
DT   14.64040  0.02362  0.00787 0
DT   14.65978  0.02362  0.00787 0
DT   14.67977  0.02362  0.00787 0
DT   14.69982  0.02362  0.00787 0
DT   14.72026  0.02362  0.00787 0
DT   14.74047  0.02362  0.00787 0
DT   14.76031  0.02362  0.00787 0
DT   14.78020  0.02362  0.00787 0
DT   14.80094  0.02362  0.00787 0
DT   14.82063  0.02362  0.00787 0
DT   14.84038  0.02362  0.00787 0
DT   14.85979  0.02362  0.00787 0
DT   14.87984  0.02362  0.00787 0
DT   14.90010  0.02362  0.00787 0
DT   14.92015  0.02362  0.00787 0
DT   14.94025  0.02362  0.00787 0
DT   14.95979  0.02362  0.00787 0
DT   14.98066  0.02362  0.00787 0
DT   14.99991  0.02362  0.00787 0
DT   15.01988  0.02362  0.00787 0
DT   15.04035  0.02362  0.00787 0
EL   15.33896  0.00000  0.00000 1
XX 9999.00000 999.00000 999.00000 0
