DT    0.00013 -0.07031 -0.01563 0
DT    0.01831 -0.07813 -0.01563 0
DT    0.03745 -0.07813 -0.01563 0
DT    0.05896 -0.09375 -0.02344 0
DT    0.08035 -0.13281 -0.04688 0
DT    0.10006 -0.14063 -0.07813 0
DT    0.11964 -0.18750 -0.08594 0
DT    0.13986 -0.21875 -0.10938 0
DT    0.16011 -0.23438 -0.12500 0
DT    0.17954 -0.25781 -0.14063 0
DT    0.19991 -0.27344 -0.16406 0
DT    0.22014 -0.31250 -0.20313 0
DT    0.24016 -0.32031 -0.23438 0
DT    0.26101 -0.35156 -0.27344 0
DT    0.27957 -0.38281 -0.28906 0
DT    0.30020 -0.42188 -0.32813 0
DT    0.32012 -0.45313 -0.35156 0
DT    0.33864 -0.46875 -0.35938 0
DT    0.35928 -0.48438 -0.37500 0
DT    0.38009 -0.49219 -0.38281 0
DT    0.39761 -0.49219 -0.39063 0
DT    0.41894 -0.49219 -0.40625 0
DT    0.43893 -0.50000 -0.41406 0
DT    0.45964 -0.50781 -0.42969 0
DT    0.48004 -0.51563 -0.44531 0
DT    0.49952 -0.52344 -0.46875 0
DT    0.51827 -0.52344 -0.47656 0
DT    0.53951 -0.53125 -0.50000 0
DT    0.56027 -0.53906 -0.50781 0
DT    0.57926 -0.54688 -0.51563 0
DT    0.60031 -0.55469 -0.52344 0
DT    0.61817 -0.55469 -0.53125 0
DT    0.63925 -0.56250 -0.53125 0
DT    0.65706 -0.56250 -0.53125 0
DT    0.67698 -0.56250 -0.53125 0
DT    0.69874 -0.56250 -0.53906 0
DT    0.71679 -0.56250 -0.53906 0
DT    0.73835 -0.56250 -0.54688 0
DT    0.75751 -0.56250 -0.54688 0
DT    0.77994 -0.55469 -0.55469 0
DT    0.79912 -0.55469 -0.56250 0
DT    0.81920 -0.55469 -0.57813 0
DT    0.83791 -0.55469 -0.58594 0
DT    0.85697 -0.55469 -0.58594 0
DT    0.87716 -0.55469 -0.58594 0
DT    0.89828 -0.55469 -0.58594 0
DT    0.91747 -0.55469 -0.58594 0
DT    0.93828 -0.56250 -0.58594 0
DT    0.95716 -0.56250 -0.58594 0
DT    0.97761 -0.56250 -0.58594 0
DT    0.99660 -0.56250 -0.58594 0
DT    1.01676 -0.56250 -0.58594 0
DT    1.03691 -0.56250 -0.58594 0
DT    1.05697 -0.56250 -0.58594 0
DT    1.07683 -0.56250 -0.58594 0
DT    1.09745 -0.56250 -0.58594 0
DT    1.11698 -0.56250 -0.58594 0
DT    1.13691 -0.56250 -0.58594 0
DT    1.15691 -0.56250 -0.58594 0
DT    1.17821 -0.56250 -0.59375 0
DT    1.19853 -0.56250 -0.58594 0
DT    1.21681 -0.56250 -0.58594 0
DT    1.23654 -0.56250 -0.58594 0
DT    1.25734 -0.56250 -0.58594 0
DT    1.27739 -0.56250 -0.58594 0
DT    1.29739 -0.56250 -0.58594 0
DT    1.31727 -0.56250 -0.58594 0
DT    1.33831 -0.57031 -0.58594 0
DT    1.35849 -0.57813 -0.58594 0
DT    1.37731 -0.57813 -0.58594 0
DT    1.39759 -0.58594 -0.58594 0
DT    1.41933 -0.59375 -0.57813 0
DT    1.43882 -0.60156 -0.57813 0
DT    1.45888 -0.60156 -0.57031 0
DT    1.47960 -0.59375 -0.57031 0
DT    1.49925 -0.59375 -0.56250 0
DT    1.51793 -0.59375 -0.56250 0
DT    1.53919 -0.59375 -0.55469 0
DT    1.55700 -0.59375 -0.55469 0
DT    1.57781 -0.59375 -0.55469 0
DT    1.59724 -0.59375 -0.55469 0
DT    1.61950 -0.59375 -0.54688 0
DT    1.63782 -0.59375 -0.54688 0
DT    1.65893 -0.59375 -0.53906 0
DT    1.67804 -0.59375 -0.53906 0
DT    1.69785 -0.59375 -0.53906 0
DT    1.71686 -0.59375 -0.53906 0
DT    1.73709 -0.59375 -0.53906 0
DT    1.75740 -0.59375 -0.53906 0
DT    1.77746 -0.59375 -0.53906 0
DT    1.79969 -0.59375 -0.53125 0
DT    1.81769 -0.59375 -0.53125 0
DT    1.83885 -0.59375 -0.52344 0
DT    1.85727 -0.59375 -0.52344 0
DT    1.87683 -0.59375 -0.52344 0
DT    1.89716 -0.59375 -0.52344 0
DT    1.91771 -0.59375 -0.52344 0
DT    1.93805 -0.59375 -0.52344 0
DT    1.95723 -0.59375 -0.52344 0
DT    1.97829 -0.59375 -0.52344 0
DT    1.99705 -0.59375 -0.52344 0
DT    2.01758 -0.59375 -0.52344 0
DT    2.03764 -0.59375 -0.52344 0
DT    2.05688 -0.59375 -0.52344 0
DT    2.07694 -0.59375 -0.52344 0
DT    2.09674 -0.59375 -0.52344 0
DT    2.11717 -0.59375 -0.52344 0
DT    2.13823 -0.59375 -0.52344 0
DT    2.15953 -0.59375 -0.51563 0
DT    2.17774 -0.59375 -0.51563 0
DT    2.19976 -0.59375 -0.50781 0
DT    2.21694 -0.59375 -0.50781 0
DT    2.23763 -0.59375 -0.50781 0
DT    2.25872 -0.59375 -0.50781 0
DT    2.27799 -0.59375 -0.50781 0
DT    2.29798 -0.59375 -0.50781 0
DT    2.31756 -0.59375 -0.50781 0
DT    2.33805 -0.59375 -0.50000 0
DT    2.35739 -0.59375 -0.50000 0
DT    2.37908 -0.59375 -0.49219 0
DT    2.39736 -0.59375 -0.49219 0
DT    2.42004 -0.59375 -0.48438 0
DT    2.43875 -0.59375 -0.47656 0
DT    2.45915 -0.59375 -0.46875 0
DT    2.47730 -0.59375 -0.46875 0
DT    2.49901 -0.59375 -0.46094 0
DT    2.51895 -0.59375 -0.43750 0
DT    2.53870 -0.59375 -0.42969 0
DT    2.55924 -0.59375 -0.42188 0
DT    2.57879 -0.59375 -0.40625 0
DT    2.59948 -0.59375 -0.39844 0
DT    2.61940 -0.59375 -0.39063 0
DT    2.63737 -0.59375 -0.39063 0
DT    2.65976 -0.59375 -0.38281 0
DT    2.67714 -0.59375 -0.38281 0
DT    2.69874 -0.59375 -0.37500 0
DT    2.71844 -0.59375 -0.37500 0
DT    2.74004 -0.59375 -0.36719 0
EL    2.74005  0.07031  0.00000 0
DT    2.75900 -0.59375 -0.36719 0
EL    2.75901  0.09375  0.00000 0
DT    2.78016 -0.59375 -0.35938 0
EL    2.78017  0.11719  0.00000 0
DT    2.79900 -0.59375 -0.35938 0
EL    2.79901  0.13281  0.00000 0
DT    2.82024 -0.59375 -0.35156 0
EL    2.82025  0.14844  0.00000 0
DT    2.84066 -0.58594 -0.35156 0
EL    2.84066  0.15625  0.00000 0
DT    2.85912 -0.57813 -0.35156 0
EL    2.85913  0.15625  0.00000 0
DT    2.87887 -0.57813 -0.35156 0
EL    2.87888  0.15625  0.00000 0
DT    2.89940 -0.57031 -0.35156 0
EL    2.89941  0.15625  0.00000 0
DT    2.92132 -0.56250 -0.35156 0
EL    2.92133  0.17188  0.00000 0
DT    2.94346 -0.56250 -0.35938 0
EL    2.94347  0.17969  0.00000 0
DT    2.96665 -0.55469 -0.35938 0
EL    2.96665  0.20313  0.00000 0
DT    2.98122 -0.55469 -0.35938 0
EL    2.98123  0.21094  0.00000 0
DT    2.99925 -0.55469 -0.35938 0
EL    2.99925  0.21094  0.00000 0
DT    3.02030 -0.53906 -0.35938 0
EL    3.02031  0.22656  0.00000 0
DT    3.03992 -0.53125 -0.35938 0
EL    3.03992  0.22656  0.00000 0
DT    3.05988 -0.51563 -0.35938 0
EL    3.05989  0.23438  0.00000 0
DT    3.08118 -0.50000 -0.36719 0
EL    3.08119  0.24219  0.00000 0
DT    3.10107 -0.46094 -0.37500 0
EL    3.10107  0.26563  0.00000 0
DT    3.12117 -0.43750 -0.38281 0
EL    3.12118  0.28906  0.00000 0
DT    3.14138 -0.39063 -0.39844 0
EL    3.14139  0.30469  0.00000 0
DT    3.15986 -0.33594 -0.40625 0
EL    3.15987  0.30469  0.00000 0
DT    3.18054 -0.27344 -0.42969 0
EL    3.18055  0.32813  0.00000 0
DT    3.20011 -0.24219 -0.43750 0
EL    3.20011  0.32813  0.00000 0
DT    3.22113 -0.18750 -0.45313 0
EL    3.22114  0.33594  0.00000 0
DT    3.23910 -0.08594 -0.46875 0
EL    3.23911  0.33594  0.00000 0
DT    3.26098  0.00000 -0.47656 0
EL    3.26099  0.34375  0.00000 0
DT    3.27944  0.01575 -0.47656 0
EL    3.27944  0.34375  0.00000 0
DT    3.30093  0.02362 -0.48438 0
EL    3.30093  0.35938  0.00000 0
DT    3.31997  0.03150 -0.50000 0
EL    3.31998  0.35938  0.00000 0
DT    3.33802  0.03150 -0.50000 0
EL    3.33803  0.35938  0.00000 0
DT    3.35984  0.03150 -0.50781 0
EL    3.35984  0.37500  0.00000 0
DT    3.37871  0.03150 -0.50781 0
EL    3.37872  0.41406  0.00000 0
DT    3.40113  0.02362 -0.50000 0
EL    3.40113  0.45313  0.00000 0
DT    3.42030  0.03150 -0.50000 0
EL    3.42031  0.50781  0.00000 0
DT    3.43937  0.03150 -0.50000 0
EL    3.43938  0.56250  0.00000 0
DT    3.45820  0.03150 -0.50000 0
EL    3.45821  0.58594  0.00000 0
DT    3.48048  0.02362 -0.50000 0
EL    3.48049  0.59375  0.00000 0
DT    3.50203  0.03150 -0.49219 0
EL    3.50203  0.60156  0.00000 0
DT    3.51941  0.02362 -0.49219 0
EL    3.51941  0.60156  0.00000 0
DT    3.53961  0.03150 -0.49219 0
EL    3.53962  0.60156  0.00000 0
DT    3.55851  0.03150 -0.49219 0
EL    3.55851  0.60156  0.00000 0
DT    3.57757  0.03150 -0.49219 0
EL    3.57757  0.60156  0.00000 0
DT    3.60124  0.03150 -0.48438 0
EL    3.60125  0.60938  0.00000 0
DT    3.61892  0.01575 -0.48438 0
EL    3.61892  0.60938  0.00000 0
DT    3.63695  0.01575 -0.48438 0
EL    3.63696  0.60938  0.00000 0
DT    3.65938  0.01575 -0.47656 0
EL    3.65939  0.60938  0.00000 0
DT    3.68056  0.02362 -0.46875 0
EL    3.68056  0.60938  0.00000 0
DT    3.70122  0.02362 -0.44531 0
EL    3.70123  0.60938  0.00000 0
DT    3.71923  0.02362 -0.42969 0
EL    3.71924  0.60938  0.00000 0
DT    3.73835  0.02362 -0.39063 0
EL    3.73836  0.60938  0.00000 0
DT    3.75964  0.02362 -0.35156 0
EL    3.75965  0.60938  0.00000 0
DT    3.77874  0.02362 -0.31250 0
EL    3.77875  0.60938  0.00000 0
DT    3.79806  0.02362 -0.28906 0
EL    3.79806  0.60938  0.00000 0
DT    3.81992  0.03150 -0.26563 0
EL    3.81993  0.60938  0.00000 0
DT    3.83789  0.03150 -0.21875 0
EL    3.83790  0.60938  0.00000 0
DT    3.85799  0.03150 -0.18750 0
EL    3.85800  0.60938  0.00000 0
DT    3.87899  0.03150 -0.13281 0
EL    3.87899  0.60938  0.00000 0
DT    3.89917  0.03150 -0.10938 0
EL    3.89918  0.61719  0.00000 0
DT    3.91890  0.03150 -0.07031 0
EL    3.91890  0.61719  0.00000 0
DT    3.93867  0.03150 -0.03125 0
EL    3.93868  0.61719  0.00000 0
DT    3.95842  0.03150  0.00787 0
EL    3.95843  0.61719  0.00000 0
DT    3.97840  0.03150  0.02362 0
EL    3.97840  0.61719  0.00000 0
DT    3.99688  0.03150  0.02362 0
EL    3.99689  0.61719  0.00000 0
DT    4.01702  0.03150  0.02362 0
EL    4.01702  0.61719  0.00000 0
DT    4.03704  0.03150  0.02362 0
EL    4.03705  0.61719  0.00000 0
DT    4.05700  0.03150  0.02362 0
EL    4.05700  0.61719  0.00000 0
DT    4.07760  0.03150  0.02362 0
EL    4.07760  0.61719  0.00000 0
DT    4.09761  0.03150  0.02362 0
EL    4.09762  0.61719  0.00000 0
DT    4.11708  0.03150  0.02362 0
EL    4.11709  0.61719  0.00000 0
DT    4.13717  0.03150  0.02362 0
EL    4.13718  0.61719  0.00000 0
DT    4.15769  0.03150  0.02362 0
EL    4.15770  0.61719  0.00000 0
DT    4.17774  0.03150  0.02362 0
EL    4.17775  0.61719  0.00000 0
DT    4.19747  0.03150  0.02362 0
EL    4.19748  0.61719  0.00000 0
DT    4.21753  0.03150  0.02362 0
EL    4.21753  0.61719  0.00000 0
DT    4.23626  0.03150  0.02362 0
EL    4.23627  0.61719  0.00000 0
DT    4.25839  0.03150  0.02362 0
EL    4.25839  0.61719  0.00000 0
DT    4.27778  0.03150  0.02362 0
EL    4.27779  0.61719  0.00000 0
DT    4.29615  0.03150  0.02362 0
EL    4.29615  0.61719  0.00000 0
DT    4.31752  0.03150  0.02362 0
EL    4.31753  0.61719  0.00000 0
DT    4.33670  0.03150  0.02362 0
EL    4.33671  0.61719  0.00000 0
FB    4.35404  0.00000  0.00000 1
DT    4.35744  0.03150  0.02362 0
EL    4.35745  0.61719  0.00000 0
DT    4.37756  0.03150  0.02362 0
EL    4.37757  0.61719  0.00000 0
DT    4.39859  0.02362  0.02362 0
EL    4.39859  0.61719  0.00000 0
DT    4.41835  0.02362  0.02362 0
EL    4.41835  0.53906  0.00000 0
DT    4.43845  0.02362  0.02362 0
EL    4.43845  0.48438  0.00000 0
DT    4.45908  0.03150  0.02362 0
EL    4.45908  0.46094  0.00000 0
DT    4.48010  0.02362  0.02362 0
EL    4.48011  0.42969  0.00000 0
DT    4.49832  0.02362  0.02362 0
EL    4.49833  0.40625  0.00000 0
DT    4.51952  0.03150  0.02362 0
EL    4.51952  0.35938  0.00000 0
DT    4.53921  0.02362  0.02362 0
EL    4.53922  0.30469  0.00000 0
DT    4.55781  0.02362  0.02362 0
EL    4.55782  0.28125  0.00000 0
DT    4.57922  0.03150  0.02362 0
EL    4.57922  0.25781  0.00000 0
DT    4.59915  0.03150  0.02362 0
EL    4.59915  0.25000  0.00000 0
DT    4.61767  0.03150  0.02362 0
EL    4.61767  0.25000  0.00000 0
DT    4.63835  0.03150  0.02362 0
EL    4.63835  0.23438  0.00000 0
DT    4.65799  0.03150  0.02362 0
EL    4.65800  0.23438  0.00000 0
DT    4.67704  0.03150  0.02362 0
EL    4.67705  0.23438  0.00000 0
DT    4.69740  0.03150  0.02362 0
EL    4.69740  0.23438  0.00000 0
DT    4.71676  0.03150  0.02362 0
EL    4.71677  0.23438  0.00000 0
DT    4.73683  0.03150  0.02362 0
EL    4.73683  0.23438  0.00000 0
DT    4.75895  0.02362  0.02362 0
EL    4.75896  0.23438  0.00000 0
DT    4.77914  0.03150  0.02362 0
EL    4.77914  0.23438  0.00000 0
DT    4.79683  0.03150  0.02362 0
EL    4.79683  0.23438  0.00000 0
DT    4.81778  0.03150  0.02362 0
EL    4.81778  0.23438  0.00000 0
DT    4.83730  0.03150  0.02362 0
EL    4.83731  0.23438  0.00000 0
DT    4.85678  0.03150  0.02362 0
EL    4.85679  0.23438  0.00000 0
DT    4.87826  0.03150  0.02362 0
EL    4.87826  0.23438  0.00000 0
DT    4.89759  0.03150  0.02362 0
EL    4.89760  0.23438  0.00000 0
DT    4.91680  0.03150  0.02362 0
EL    4.91681  0.23438  0.00000 0
DT    4.93727  0.03150  0.02362 0
EL    4.93727  0.23438  0.00000 0
DT    4.95756  0.03150  0.02362 0
EL    4.95756  0.23438  0.00000 0
DT    4.97822  0.03150  0.02362 0
EL    4.97823  0.29688  0.00000 0
DT    4.99891  0.03150  0.02362 0
EL    4.99892  0.30469  0.00000 0
DT    5.01856  0.03150  0.02362 0
EL    5.01857  0.31250  0.00000 0
DT    5.03691  0.03150  0.02362 0
EL    5.03692  0.31250  0.00000 0
DT    5.05624  0.03150  0.02362 0
EL    5.05624  0.31250  0.00000 0
DT    5.07806  0.03150  0.02362 0
EL    5.07806  0.32031  0.00000 0
DT    5.09760  0.03150  0.02362 0
EL    5.09761  0.33594  0.00000 0
DT    5.11823  0.03150  0.02362 0
EL    5.11824  0.34375  0.00000 0
DT    5.13794  0.03150  0.02362 0
EL    5.13795  0.35156  0.00000 0
DT    5.15714  0.03150  0.02362 0
EL    5.15715  0.35156  0.00000 0
DT    5.17720  0.03150  0.02362 0
EL    5.17721  0.35156  0.00000 0
DT    5.19641  0.03150  0.02362 0
EL    5.19642  0.35938  0.00000 0
DT    5.21839  0.03150  0.02362 0
EL    5.21839  0.36719  0.00000 0
DT    5.23810  0.02362  0.02362 0
EL    5.23811  0.36719  0.00000 0
DT    5.25917  0.03150  0.02362 0
EL    5.25918  0.36719  0.00000 0
DT    5.27715  0.03150  0.02362 0
EL    5.27716  0.36719  0.00000 0
DT    5.29812  0.02362  0.02362 0
EL    5.29813  0.36719  0.00000 0
DT    5.31747  0.02362  0.02362 0
EL    5.31748  0.36719  0.00000 0
DT    5.33885  0.03150  0.02362 0
EL    5.33886  0.36719  0.00000 0
DT    5.35840  0.02362  0.02362 0
EL    5.35840  0.36719  0.00000 0
DT    5.37747  0.02362  0.02362 0
EL    5.37748  0.36719  0.00000 0
DT    5.39707  0.02362  0.02362 0
EL    5.39708  0.36719  0.00000 0
CA    5.41356  0.00000  0.00000 1
DT    5.41782  0.02362  0.02362 0
EL    5.41783  0.36719  0.00000 0
DT    5.43761  0.02362  0.02362 0
EL    5.43762  0.30469  0.00000 0
DT    5.45721  0.02362  0.02362 0
EL    5.45722  0.24219  0.00000 0
DT    5.47844  0.02362  0.02362 0
EL    5.47845  0.20313  0.00000 0
DT    5.49785  0.02362  0.02362 0
EL    5.49786  0.16406  0.00000 0
DT    5.51785  0.02362  0.02362 0
EL    5.51786  0.14063  0.00000 0
DT    5.53848  0.02362  0.02362 0
EL    5.53849  0.10938  0.00000 0
DT    5.55949  0.03150  0.02362 0
EL    5.55950  0.07813  0.00000 0
DT    5.57982  0.02362  0.02362 0
EL    5.57983  0.05469  0.00000 0
DT    5.59879  0.02362  0.02362 0
EL    5.59880  0.00000  0.00000 0
DT    5.61784  0.02362  0.02362 0
DT    5.63761  0.02362  0.02362 0
DT    5.65870  0.03150  0.02362 0
DT    5.67855  0.02362  0.02362 0
DT    5.69799  0.02362  0.02362 0
DT    5.71771  0.02362  0.02362 0
DT    5.73748  0.02362  0.02362 0
DT    5.75967  0.03150  0.02362 0
DT    5.77902  0.02362  0.02362 0
DT    5.79725  0.02362  0.02362 0
DT    5.81665  0.02362  0.02362 0
DT    5.83675  0.02362  0.02362 0
DT    5.85862  0.03150  0.02362 0
DT    5.87745  0.03150  0.02362 0
DT    5.89691  0.03150  0.02362 0
DT    5.91742  0.03150  0.02362 0
DT    5.93719  0.03150  0.02362 0
DT    5.95787  0.03150  0.03150 0
DT    5.97754  0.03150  0.03150 0
DT    5.99820  0.03150  0.04724 0
DT    6.01829  0.03150  0.06299 0
DT    6.03960  0.04724  0.08661 0
DT    6.05892  0.04724  0.09449 0
DT    6.07769  0.04724  0.09449 0
DT    6.09847  0.04724  0.10236 0
DT    6.11895  0.04724  0.11024 0
DT    6.13817  0.04724  0.11811 0
DT    6.15986  0.06299  0.13386 0
DT    6.17868  0.07874  0.13386 0
DT    6.19692  0.07874  0.13386 0
DT    6.21958  0.12598  0.15748 0
DT    6.24031  0.16535  0.18110 0
DT    6.26010  0.17323  0.19685 0
DT    6.28030  0.18898  0.20472 0
DT    6.29982  0.20472  0.21260 0
DT    6.32046  0.22047  0.22047 0
DT    6.33680  0.22047  0.22047 0
DT    6.35873  0.22047  0.22835 0
DT    6.37762  0.22047  0.22835 0
DT    6.40050  0.22835  0.25984 0
DT    6.41944  0.22835  0.26772 0
DT    6.43895  0.22835  0.27559 0
DT    6.45914  0.22835  0.28346 0
DT    6.47843  0.22835  0.28346 0
DT    6.49874  0.22835  0.29134 0
DT    6.51738  0.22835  0.29134 0
DT    6.53895  0.23622  0.29921 0
DT    6.55824  0.23622  0.30709 0
DT    6.58026  0.24409  0.31496 0
DT    6.59852  0.24409  0.32283 0
DT    6.62011  0.25197  0.33071 0
DT    6.64040  0.25984  0.33858 0
DT    6.65997  0.27559  0.34646 0
DT    6.67900  0.27559  0.35433 0
DT    6.69881  0.28346  0.35433 0
DT    6.71721  0.28346  0.35433 0
DT    6.73751  0.28346  0.35433 0
DT    6.75693  0.28346  0.35433 0
DT    6.77677  0.28346  0.35433 0
DT    6.80011  0.27559  0.34646 0
DT    6.81677  0.27559  0.34646 0
DT    6.83664  0.27559  0.34646 0
DT    6.85702  0.27559  0.34646 0
DT    6.87695  0.27559  0.34646 0
DT    6.89702  0.27559  0.34646 0
DT    6.91759  0.27559  0.34646 0
DT    6.93864  0.26772  0.34646 0
DT    6.95897  0.25984  0.34646 0
DT    6.97557  0.25197  0.34646 0
DT    6.99699  0.25197  0.34646 0
DT    7.01679  0.25197  0.34646 0
DT    7.03856  0.25197  0.33858 0
DT    7.05848  0.25197  0.33071 0
DT    7.07944  0.25197  0.32283 0
DT    7.09894  0.24409  0.32283 0
DT    7.11939  0.23622  0.32283 0
DT    7.14095  0.22047  0.30709 0
DT    7.15935  0.20472  0.30709 0
DT    7.18012  0.18110  0.29921 0
DT    7.19879  0.16535  0.29921 0
DT    7.21698  0.16535  0.29921 0
DT    7.23898  0.15748  0.29921 0
DT    7.26013  0.13386  0.29134 0
DT    7.27985  0.11024  0.27559 0
DT    7.29978  0.09449  0.25197 0
DT    7.31832  0.09449  0.22835 0
DT    7.33807  0.08661  0.22835 0
DT    7.35853  0.07874  0.22835 0
DT    7.37984  0.07087  0.21260 0
DT    7.39998  0.05512  0.20472 0
DT    7.41978  0.04724  0.18898 0
DT    7.43859  0.04724  0.14173 0
DT    7.45919  0.04724  0.07087 0
DT    7.48037  0.03937  0.00787 0
DT    7.49775  0.03937  0.00000 0
DT    7.51898  0.03937  0.00787 0
DT    7.53996  0.03150  0.01575 0
DT    7.55818  0.02362  0.01575 0
DT    7.57829  0.02362  0.01575 0
DT    7.59796  0.02362  0.00787 0
DT    7.61817  0.02362  0.01575 0
DT    7.63722  0.02362  0.01575 0
DT    7.65791  0.02362  0.01575 0
DT    7.67796  0.02362  0.01575 0
EL    7.67797 -0.07087  0.00000 0
DT    7.69817  0.02362  0.01575 0
EL    7.69817 -0.14173  0.00000 0
DT    7.71784  0.02362  0.01575 0
EL    7.71785 -0.21260  0.00000 0
DT    7.73808  0.02362  0.01575 0
EL    7.73809 -0.24409  0.00000 0
DT    7.75879  0.02362  0.01575 0
EL    7.75879 -0.26772  0.00000 0
DT    7.77831  0.02362  0.01575 0
EL    7.77831 -0.28346  0.00000 0
DT    7.79943  0.02362  0.01575 0
EL    7.79943 -0.29921  0.00000 0
DT    7.81821  0.02362  0.01575 0
EL    7.81822 -0.30709  0.00000 0
DT    7.83904  0.02362  0.01575 0
EL    7.83905 -0.31496  0.00000 0
DT    7.85895  0.02362  0.01575 0
EL    7.85895 -0.32283  0.00000 0
DT    7.87805  0.02362  0.01575 0
EL    7.87805 -0.33071  0.00000 0
DT    7.89850  0.02362  0.01575 0
EL    7.89850 -0.34646  0.00000 0
DT    7.91707  0.02362  0.01575 0
EL    7.91707 -0.34646  0.00000 0
DT    7.93796  0.02362  0.01575 0
EL    7.93796 -0.37795  0.00000 0
DT    7.95816  0.02362  0.01575 0
EL    7.95816 -0.39370  0.00000 0
DT    7.97791  0.02362  0.01575 0
EL    7.97791 -0.40945  0.00000 0
DT    8.00566  0.02362  0.01575 0
EL    8.00567 -0.42520  0.00000 0
DT    8.02549  0.02362  0.01575 0
EL    8.02549 -0.43307  0.00000 0
DT    8.04486  0.02362  0.01575 0
EL    8.04486 -0.43307  0.00000 0
DT    8.06125  0.02362  0.01575 0
EL    8.06125 -0.43307  0.00000 0
DT    8.07827  0.02362  0.01575 0
EL    8.07828 -0.43307  0.00000 0
DT    8.09722  0.02362  0.01575 0
EL    8.09723 -0.43307  0.00000 0
DT    8.11707  0.02362  0.01575 0
EL    8.11708 -0.43307  0.00000 0
DT    8.13696  0.02362  0.01575 0
EL    8.13697 -0.43307  0.00000 0
DT    8.15647  0.02362  0.01575 0
EL    8.15648 -0.43307  0.00000 0
DT    8.17655  0.02362  0.01575 0
EL    8.17656 -0.43307  0.00000 0
DT    8.19749  0.02362  0.01575 0
EL    8.19750 -0.43307  0.00000 0
DT    8.21686  0.02362  0.01575 0
EL    8.21686 -0.43307  0.00000 0
DT    8.23712  0.02362  0.01575 0
EL    8.23713 -0.43307  0.00000 0
DT    8.25717  0.02362  0.01575 0
EL    8.25718 -0.43307  0.00000 0
DT    8.27672  0.02362  0.01575 0
EL    8.27672 -0.43307  0.00000 0
DT    8.29938  0.03150  0.01575 0
EL    8.29939 -0.43307  0.00000 0
DT    8.31660  0.03150  0.01575 0
EL    8.31660 -0.43307  0.00000 0
DT    8.33798  0.03150  0.02362 0
EL    8.33799 -0.43307  0.00000 0
DT    8.35839  0.03150  0.01575 0
EL    8.35840 -0.43307  0.00000 0
DT    8.37684  0.03150  0.01575 0
EL    8.37684 -0.43307  0.00000 0
DT    8.39737  0.03150  0.01575 0
EL    8.39738 -0.43307  0.00000 0
DT    8.41771  0.03150  0.01575 0
EL    8.41771 -0.43307  0.00000 0
DT    8.43774  0.03150  0.01575 0
EL    8.43774 -0.43307  0.00000 0
DT    8.45982  0.03150  0.02362 0
EL    8.45983 -0.43307  0.00000 0
DT    8.47814  0.03150  0.02362 0
EL    8.47815 -0.43307  0.00000 0
DT    8.49713  0.03150  0.02362 0
EL    8.49714 -0.43307  0.00000 0
DT    8.51943  0.03150  0.01575 0
EL    8.51943 -0.43307  0.00000 0
DT    8.53730  0.03150  0.01575 0
EL    8.53730 -0.43307  0.00000 0
DT    8.55845  0.03150  0.02362 0
EL    8.55846 -0.43307  0.00000 0
DT    8.57895  0.03937  0.02362 0
EL    8.57896 -0.43307  0.00000 0
DT    8.59881  0.03937  0.01575 0
EL    8.59882 -0.43307  0.00000 0
DT    8.61705  0.03937  0.01575 0
EL    8.61706 -0.43307  0.00000 0
DT    8.63721  0.03937  0.01575 0
EL    8.63722 -0.43307  0.00000 0
DT    8.65689  0.03937  0.01575 0
EL    8.65690 -0.43307  0.00000 0
DT    8.67850  0.03937  0.00787 0
EL    8.67851 -0.43307  0.00000 0
DT    8.69698  0.03937  0.00787 0
EL    8.69699 -0.43307  0.00000 0
DT    8.71688  0.03937  0.00787 0
EL    8.71688 -0.43307  0.00000 0
DT    8.73701  0.03937  0.00787 0
EL    8.73702 -0.43307  0.00000 0
DT    8.75684  0.03937  0.00787 0
EL    8.75685 -0.43307  0.00000 0
DT    8.77669  0.03937  0.00787 0
EL    8.77669 -0.43307  0.00000 0
DT    8.79680  0.03937  0.00787 0
EL    8.79681 -0.43307  0.00000 0
DT    8.81892  0.03937  0.01575 0
EL    8.81893 -0.43307  0.00000 0
DT    8.83700  0.03937  0.01575 0
EL    8.83701 -0.43307  0.00000 0
DT    8.85784  0.03937  0.01575 0
EL    8.85784 -0.43307  0.00000 0
DT    8.87683  0.03937  0.01575 0
EL    8.87684 -0.43307  0.00000 0
DT    8.89677  0.03937  0.01575 0
EL    8.89677 -0.43307  0.00000 0
DT    8.91745  0.03937  0.01575 0
EL    8.91746 -0.43307  0.00000 0
DT    8.93685  0.03937  0.01575 0
EL    8.93685 -0.43307  0.00000 0
DT    8.95824  0.03150  0.01575 0
EL    8.95824 -0.43307  0.00000 0
DT    8.97693  0.03150  0.01575 0
EL    8.97694 -0.43307  0.00000 0
DT    8.99680  0.03150  0.01575 0
EL    8.99680 -0.43307  0.00000 0
DT    9.01868  0.03150  0.01575 0
EL    9.01869 -0.44094  0.00000 0
DT    9.03711  0.03150  0.01575 0
EL    9.03712 -0.44094  0.00000 0
DT    9.06095  0.02362  0.02362 0
EL    9.06095 -0.44882  0.00000 0
DT    9.08180  0.01575  0.01575 0
EL    9.08181 -0.45669  0.00000 0
DT    9.09961  0.00787  0.02362 0
EL    9.09962 -0.45669  0.00000 0
DT    9.11918  0.00000  0.02362 0
EL    9.11919 -0.46457  0.00000 0
DT    9.13981 -0.03906  0.02362 0
EL    9.13981 -0.48819  0.00000 0
DT    9.15899 -0.05469  0.02362 0
EL    9.15900 -0.53543  0.00000 0
DT    9.17978 -0.10938  0.02362 0
EL    9.17978 -0.58268  0.00000 0
DT    9.20111 -0.12500  0.03150 0
EL    9.20112 -0.60630  0.00000 0
DT    9.21997 -0.18750  0.03937 0
EL    9.21998 -0.62205  0.00000 0
DT    9.24054 -0.20313  0.05512 0
EL    9.24054 -0.64567  0.00000 0
DT    9.25629 -0.23438  0.07874 0
EL    9.25630 -0.64567  0.00000 0
DT    9.27629 -0.26563  0.09449 0
EL    9.27630 -0.66142  0.00000 0
DT    9.29626 -0.28906  0.11811 0
EL    9.29627 -0.66142  0.00000 0
DT    9.31769 -0.28906  0.11811 0
EL    9.31776 -0.66142  0.00000 0
DT    9.34066 -0.35156  0.17323 0
EL    9.34066 -0.66142  0.00000 0
DT    9.35651 -0.39063  0.18110 0
EL    9.35652 -0.66929  0.00000 0
DT    9.38023 -0.41406  0.20472 0
EL    9.38024 -0.66929  0.00000 0
DT    9.40135 -0.44531  0.22047 0
EL    9.40136 -0.66929  0.00000 0
DT    9.42018 -0.46875  0.22835 0
EL    9.42019 -0.66929  0.00000 0
DT    9.44053 -0.49219  0.25197 0
EL    9.44053 -0.66929  0.00000 0
DT    9.46097 -0.52344  0.26772 0
EL    9.46097 -0.66929  0.00000 0
DT    9.47930 -0.53906  0.27559 0
EL    9.47931 -0.66929  0.00000 0
DT    9.50014 -0.54688  0.28346 0
EL    9.50014 -0.66929  0.00000 0
DT    9.52045 -0.56250  0.29134 0
EL    9.52045 -0.66929  0.00000 0
DT    9.53896 -0.57031  0.29134 0
EL    9.53896 -0.66929  0.00000 0
DT    9.56019 -0.57813  0.28346 0
EL    9.56020 -0.66929  0.00000 0
DT    9.57738 -0.57813  0.28346 0
EL    9.57739 -0.66929  0.00000 0
DT    9.59843 -0.57813  0.29134 0
EL    9.59844 -0.66929  0.00000 0
DT    9.61702 -0.57813  0.29134 0
EL    9.61703 -0.66929  0.00000 0
DT    9.63873 -0.57813  0.29921 0
EL    9.63874 -0.66929  0.00000 0
DT    9.65973 -0.57813  0.29134 0
EL    9.65973 -0.53543  0.00000 0
DT    9.67970 -0.57813  0.29921 0
EL    9.67971 -0.40945  0.00000 0
DT    9.70006 -0.57813  0.29134 0
EL    9.70006 -0.18898  0.00000 0
DT    9.71710 -0.57813  0.29134 0
EL    9.71711  0.00000  0.00000 0
CS    9.73500  1.00000 -1.00000 1
DT    9.73953 -0.57813  0.29134 0
DT    9.75815 -0.57813  0.29134 0
DT    9.77737 -0.57813  0.29134 0
DT    9.79777 -0.57813  0.29134 0
DT    9.81847 -0.57813  0.29921 0
DT    9.84093 -0.57031  0.30709 0
DT    9.86110 -0.56250  0.32283 0
DT    9.87950 -0.56250  0.33858 0
DT    9.89918 -0.56250  0.36220 0
DT    9.91890 -0.56250  0.39370 0
DT    9.94001 -0.56250  0.40945 0
DT    9.95947 -0.56250  0.43307 0
DT    9.97949 -0.56250  0.45669 0
DT    9.99916 -0.56250  0.46457 0
DT   10.01985 -0.56250  0.47244 0
DT   10.03787 -0.56250  0.47244 0
DT   10.06098 -0.57031  0.48031 0
DT   10.07794 -0.57031  0.48031 0
DT   10.09715 -0.57031  0.48031 0
DT   10.11706 -0.57031  0.48031 0
DT   10.13867 -0.57813  0.48031 0
DT   10.15905 -0.58594  0.48031 0
DT   10.17919 -0.59375  0.48031 0
DT   10.19934 -0.60156  0.48031 0
DT   10.21765 -0.60156  0.48031 0
DT   10.23977 -0.60938  0.48031 0
DT   10.25747 -0.60938  0.48031 0
DT   10.27733 -0.60938  0.48031 0
DT   10.29907 -0.60938  0.48819 0
DT   10.31896 -0.60938  0.50394 0
DT   10.33727 -0.60938  0.50394 0
DT   10.35952 -0.61719  0.50394 0
DT   10.38008 -0.62500  0.51181 0
DT   10.40010 -0.64063  0.51969 0
DT   10.41972 -0.64844  0.52756 0
DT   10.44088 -0.65625  0.53543 0
DT   10.46130 -0.67188  0.54331 0
DT   10.47982 -0.68750  0.54331 0
DT   10.49837 -0.70313  0.54331 0
DT   10.51974 -0.71875  0.54331 0
DT   10.53903 -0.72656  0.54331 0
DT   10.56152 -0.74219  0.55118 0
DT   10.57909 -0.75000  0.55118 0
DT   10.59949 -0.75781  0.55118 0
DT   10.61928 -0.76563  0.55118 0
DT   10.63822 -0.76563  0.55118 0
DT   10.65858 -0.77344  0.55118 0
DT   10.67823 -0.77344  0.55118 0
DT   10.69727 -0.77344  0.55118 0
DT   10.71868 -0.78125  0.55118 0
DT   10.73713 -0.78125  0.55118 0
DT   10.75711 -0.78125  0.55118 0
DT   10.77884 -0.78906  0.55118 0
DT   10.79780 -0.78906  0.55118 0
DT   10.81724 -0.78906  0.55118 0
DT   10.83683 -0.78906  0.55118 0
DT   10.85787 -0.78906  0.55118 0
DT   10.87884 -0.78906  0.54331 0
DT   10.89713 -0.78906  0.54331 0
DT   10.91796 -0.78906  0.54331 0
DT   10.93697 -0.78906  0.54331 0
DT   10.95875 -0.78906  0.53543 0
DT   10.97843 -0.78906  0.52756 0
DT   10.99930 -0.78906  0.51969 0
DT   11.01858 -0.78906  0.51181 0
DT   11.03960 -0.78906  0.48031 0
DT   11.06168 -0.77344  0.45669 0
DT   11.08109 -0.73438  0.44094 0
DT   11.10008 -0.68750  0.40945 0
DT   11.12068 -0.64844  0.38583 0
DT   11.14051 -0.56250  0.35433 0
DT   11.16056 -0.48438  0.33858 0
DT   11.17998 -0.37500  0.33858 0
DT   11.20169 -0.27344  0.34646 0
DT   11.21978 -0.17188  0.34646 0
DT   11.24063 -0.00781  0.35433 0
DT   11.26088  0.02362  0.36220 0
DT   11.28023  0.03150  0.37008 0
DT   11.30044  0.03150  0.38583 0
DT   11.31925  0.03937  0.38583 0
DT   11.34074  0.04724  0.39370 0
DT   11.36151  0.06299  0.40157 0
DT   11.37912  0.07874  0.40945 0
DT   11.39900  0.11024  0.42520 0
DT   11.41987  0.12598  0.43307 0
DT   11.43820  0.15748  0.44094 0
DT   11.46098  0.17323  0.45669 0
DT   11.48086  0.20472  0.47244 0
DT   11.49928  0.22835  0.48031 0
DT   11.51985  0.25197  0.50394 0
DT   11.53711  0.25197  0.50394 0
DT   11.56058  0.27559  0.52756 0
DT   11.58085  0.29134  0.54331 0
DT   11.59835  0.29134  0.55906 0
DT   11.61921  0.29134  0.56693 0
DT   11.64159  0.29134  0.58268 0
DT   11.66030  0.28346  0.59055 0
DT   11.68033  0.23622  0.61417 0
DT   11.69925  0.19685  0.62992 0
DT   11.71994  0.12598  0.65354 0
DT   11.74042  0.04724  0.66142 0
DT   11.76070  0.00787  0.67717 0
DT   11.78082 -0.02344  0.68504 0
DT   11.80030 -0.11719  0.69291 0
DT   11.81997 -0.20313  0.70079 0
DT   11.83879 -0.25781  0.70079 0
DT   11.85907 -0.30469  0.70079 0
DT   11.87953 -0.39844  0.70079 0
DT   11.89908 -0.42969  0.70079 0
DT   11.91856 -0.46875  0.70079 0
DT   11.93886 -0.49219  0.70079 0
DT   11.95770 -0.49219  0.70079 0
DT   11.97768 -0.49219  0.70079 0
DT   11.99932 -0.50000  0.70079 0
DT   12.01732 -0.50000  0.70079 0
DT   12.03721 -0.50000  0.70079 0
DT   12.05679 -0.50000  0.70079 0
DT   12.07747 -0.50000  0.70079 0
DT   12.09893 -0.49219  0.70079 0
DT   12.11982 -0.48438  0.69291 0
DT   12.13910 -0.46094  0.68504 0
DT   12.15917 -0.42969  0.67717 0
DT   12.17898 -0.39844  0.63780 0
DT   12.20014 -0.33594  0.55906 0
DT   12.22071 -0.30469  0.47244 0
DT   12.23605 -0.23438  0.40157 0
DT   12.25620 -0.23438  0.40157 0
DT   12.27952 -0.12500  0.35433 0
DT   12.30065 -0.07813  0.34646 0
DT   12.31984 -0.03906  0.33858 0
DT   12.33812 -0.03906  0.34646 0
DT   12.35894 -0.03906  0.35433 0
DT   12.37639 -0.03906  0.35433 0
DT   12.39897 -0.03906  0.36220 0
DT   12.41795 -0.03906  0.35433 0
DT   12.43807 -0.03125  0.35433 0
DT   12.45959  0.00000  0.33858 0
DT   12.47984  0.01575  0.33071 0
DT   12.49703  0.01575  0.33071 0
DT   12.51885  0.01575  0.32283 0
DT   12.53931  0.00787  0.31496 0
DT   12.55897  0.00787  0.30709 0
DT   12.57873  0.00787  0.27559 0
DT   12.60057 -0.00781  0.24409 0
DT   12.62047 -0.07031  0.19685 0
DT   12.64066 -0.11719  0.17323 0
DT   12.66023 -0.21875  0.06299 0
DT   12.68073 -0.25000  0.01575 0
DT   12.69982 -0.28125  0.00787 0
DT   12.71857 -0.28125  0.01575 0
DT   12.73932 -0.28125  0.02362 0
DT   12.76026 -0.27344  0.00787 0
DT   12.77857 -0.25781  0.00787 0
DT   12.79894 -0.23438  0.00787 0
DT   12.81876 -0.23438  0.00000 0
DT   12.83919 -0.23438 -0.01563 0
DT   12.85926 -0.23438 -0.03906 0
DT   12.87909 -0.25781 -0.07813 0
DT   12.89922 -0.27344 -0.11719 0
DT   12.92057 -0.31250 -0.12500 0
DT   12.93915 -0.33594 -0.15625 0
DT   12.96013 -0.35156 -0.16406 0
DT   12.97883 -0.35156 -0.17188 0
DT   12.99833 -0.35156 -0.18750 0
DT   13.01764 -0.35156 -0.18750 0
DT   13.03813 -0.32813 -0.18750 0
DT   13.06449 -0.31250 -0.18750 0
DT   13.09003 -0.31250 -0.18750 0
DT   13.12061 -0.27344 -0.18750 0
DT   13.12581 -0.25781 -0.18750 0
DT   13.13786 -0.25781 -0.18750 0
DT   13.15861 -0.21875 -0.18750 0
DT   13.17772 -0.21875 -0.18750 0
DT   13.19705 -0.21875 -0.18750 0
DT   13.21864 -0.23438 -0.18750 0
DT   13.23915 -0.26563 -0.18750 0
DT   13.25899 -0.28906 -0.18750 0
DT   13.27997 -0.33594 -0.17969 0
DT   13.29876 -0.38281 -0.17969 0
DT   13.31820 -0.40625 -0.17969 0
DT   13.33951 -0.42188 -0.17969 0
DT   13.35965 -0.42188 -0.17188 0
DT   13.37748 -0.42188 -0.17188 0
DT   13.39762 -0.42188 -0.17188 0
DT   13.41794 -0.42188 -0.17188 0
DT   13.43751 -0.42188 -0.17188 0
DT   13.45804 -0.42188 -0.17188 0
DT   13.48059 -0.41406 -0.17969 0
DT   13.49862 -0.41406 -0.17188 0
DT   13.51833 -0.42188 -0.17188 0
DT   13.53831 -0.42188 -0.16406 0
DT   13.55837 -0.42188 -0.15625 0
DT   13.58030 -0.43750 -0.14844 0
DT   13.60033 -0.45313 -0.14063 0
DT   13.61928 -0.46875 -0.13281 0
DT   13.64024 -0.47656 -0.12500 0
DT   13.65897 -0.49219 -0.12500 0
DT   13.67995 -0.50781 -0.11719 0
DT   13.70037 -0.53125 -0.10938 0
DT   13.71988 -0.53906 -0.10156 0
DT   13.74075 -0.54688 -0.08594 0
DT   13.76063 -0.55469 -0.07031 0
DT   13.77922 -0.55469 -0.04688 0
DT   13.79979 -0.55469 -0.03125 0
DT   13.81933 -0.55469 -0.00781 0
DT   13.83912 -0.55469  0.00000 0
DT   13.85884 -0.55469  0.00787 0
DT   13.87857 -0.55469  0.01575 0
DT   13.89923 -0.55469  0.02362 0
DT   13.91728 -0.55469  0.02362 0
DT   13.93706 -0.55469  0.02362 0
DT   13.95956 -0.54688  0.02362 0
DT   13.97850 -0.53906  0.02362 0
DT   13.99847 -0.49219  0.02362 0
DT   14.01856 -0.46094  0.02362 0
DT   14.03821 -0.42188  0.02362 0
DT   14.06047 -0.39844  0.02362 0
DT   14.07963 -0.35156  0.02362 0
DT   14.09972 -0.32813  0.02362 0
CA   14.11532  0.00000  0.00000 0
DT   14.12003 -0.28125  0.02362 0
DT   14.13964 -0.26563  0.02362 0
DT   14.15865 -0.21875  0.02362 0
DT   14.17935 -0.17188  0.02362 0
DT   14.20093 -0.05469  0.01575 0
DT   14.21907  0.00000  0.01575 0
DT   14.24078  0.00787  0.00787 0
DT   14.25688  0.00787  0.00787 0
DT   14.27880  0.00787  0.00000 0
DT   14.29880  0.00787  0.00787 0
DT   14.31694  0.00787  0.00787 0
DT   14.33800  0.00787  0.01575 0
DT   14.36028  0.01575  0.02362 0
DT   14.37699  0.01575  0.02362 0
DT   14.39743  0.01575  0.02362 0
DT   14.41748  0.01575  0.02362 0
DT   14.43751  0.01575  0.02362 0
DT   14.45736  0.01575  0.02362 0
DT   14.47654  0.01575  0.02362 0
DT   14.49689  0.01575  0.02362 0
DT   14.51737  0.01575  0.02362 0
DT   14.53676  0.01575  0.02362 0
DT   14.55732  0.01575  0.02362 0
DT   14.57714  0.01575  0.02362 0
DT   14.59726  0.01575  0.02362 0
DT   14.61842  0.02362  0.02362 0
DT   14.63719  0.02362  0.02362 0
DT   14.65805  0.03150  0.02362 0
DT   14.67697  0.03150  0.02362 0
DT   14.69800  0.03150  0.03150 0
DT   14.71962  0.04724  0.04724 0
DT   14.74055  0.05512  0.09449 0
DT   14.75986  0.07874  0.11811 0
DT   14.78097  0.10236  0.14961 0
DT   14.80082  0.11024  0.17323 0
DT   14.81947  0.13386  0.20472 0
DT   14.84075  0.15748  0.22047 0
DT   14.86124  0.17323  0.22835 0
DT   14.87997  0.21260  0.25197 0
DT   14.89976  0.22047  0.25984 0
DT   14.91984  0.22835  0.25984 0
DT   14.93881  0.24409  0.25984 0
DT   14.95937  0.25197  0.25984 0
DT   14.97754  0.25197  0.25984 0
DT   14.99662  0.25197  0.25984 0
DT   15.01826  0.25197  0.25197 0
DT   15.03829  0.25197  0.25984 0
DT   15.05691  0.25197  0.25984 0
DT   15.07885  0.25984  0.25984 0
DT   15.09709  0.25984  0.25984 0
DT   15.11753  0.25984  0.25984 0
DT   15.13729  0.25984  0.25984 0
DT   15.15688  0.25984  0.25984 0
DT   15.17846  0.25984  0.26772 0
DT   15.19827  0.25984  0.25984 0
DT   15.21855  0.26772  0.25984 0
DT   15.23894  0.26772  0.26772 0
DT   15.25708  0.26772  0.26772 0
DT   15.27724  0.26772  0.26772 0
DT   15.29733  0.26772  0.26772 0
DT   15.31734  0.26772  0.26772 0
DT   15.33754  0.26772  0.26772 0
DT   15.35698  0.26772  0.26772 0
DT   15.37684  0.26772  0.26772 0
DT   15.39828  0.26772  0.26772 0
DT   15.41812  0.25984  0.26772 0
DT   15.43835  0.25197  0.26772 0
DT   15.45937  0.23622  0.26772 0
DT   15.47894  0.22047  0.25984 0
DT   15.49952  0.18110  0.25984 0
DT   15.52030  0.16535  0.25197 0
DT   15.54000  0.15748  0.24409 0
DT   15.56124  0.12598  0.23622 0
DT   15.57982  0.09449  0.22835 0
DT   15.59696  0.09449  0.22835 0
DT   15.62018  0.04724  0.21260 0
DT   15.63757  0.04724  0.21260 0
DT   15.65689  0.04724  0.21260 0
DT   15.67770  0.04724  0.21260 0
DT   15.69686  0.04724  0.21260 0
DT   15.71705  0.04724  0.21260 0
DT   15.73862  0.04724  0.20472 0
DT   15.75682  0.04724  0.20472 0
DT   15.77816  0.04724  0.19685 0
DT   15.79778  0.04724  0.19685 0
DT   15.81694  0.04724  0.19685 0
DT   15.83766  0.04724  0.19685 0
DT   15.85800  0.04724  0.18898 0
DT   15.87817  0.04724  0.18110 0
DT   15.89873  0.04724  0.16535 0
DT   15.91654  0.04724  0.16535 0
DT   15.93867  0.04724  0.14961 0
CS   15.95441  0.00000  0.00000 0
DT   15.95861  0.04724  0.14961 0
DT   15.97840  0.04724  0.14173 0
DT   15.99983  0.03937  0.13386 0
DT   16.01875  0.03937  0.10236 0
DT   16.03944  0.03937  0.04724 0
EL   16.03944  0.05469  0.00000 0
DT   16.06012  0.03937  0.01575 0
EL   16.06013  0.09375  0.00000 0
DT   16.07826  0.03937  0.01575 0
EL   16.07826  0.14844  0.00000 0
DT   16.09860  0.03937  0.01575 0
EL   16.09860  0.16406  0.00000 0
DT   16.11795  0.03937  0.01575 0
EL   16.11796  0.17969  0.00000 0
DT   16.13839  0.03937  0.01575 0
EL   16.13840  0.18750  0.00000 0
DT   16.15775  0.03937  0.01575 0
EL   16.15776  0.19531  0.00000 0
DT   16.17733  0.03937  0.01575 0
EL   16.17734  0.19531  0.00000 0
DT   16.19843  0.03937  0.01575 0
EL   16.19844  0.21094  0.00000 0
DT   16.21881  0.03937  0.01575 0
EL   16.21882  0.22656  0.00000 0
DT   16.23854  0.03937  0.01575 0
EL   16.23854  0.28125  0.00000 0
DT   16.25821  0.03937  0.01575 0
EL   16.25822  0.37500  0.00000 0
DT   16.27825  0.03937  0.01575 0
EL   16.27825  0.46875  0.00000 0
DT   16.29842  0.03937  0.01575 0
EL   16.29842  0.50000  0.00000 0
DT   16.31966  0.04724  0.01575 0
EL   16.31967  0.53125  0.00000 0
DT   16.33752  0.04724  0.01575 0
EL   16.33753  0.53125  0.00000 0
DT   16.35713  0.04724  0.01575 0
EL   16.35714  0.53125  0.00000 0
DT   16.37652  0.04724  0.01575 0
EL   16.37653  0.53125  0.00000 0
DT   16.39831  0.03937  0.01575 0
EL   16.39832  0.53125  0.00000 0
DT   16.42051  0.04724  0.02362 0
EL   16.42051  0.53125  0.00000 0
DT   16.43664  0.04724  0.02362 0
EL   16.43665  0.53125  0.00000 0
DT   16.45667  0.04724  0.02362 0
EL   16.45668  0.53125  0.00000 0
DT   16.47670  0.04724  0.02362 0
EL   16.47670  0.53125  0.00000 0
DT   16.49658  0.04724  0.02362 0
EL   16.49659  0.53125  0.00000 0
DT   16.51860  0.04724  0.02362 0
EL   16.51860  0.53906  0.00000 0
DT   16.53763  0.04724  0.02362 0
EL   16.53764  0.53906  0.00000 0
DT   16.55655  0.04724  0.02362 0
EL   16.55656  0.53906  0.00000 0
DT   16.57835  0.05512  0.02362 0
EL   16.57835  0.53906  0.00000 0
DT   16.59628  0.05512  0.02362 0
EL   16.59629  0.53906  0.00000 0
DT   16.61860  0.06299  0.02362 0
EL   16.61861  0.53906  0.00000 0
DT   16.63860  0.07087  0.02362 0
EL   16.63860  0.53906  0.00000 0
DT   16.65811  0.08661  0.02362 0
EL   16.65811  0.53906  0.00000 0
DT   16.67929  0.09449  0.02362 0
EL   16.67929  0.53906  0.00000 0
DT   16.69860  0.10236  0.02362 0
EL   16.69860  0.53906  0.00000 0
DT   16.71861  0.09449  0.02362 0
EL   16.71862  0.53906  0.00000 0
DT   16.73728  0.09449  0.02362 0
EL   16.73729  0.53906  0.00000 0
DT   16.75926  0.06299  0.01575 0
EL   16.75927  0.53906  0.00000 0
DT   16.77880  0.03937  0.01575 0
EL   16.77881  0.53906  0.00000 0
DT   16.80014  0.03937  0.00787 0
EL   16.80015  0.47656  0.00000 0
DT   16.82017  0.03150  0.00000 0
EL   16.82018  0.47656  0.00000 0
DT   16.84075  0.02362  0.01575 0
EL   16.84076  0.46875  0.00000 0
DT   16.85978  0.02362  0.00787 0
EL   16.85979  0.46094  0.00000 0
DT   16.87972  0.01575  0.00000 0
EL   16.87973  0.46094  0.00000 0
DT   16.90059 -0.00781 -0.03906 0
EL   16.90060  0.46094  0.00000 0
DT   16.91990 -0.05469 -0.07813 0
EL   16.91991  0.46094  0.00000 0
DT   16.93917 -0.10156 -0.09375 0
EL   16.93918  0.46094  0.00000 0
DT   16.95747 -0.10156 -0.09375 0
EL   16.95748  0.46094  0.00000 0
DT   16.97984 -0.14063 -0.11719 0
EL   16.97985  0.46094  0.00000 0
DT   17.00091 -0.21094 -0.13281 0
EL   17.00091  0.46094  0.00000 0
DT   17.02078 -0.24219 -0.14063 0
EL   17.02079  0.43750  0.00000 0
DT   17.04092 -0.28125 -0.16406 0
EL   17.04093  0.40625  0.00000 0
DT   17.06116 -0.31250 -0.17188 0
EL   17.06117  0.38281  0.00000 0
DT   17.08062 -0.33594 -0.19531 0
EL   17.08065  0.35156  0.00000 0
DT   17.10109 -0.35938 -0.20313 0
EL   17.10109  0.31250  0.00000 0
DT   17.12120 -0.36719 -0.21094 0
EL   17.12121  0.24219  0.00000 0
DT   17.14142 -0.37500 -0.21875 0
EL   17.14143  0.18750  0.00000 0
DT   17.15858 -0.37500 -0.21875 0
EL   17.15858  0.09375  0.00000 0
DT   17.18029 -0.36719 -0.21094 0
EL   17.18029  0.00000  0.00000 0
DT   17.19887 -0.36719 -0.21094 0
DT   17.21699 -0.36719 -0.21094 0
DT   17.23729 -0.36719 -0.21094 0
DT   17.25952 -0.35938 -0.20313 0
DT   17.27673 -0.35938 -0.20313 0
DT   17.29710 -0.35938 -0.20313 0
DT   17.31846 -0.35156 -0.20313 0
DT   17.33976 -0.34375 -0.19531 0
DT   17.35901 -0.34375 -0.20313 0
DT   17.38004 -0.33594 -0.19531 0
DT   17.39972 -0.32813 -0.19531 0
DT   17.41732 -0.32813 -0.19531 0
DT   17.43893 -0.32813 -0.18750 0
DT   17.45884 -0.32813 -0.19531 0
DT   17.47686 -0.32813 -0.19531 0
DT   17.49866 -0.32031 -0.19531 0
DT   17.51680 -0.32031 -0.19531 0
DT   17.53847 -0.32031 -0.20313 0
DT   17.55782 -0.32031 -0.20313 0
DT   17.58040 -0.31250 -0.21094 0
DT   17.60065 -0.30469 -0.21875 0
DT   17.61982 -0.29688 -0.21875 0
DT   17.64049 -0.28125 -0.22656 0
DT   17.65832 -0.25781 -0.22656 0
DT   17.68070 -0.23438 -0.23438 0
DT   17.69877 -0.20313 -0.23438 0
DT   17.72061 -0.16406 -0.24219 0
DT   17.73932 -0.11719 -0.24219 0
DT   17.75920 -0.04688 -0.24219 0
DT   17.77936  0.00787 -0.24219 0
DT   17.80047  0.01575 -0.24219 0
DT   17.81741  0.01575 -0.24219 0
DT   17.83663  0.01575 -0.24219 0
DT   17.85566  0.01575 -0.24219 0
DT   17.87858  0.01575 -0.25000 0
DT   17.89757  0.01575 -0.25000 0
CS   17.91591 -1.00000  1.00000 1
DT   17.92060  0.01575 -0.27344 0
DT   17.93919  0.01575 -0.28125 0
DT   17.96080  0.00787 -0.31250 0
DT   17.98058  0.01575 -0.32813 0
DT   18.00092  0.00787 -0.35938 0
DT   18.01924  0.00787 -0.37500 0
DT   18.03932  0.00787 -0.42188 0
DT   18.05859  0.00787 -0.42969 0
DT   18.07933  0.00787 -0.43750 0
DT   18.09725  0.00787 -0.43750 0
DT   18.11676  0.00787 -0.43750 0
DT   18.14498  0.00000 -0.42969 0
DT   18.15872  0.00000 -0.39844 0
DT   18.18123  0.00000 -0.39844 0
DT   18.20153  0.00787 -0.32031 0
DT   18.21986  0.00787 -0.28906 0
DT   18.23573  0.00787 -0.25000 0
DT   18.26028  0.01575 -0.17969 0
DT   18.27889  0.01575 -0.14063 0
DT   18.30006  0.01575 -0.04688 0
DT   18.31935  0.01575  0.01575 0
DT   18.33905  0.01575  0.03937 0
CS   18.35408  0.00000  0.00000 0
DT   18.35889  0.01575  0.03937 0
DT   18.37911  0.01575  0.02362 0
DT   18.39859  0.01575  0.02362 0
DT   18.41815  0.01575  0.02362 0
DT   18.43663  0.01575  0.02362 0
DT   18.45690  0.01575  0.02362 0
DT   18.47745  0.01575  0.02362 0
DT   18.49749  0.01575  0.02362 0
DT   18.51797  0.01575  0.02362 0
DT   18.53723  0.01575  0.02362 0
DT   18.55696  0.01575  0.02362 0
DT   18.57731  0.01575  0.02362 0
DT   18.59802  0.01575  0.02362 0
DT   18.61726  0.01575  0.02362 0
DT   18.63773  0.01575  0.02362 0
DT   18.65737  0.01575  0.02362 0
DT   18.67681  0.01575  0.02362 0
DT   18.69742  0.01575  0.02362 0
DT   18.71677  0.01575  0.02362 0
DT   18.73914  0.01575  0.01575 0
DT   18.75835  0.01575  0.02362 0
DT   18.78071  0.02362  0.01575 0
DT   18.79818  0.02362  0.01575 0
DT   18.81764  0.02362  0.01575 0
DT   18.83688  0.02362  0.01575 0
DT   18.85729  0.02362  0.01575 0
DT   18.87632  0.02362  0.01575 0
DT   18.89685  0.02362  0.01575 0
DT   18.92048  0.03150  0.02362 0
DT   18.93747  0.03150  0.02362 0
DT   18.95758  0.03150  0.02362 0
DT   18.97800  0.03150  0.02362 0
DT   18.99785  0.03150  0.02362 0
DT   19.01753  0.03150  0.02362 0
DT   19.03806  0.03150  0.02362 0
DT   19.05754  0.03150  0.02362 0
DT   19.07709  0.03150  0.02362 0
DT   19.09714  0.03150  0.02362 0
DT   19.11757  0.03150  0.02362 0
DT   19.13746  0.03150  0.02362 0
DT   19.15702  0.03150  0.02362 0
DT   19.17646  0.03150  0.02362 0
DT   19.19795  0.03150  0.02362 0
DT   19.21844  0.03150  0.03150 0
DT   19.23895  0.03150  0.04724 0
DT   19.25731  0.03150  0.04724 0
DT   19.28018  0.03937  0.07874 0
DT   19.30107  0.04724  0.11024 0
DT   19.32018  0.05512  0.16535 0
DT   19.34032  0.08661  0.19685 0
DT   19.36064  0.11811  0.22047 0
DT   19.38014  0.13386  0.22835 0
DT   19.40138  0.15748  0.25984 0
DT   19.42076  0.16535  0.26772 0
DT   19.43930  0.18110  0.26772 0
DT   19.45891  0.20472  0.26772 0
DT   19.48027  0.22835  0.27559 0
DT   19.50016  0.24409  0.28346 0
DT   19.51844  0.25197  0.28346 0
DT   19.53951  0.25197  0.29134 0
DT   19.56114  0.25984  0.29921 0
DT   19.57779  0.25984  0.29921 0
DT   19.59954  0.25984  0.30709 0
DT   19.61887  0.25984  0.31496 0
DT   19.63752  0.25984  0.31496 0
DT   19.65884  0.25984  0.32283 0
DT   19.67690  0.25984  0.32283 0
DT   19.70016  0.26772  0.33071 0
DT   19.71872  0.26772  0.33858 0
DT   19.73989  0.27559  0.33071 0
DT   19.75984  0.27559  0.33858 0
DT   19.77656  0.27559  0.33858 0
DT   19.79699  0.27559  0.33858 0
DT   19.81801  0.27559  0.34646 0
DT   19.83643  0.27559  0.34646 0
DT   19.85712  0.27559  0.34646 0
DT   19.87681  0.27559  0.34646 0
DT   19.89735  0.27559  0.34646 0
DT   19.91906  0.27559  0.33858 0
DT   19.93734  0.27559  0.33858 0
DT   19.95639  0.27559  0.33858 0
DT   19.97705  0.27559  0.33858 0
DT   19.99738  0.27559  0.33858 0
DT   20.01681  0.27559  0.33858 0
DT   20.03687  0.27559  0.33858 0
DT   20.05688  0.27559  0.33858 0
DT   20.07715  0.27559  0.33858 0
DT   20.09787  0.27559  0.33858 0
DT   20.11671  0.27559  0.33858 0
DT   20.14023  0.26772  0.33071 0
DT   20.15825  0.27559  0.33071 0
DT   20.17777  0.26772  0.33071 0
DT   20.19733  0.26772  0.33071 0
DT   20.21681  0.26772  0.33071 0
DT   20.23660  0.26772  0.33071 0
DT   20.25677  0.26772  0.33071 0
DT   20.27726  0.26772  0.33071 0
DT   20.29835  0.26772  0.33071 0
DT   20.31932  0.27559  0.33071 0
DT   20.33703  0.27559  0.33071 0
DT   20.35928  0.26772  0.33071 0
DT   20.37844  0.27559  0.33071 0
DT   20.39731  0.27559  0.33071 0
DT   20.41798  0.27559  0.33071 0
DT   20.43764  0.27559  0.33071 0
DT   20.45698  0.27559  0.33071 0
DT   20.47685  0.27559  0.33071 0
DT   20.49945  0.26772  0.33071 0
DT   20.51671  0.26772  0.33071 0
DT   20.53678  0.26772  0.33071 0
DT   20.55653  0.26772  0.33071 0
DT   20.57853  0.26772  0.32283 0
DT   20.59922  0.26772  0.31496 0
DT   20.61783  0.26772  0.30709 0
DT   20.63742  0.26772  0.30709 0
DT   20.65676  0.26772  0.30709 0
DT   20.67665  0.26772  0.30709 0
DT   20.70082  0.25984  0.29921 0
DT   20.71961  0.23622  0.29134 0
DT   20.74012  0.21260  0.28346 0
DT   20.75916  0.17323  0.23622 0
DT   20.77885  0.14173  0.20472 0
DT   20.80169  0.03150  0.11811 0
DT   20.81844  0.03150  0.02362 0
DT   20.83871  0.03150  0.00787 0
DT   20.86047  0.03937  0.01575 0
DT   20.87825  0.03150  0.01575 0
DT   20.89734  0.03150  0.01575 0
DT   20.91768  0.03150  0.01575 0
DT   20.93720  0.03150  0.01575 0
DT   20.95701  0.03150  0.01575 0
DT   20.97714  0.03150  0.01575 0
DT   20.99729  0.03150  0.01575 0
DT   21.01707  0.03150  0.01575 0
DT   21.03841  0.02362  0.01575 0
DT   21.05687  0.02362  0.01575 0
DT   21.07506  0.02362  0.01575 0
DT   21.09734  0.02362  0.01575 0
DT   21.11642  0.02362  0.01575 0
DT   21.13835  0.02362  0.01575 0
DT   21.15760  0.02362  0.01575 0
DT   21.17786  0.02362  0.01575 0
DT   21.19658  0.02362  0.01575 0
DT   21.21669  0.02362  0.01575 0
DT   21.23672  0.02362  0.01575 0
DT   21.25727  0.02362  0.01575 0
DT   21.27696  0.02362  0.01575 0
DT   21.29874  0.02362  0.00787 0
DT   21.31749  0.02362  0.00787 0
DT   21.33736  0.02362  0.00787 0
DT   21.35750  0.02362  0.00787 0
DT   21.37706  0.02362  0.00787 0
DT   21.39674  0.02362  0.00787 0
DT   21.41698  0.02362  0.00787 0
DT   21.43691  0.02362  0.00787 0
DT   21.45673  0.02362  0.00787 0
DT   21.47704  0.02362  0.00787 0
DT   21.49704  0.02362  0.00787 0
DT   21.51707  0.02362  0.00787 0
DT   21.53727  0.02362  0.00787 0
DT   21.55648  0.02362  0.00787 0
DT   21.57700  0.02362  0.00787 0
DT   21.59652  0.02362  0.00787 0
DT   21.61684  0.02362  0.00787 0
DT   21.63675  0.02362  0.00787 0
DT   21.65668  0.02362  0.00787 0
DT   21.67659  0.02362  0.00787 0
DT   21.69763  0.02362  0.00787 0
DT   21.71715  0.02362  0.00787 0
DT   21.73743  0.02362  0.00787 0
DT   21.75774  0.02362  0.00787 0
DT   21.77664  0.02362  0.00787 0
DT   21.79755  0.02362  0.00787 0
DT   21.81670  0.02362  0.00787 0
DT   21.83674  0.02362  0.00787 0
DT   21.85725  0.02362  0.00787 0
DT   21.87671  0.02362  0.00787 0
DT   21.89698  0.02362  0.00787 0
DT   21.91741  0.02362  0.00787 0
DT   21.93681  0.02362  0.00787 0
DT   21.95712  0.02362  0.00787 0
DT   21.97709  0.02362  0.00787 0
DT   21.99667  0.02362  0.00787 0
DT   22.01693  0.02362  0.00787 0
DT   22.03679  0.02362  0.00787 0
DT   22.05651  0.02362  0.00787 0
DT   22.07728  0.02362  0.00787 0
DT   22.09709  0.02362  0.00787 0
DT   22.11694  0.02362  0.00787 0
DT   22.13734  0.02362  0.00787 0
DT   22.15698  0.02362  0.00787 0
DT   22.17683  0.02362  0.00787 0
DT   22.19677  0.02362  0.00787 0
DT   22.21677  0.02362  0.00787 0
DT   22.23726  0.02362  0.00787 0
DT   22.25673  0.02362  0.00787 0
DT   22.27691  0.02362  0.00787 0
DT   22.29722  0.02362  0.00787 0
DT   22.31706  0.02362  0.00787 0
DT   22.33667  0.02362  0.00787 0
DT   22.35677  0.02362  0.00787 0
DT   22.37656  0.02362  0.00787 0
DT   22.39675  0.02362  0.00787 0
DT   22.41657  0.02362  0.00787 0
DT   22.43674  0.02362  0.00787 0
DT   22.45772  0.02362  0.00787 0
DT   22.47742  0.02362  0.00787 0
DT   22.49747  0.02362  0.00787 0
DT   22.51809  0.02362  0.00787 0
DT   22.53687  0.02362  0.00787 0
DT   22.55735  0.02362  0.00787 0
DT   22.57695  0.02362  0.00787 0
DT   22.59714  0.02362  0.00787 0
DT   22.61751  0.02362  0.00787 0
DT   22.63702  0.02362  0.00787 0
DT   22.65675  0.02362  0.00787 0
DT   22.67679  0.02362  0.00787 0
DT   22.69659  0.02362  0.00787 0
DT   22.71690  0.02362  0.00787 0
DT   22.73762  0.02362  0.00787 0
DT   22.75681  0.02362  0.00787 0
DT   22.77655  0.02362  0.00787 0
DT   22.79656  0.02362  0.00787 0
DT   22.81714  0.02362  0.00787 0
DT   22.83651  0.02362  0.00787 0
DT   22.85673  0.02362  0.00787 0
DT   22.87679  0.02362  0.00787 0
DT   22.89692  0.02362  0.00787 0
DT   22.91661  0.02362  0.00787 0
DT   22.93699  0.02362  0.00787 0
DT   22.95713  0.02362  0.00787 0
DT   22.97691  0.02362  0.00787 0
DT   22.99647  0.02362  0.00787 0
DT   23.01726  0.02362  0.00787 0
DT   23.03704  0.02362  0.00787 0
DT   23.05675  0.02362  0.00787 0
DT   23.07645  0.02362  0.00787 0
DT   23.09646  0.02362  0.00787 0
DT   23.11714  0.02362  0.00787 0
DT   23.13671  0.02362  0.00787 0
DT   23.15681  0.02362  0.00787 0
DT   23.17969  0.02362  0.00787 0
DT   23.19893  0.02362  0.00787 0
DT   23.22032  0.02362  0.00787 0
DT   23.23996  0.02362  0.00787 0
DT   23.25683  0.02362  0.00787 0
DT   23.27675  0.02362  0.00787 0
DT   23.29709  0.02362  0.00787 0
DT   23.31726  0.02362  0.00787 0
DT   23.33752  0.02362  0.00787 0
DT   23.35778  0.02362  0.00787 0
DT   23.37708  0.02362  0.00787 0
DT   23.39672  0.02362  0.00787 0
DT   23.41658  0.02362  0.00787 0
DT   23.43652  0.02362  0.00787 0
DT   23.45707  0.02362  0.00787 0
DT   23.47631  0.02362  0.00787 0
DT   23.49704  0.02362  0.00787 0
DT   23.51697  0.02362  0.00787 0
DT   23.53896  0.01575  0.00787 0
DT   23.55935  0.02362  0.00787 0
DT   23.57690  0.02362  0.00787 0
DT   23.59655  0.02362  0.00787 0
DT   23.61688  0.02362  0.00787 0
DT   23.63668  0.02362  0.00787 0
DT   23.65677  0.02362  0.00787 0
DT   23.67712  0.02362  0.00787 0
DT   23.69866  0.01575  0.00787 0
DT   23.71852  0.02362  0.00787 0
DT   23.73885  0.01575  0.00787 0
DT   23.75845  0.02362  0.00787 0
DT   23.77715  0.02362  0.00787 0
DT   23.79668  0.02362  0.00787 0
DT   23.81669  0.02362  0.00787 0
DT   23.83688  0.02362  0.00787 0
DT   23.85685  0.02362  0.00787 0
DT   23.87670  0.02362  0.00787 0
DT   23.89738  0.02362  0.00787 0
DT   23.91710  0.02362  0.00787 0
DT   23.93718  0.02362  0.00787 0
DT   23.95749  0.02362  0.00787 0
DT   23.97673  0.02362  0.00787 0
DT   23.99723  0.02362  0.00787 0
DT   24.01720  0.02362  0.00787 0
DT   24.03731  0.02362  0.00787 0
DT   24.05759  0.02362  0.00787 0
DT   24.07727  0.02362  0.00787 0
DT   24.09706  0.02362  0.00787 0
DT   24.11796  0.02362  0.00787 0
DT   24.13653  0.02362  0.00787 0
DT   24.15669  0.02362  0.00787 0
DT   24.17647  0.02362  0.00787 0
DT   24.19657  0.02362  0.00787 0
DT   24.21703  0.02362  0.00787 0
DT   24.23708  0.02362  0.00787 0
DT   24.25729  0.02362  0.00787 0
DT   24.27713  0.02362  0.00787 0
DT   24.29687  0.02362  0.00787 0
DT   24.31677  0.02362  0.00787 0
DT   24.33690  0.02362  0.00787 0
DT   24.35698  0.02362  0.00787 0
DT   24.37659  0.02362  0.00787 0
DT   24.39679  0.02362  0.00787 0
DT   24.41706  0.02362  0.00787 0
DT   24.43704  0.02362  0.00787 0
DT   24.45720  0.02362  0.00787 0
DT   24.47686  0.02362  0.00787 0
DT   24.49697  0.02362  0.00787 0
EL   24.98397  0.00000  0.00000 1
XX 9999.00000 999.00000 999.00000 0
