DT    0.00011  0.02362  0.00000 0
DT    0.01999  0.03150  0.00000 0
DT    0.04045  0.02362  0.00000 0
DT    0.05929  0.02362  0.00000 0
DT    0.07924  0.02362  0.00000 0
DT    0.09929  0.02362  0.00000 0
DT    0.11937  0.02362  0.00000 0
DT    0.13953  0.02362  0.00000 0
DT    0.15910  0.02362  0.00000 0
DT    0.17909  0.02362  0.00000 0
DT    0.19938  0.02362  0.00000 0
DT    0.21922  0.02362  0.00000 0
DT    0.24070  0.01575 -0.00781 0
DT    0.26042  0.00787 -0.00781 0
DT    0.28124  0.00000 -0.01563 0
DT    0.30127 -0.02344 -0.02344 0
DT    0.32161 -0.10938 -0.10156 0
DT    0.34080 -0.17188 -0.14063 0
DT    0.36124 -0.21875 -0.20313 0
DT    0.38023 -0.28906 -0.25000 0
DT    0.40049 -0.29688 -0.29688 0
DT    0.42088 -0.33594 -0.32031 0
DT    0.44041 -0.35938 -0.33594 0
DT    0.46026 -0.39063 -0.37500 0
DT    0.48067 -0.41406 -0.39063 0
DT    0.50035 -0.42969 -0.42188 0
DT    0.52066 -0.45313 -0.45313 0
DT    0.54098 -0.48438 -0.46875 0
DT    0.56055 -0.49219 -0.49219 0
DT    0.57981 -0.49219 -0.50781 0
DT    0.60085 -0.50000 -0.51563 0
DT    0.61993 -0.50000 -0.52344 0
DT    0.64000 -0.50000 -0.53125 0
DT    0.65941 -0.50000 -0.53125 0
DT    0.67934 -0.50000 -0.53125 0
DT    0.70014 -0.50000 -0.53906 0
DT    0.71919 -0.50000 -0.53906 0
DT    0.73934 -0.50000 -0.53906 0
DT    0.76028 -0.50000 -0.54688 0
DT    0.78103 -0.49219 -0.55469 0
DT    0.79971 -0.49219 -0.55469 0
DT    0.82046 -0.49219 -0.56250 0
DT    0.84029 -0.50000 -0.57813 0
DT    0.86049 -0.49219 -0.59375 0
DT    0.88007 -0.49219 -0.60156 0
DT    0.89916 -0.49219 -0.60156 0
DT    0.91998 -0.49219 -0.60938 0
DT    0.93988 -0.49219 -0.61719 0
DT    0.96030 -0.50000 -0.61719 0
DT    0.97999 -0.50000 -0.61719 0
FB    0.99864  0.00000  0.00000 1
DT    1.00106 -0.50781 -0.61719 0
DT    1.02052 -0.52344 -0.61719 0
DT    1.04044 -0.55469 -0.61719 0
DT    1.06106 -0.57813 -0.60938 0
DT    1.08035 -0.58594 -0.60938 0
DT    1.10035 -0.61719 -0.60938 0
DT    1.12021 -0.63281 -0.60938 0
EL    1.12022  0.07813  0.00000 0
DT    1.13999 -0.63281 -0.60938 0
EL    1.13999  0.11719  0.00000 0
DT    1.15951 -0.63281 -0.60938 0
EL    1.15952  0.11719  0.00000 0
DT    1.18038 -0.64063 -0.60938 0
EL    1.18038  0.13281  0.00000 0
DT    1.19952 -0.64063 -0.60938 0
EL    1.19953  0.13281  0.00000 0
DT    1.22039 -0.64844 -0.60938 0
EL    1.22039  0.14063  0.00000 0
DT    1.24094 -0.64063 -0.60938 0
EL    1.24094  0.15625  0.00000 0
DT    1.26087 -0.64844 -0.60938 0
EL    1.26088  0.18750  0.00000 0
DT    1.28022 -0.64063 -0.60938 0
EL    1.28023  0.29688  0.00000 0
DT    1.29962 -0.64063 -0.60938 0
EL    1.29962  0.48438  0.00000 0
DT    1.32002 -0.64063 -0.60938 0
EL    1.32003  0.64063  0.00000 0
DT    1.33998 -0.64063 -0.60938 0
EL    1.33999  0.84375  0.00000 0
DT    1.35966 -0.64063 -0.60938 0
EL    1.35966  0.92969  0.00000 0
DT    1.37995 -0.64063 -0.60938 0
EL    1.37995  0.99219  0.00000 0
DT    1.39975 -0.64063 -0.60938 0
EL    1.39975  1.00000  0.00000 0
DT    1.41964 -0.64063 -0.60938 0
EL    1.41965  1.00000  0.00000 0
DT    1.43933 -0.64063 -0.60938 0
EL    1.43934  1.00000  0.00000 0
DT    1.45933 -0.64063 -0.60938 0
EL    1.45934  1.00000  0.00000 0
DT    1.47986 -0.64063 -0.60938 0
EL    1.47987  1.00000  0.00000 0
DT    1.49974 -0.64063 -0.60938 0
EL    1.49974  1.00000  0.00000 0
DT    1.51958 -0.64063 -0.60938 0
EL    1.51958  1.00000  0.00000 0
DT    1.53947 -0.64063 -0.60938 0
EL    1.53948  1.00000  0.00000 0
DT    1.55923 -0.64063 -0.60938 0
EL    1.55924  1.00000  0.00000 0
DT    1.57923 -0.64063 -0.60938 0
EL    1.57924  1.00000  0.00000 0
DT    1.59999 -0.64063 -0.60938 0
EL    1.59999  0.90625  0.00000 0
DT    1.61984 -0.64063 -0.60938 0
EL    1.61985  0.64844  0.00000 0
DT    1.63980 -0.64063 -0.60938 0
EL    1.63981  0.40625  0.00000 0
DT    1.66103 -0.64844 -0.60156 0
EL    1.66104  0.12500  0.00000 0
DT    1.68070 -0.64844 -0.59375 0
EL    1.68070  0.00000  0.00000 0
DT    1.69981 -0.64844 -0.59375 0
DT    1.72041 -0.64844 -0.58594 0
DT    1.74078 -0.64844 -0.57813 0
DT    1.76124 -0.64063 -0.56250 0
DT    1.78127 -0.64844 -0.54688 0
DT    1.79994 -0.64844 -0.52344 0
DT    1.81994 -0.64844 -0.49219 0
DT    1.83987 -0.64844 -0.45313 0
DT    1.86060 -0.65625 -0.44531 0
DT    1.88008 -0.65625 -0.39844 0
DT    1.89986 -0.65625 -0.35938 0
DT    1.92015 -0.65625 -0.32813 0
DT    1.93986 -0.65625 -0.28125 0
DT    1.95989 -0.65625 -0.21094 0
DT    1.98116 -0.66406 -0.15625 0
DT    2.00047 -0.67188  0.00000 0
DT    2.02017 -0.67969  0.00000 0
DT    2.04025 -0.69531  0.00000 0
DT    2.05940 -0.69531  0.00000 0
DT    2.07982 -0.69531 -0.00781 0
DT    2.10050 -0.70313  0.00000 0
DT    2.11937 -0.70313  0.00000 0
DT    2.14019 -0.71094  0.00000 0
DT    2.15995 -0.71875  0.00000 0
DT    2.17932 -0.71875  0.00000 0
DT    2.19993 -0.71875  0.01575 0
DT    2.22004 -0.71875  0.06299 0
DT    2.24127 -0.72656  0.10236 0
DT    2.26023 -0.72656  0.15748 0
DT    2.27986 -0.72656  0.17323 0
DT    2.29990 -0.73438  0.17323 0
DT    2.32003 -0.73438  0.18898 0
DT    2.33949 -0.73438  0.18898 0
DT    2.36037 -0.73438  0.19685 0
DT    2.38017 -0.73438  0.20472 0
DT    2.40026 -0.73438  0.23622 0
DT    2.42036 -0.73438  0.25984 0
DT    2.44047 -0.73438  0.27559 0
DT    2.45982 -0.73438  0.28346 0
DT    2.48028 -0.73438  0.29921 0
DT    2.50033 -0.73438  0.31496 0
DT    2.52031 -0.73438  0.34646 0
DT    2.54032 -0.73438  0.36220 0
DT    2.55983 -0.73438  0.37008 0
DT    2.57930 -0.73438  0.37008 0
DT    2.60151 -0.73438  0.37008 0
DT    2.61996 -0.73438  0.35433 0
DT    2.64014 -0.73438  0.32283 0
DT    2.65987 -0.73438  0.28346 0
DT    2.67976 -0.73438  0.22835 0
DT    2.70017 -0.73438  0.15748 0
DT    2.72006 -0.73438  0.10236 0
DT    2.74043 -0.73438  0.00000 0
DT    2.75949 -0.73438  0.00000 0
DT    2.78144 -0.73438 -0.00781 0
DT    2.79948 -0.73438 -0.00781 0
DT    2.81970 -0.73438 -0.00781 0
DT    2.83916 -0.73438 -0.00781 0
DT    2.85920 -0.73438 -0.00781 0
DT    2.87987 -0.73438 -0.00781 0
DT    2.89963 -0.73438 -0.00781 0
DT    2.91927 -0.73438 -0.00781 0
DT    2.93963 -0.73438 -0.00781 0
DT    2.96013 -0.73438 -0.01563 0
DT    2.98000 -0.73438 -0.01563 0
DT    3.00028 -0.72656 -0.01563 0
DT    3.02000 -0.72656 -0.00781 0
DT    3.04048 -0.71094 -0.00781 0
DT    3.06001 -0.69531 -0.00781 0
DT    3.08028 -0.68750 -0.00781 0
DT    3.10091 -0.65625  0.00000 0
DT    3.11998 -0.63281  0.00000 0
DT    3.13981 -0.55469  0.00000 0
DT    3.16004 -0.52344  0.00000 0
DT    3.18025 -0.39844  0.00000 0
DT    3.20056 -0.32813  0.00000 0
DT    3.22012 -0.05469  0.00000 0
DT    3.23993  0.00787  0.00000 0
DT    3.26046  0.03150  0.00000 0
DT    3.28003  0.01575  0.00000 0
DT    3.30074  0.02362 -0.00781 0
DT    3.32018  0.03150 -0.00781 0
DT    3.33945  0.03150 -0.00781 0
DT    3.35923  0.03150 -0.00781 0
DT    3.38022  0.02362 -0.00781 0
CA    3.39756  0.00000  0.00000 1
DT    3.39981  0.02362 -0.00781 0
DT    3.42003  0.03150 -0.00781 0
DT    3.44021  0.04724 -0.00781 0
DT    3.46019  0.03937 -0.00781 0
DT    3.48043  0.04724 -0.00781 0
DT    3.49930  0.04724 -0.00781 0
DT    3.51993  0.06299 -0.00781 0
DT    3.54059  0.08661 -0.00781 0
DT    3.56003  0.12598 -0.00781 0
DT    3.58030  0.16535  0.00000 0
DT    3.60010  0.23622  0.00000 0
DT    3.61995  0.30709  0.00000 0
DT    3.63992  0.31496  0.00000 0
DT    3.66118  0.32283  0.02362 0
DT    3.68049  0.33071  0.05512 0
DT    3.70101  0.34646  0.07874 0
DT    3.72051  0.37795  0.11024 0
DT    3.74070  0.40945  0.14173 0
DT    3.76131  0.44094  0.14961 0
DT    3.78081  0.51969  0.15748 0
DT    3.80074  0.58268  0.14961 0
DT    3.82050  0.65354  0.14961 0
DT    3.84097  0.70079  0.14173 0
DT    3.86047  0.75591  0.10236 0
DT    3.88078  0.84252  0.02362 0
DT    3.90055  0.90551 -0.00781 0
DT    3.92061  0.96063 -0.00781 0
DT    3.94046  1.00000 -0.00781 0
DT    3.95955  1.00000 -0.00781 0
DT    3.97978  1.00000 -0.00781 0
DT    3.99929  1.00000 -0.00781 0
DT    4.02010  1.00000 -0.01563 0
DT    4.03973  1.00000 -0.01563 0
DT    4.05936  1.00000 -0.01563 0
DT    4.07990  1.00000 -0.00781 0
DT    4.09964  1.00000 -0.00781 0
DT    4.12007  1.00000  0.00000 0
DT    4.14041  1.00000 -0.00781 0
DT    4.16020  1.00000 -0.00781 0
DT    4.18048  1.00000 -0.01563 0
DT    4.20052  1.00000 -0.06250 0
DT    4.22027  1.00000 -0.10156 0
DT    4.24020  1.00000 -0.14063 0
DT    4.26030  1.00000 -0.16406 0
DT    4.28042  1.00000 -0.21094 0
DT    4.30526  1.00000 -0.22656 0
DT    4.32348  1.00000 -0.25781 0
DT    4.35118  1.00000 -0.25781 0
DT    4.36369  1.00000 -0.29688 0
DT    4.38041  1.00000 -0.36719 0
DT    4.40029  1.00000 -0.40625 0
DT    4.42027  1.00000 -0.42969 0
DT    4.44152  0.96063 -0.46875 0
DT    4.46150  0.83465 -0.49219 0
DT    4.48132  0.77165 -0.51563 0
DT    4.50096  0.62205 -0.51563 0
DT    4.52170  0.55906 -0.52344 0
DT    4.54159  0.37795 -0.53125 0
DT    4.56069  0.00787 -0.53125 0
CA    4.57870  0.00000  0.00000 0
DT    4.58123  0.00000 -0.54688 0
DT    4.60054  0.03150 -0.55469 0
DT    4.62043  0.03150 -0.56250 0
DT    4.64076  0.01575 -0.55469 0
DT    4.66088  0.04724 -0.56250 0
DT    4.67995  0.03150 -0.56250 0
DT    4.70101  0.00787 -0.55469 0
DT    4.72075 -0.01563 -0.55469 0
DT    4.74031 -0.13281 -0.55469 0
DT    4.76004 -0.15625 -0.55469 0
DT    4.78017 -0.26563 -0.55469 0
DT    4.80029 -0.33594 -0.55469 0
DT    4.82038 -0.36719 -0.55469 0
DT    4.83995 -0.36719 -0.55469 0
DT    4.85982 -0.36719 -0.55469 0
DT    4.88094 -0.37500 -0.56250 0
EL    4.88095 -0.11811  0.00000 0
DT    4.90133 -0.38281 -0.60156 0
EL    4.90134 -0.22047  0.00000 0
DT    4.92182 -0.39063 -0.62500 0
EL    4.92182 -0.31496  0.00000 0
DT    4.94089 -0.39063 -0.65625 0
EL    4.94089 -0.37795  0.00000 0
DT    4.96111 -0.39063 -0.67188 0
EL    4.96111 -0.44882  0.00000 0
DT    4.98053 -0.39063 -0.68750 0
EL    4.98054 -0.48819  0.00000 0
DT    5.00086 -0.39844 -0.68750 0
EL    5.00087 -0.51181  0.00000 0
DT    5.01968 -0.39844 -0.68750 0
EL    5.01968 -0.51969  0.00000 0
DT    5.04042 -0.39844 -0.69531 0
EL    5.04042 -0.52756  0.00000 0
DT    5.06068 -0.40625 -0.69531 0
EL    5.06069 -0.52756  0.00000 0
DT    5.08056 -0.41406 -0.69531 0
EL    5.08057 -0.54331  0.00000 0
DT    5.10126 -0.43750 -0.70313 0
EL    5.10126 -0.57480  0.00000 0
DT    5.12180 -0.45313 -0.69531 0
EL    5.12180 -0.66929  0.00000 0
DT    5.14111 -0.48438 -0.69531 0
EL    5.14111 -0.75591  0.00000 0
DT    5.16182 -0.50781 -0.70313 0
EL    5.16183 -0.78740  0.00000 0
DT    5.18149 -0.54688 -0.70313 0
EL    5.18149 -0.80315  0.00000 0
DT    5.20189 -0.56250 -0.71094 0
EL    5.20190 -0.81102  0.00000 0
DT    5.22161 -0.57031 -0.72656 0
EL    5.22161 -0.81102  0.00000 0
DT    5.24004 -0.57031 -0.75000 0
EL    5.24005 -0.81102  0.00000 0
DT    5.26003 -0.57031 -0.77344 0
EL    5.26004 -0.81102  0.00000 0
DT    5.28021 -0.57031 -0.78906 0
EL    5.28022 -0.81102  0.00000 0
DT    5.29995 -0.57031 -0.82813 0
EL    5.29995 -0.81102  0.00000 0
DT    5.32030 -0.57031 -0.92969 0
EL    5.32031 -0.81102  0.00000 0
DT    5.34066 -0.57031 -0.95313 0
EL    5.34067 -0.81102  0.00000 0
DT    5.36050 -0.57031 -0.97656 0
EL    5.36051 -0.81102  0.00000 0
DT    5.38025 -0.57031 -0.97656 0
EL    5.38026 -0.81890  0.00000 0
DT    5.40063 -0.57031 -0.98438 0
EL    5.40063 -0.81890  0.00000 0
DT    5.41951 -0.57031 -0.98438 0
EL    5.41952 -0.81890  0.00000 0
DT    5.44026 -0.57031 -0.99219 0
EL    5.44027 -0.81890  0.00000 0
DT    5.45956 -0.57031 -0.99219 0
EL    5.45956 -0.81890  0.00000 0
DT    5.47928 -0.57031 -0.99219 0
EL    5.47928 -0.81890  0.00000 0
DT    5.49983 -0.57031 -0.99219 0
EL    5.49984 -0.81890  0.00000 0
DT    5.52077 -0.57813 -0.98438 0
EL    5.52077 -0.81890  0.00000 0
DT    5.54024 -0.57813 -0.96094 0
EL    5.54024 -0.81890  0.00000 0
DT    5.56141 -0.60938 -0.90625 0
EL    5.56141 -0.81890  0.00000 0
DT    5.58065 -0.63281 -0.83594 0
EL    5.58066 -0.81890  0.00000 0
DT    5.60127 -0.68750 -0.71875 0
EL    5.60128 -0.81890  0.00000 0
DT    5.62173 -0.71875 -0.60938 0
EL    5.62173 -0.81890  0.00000 0
DT    5.64056 -0.78125 -0.53125 0
EL    5.64057 -0.81890  0.00000 0
DT    5.66098 -0.82813 -0.46875 0
EL    5.66099 -0.74016  0.00000 0
DT    5.68124 -0.86719 -0.12500 0
EL    5.68124 -0.56693  0.00000 0
DT    5.70121 -0.92188  0.00787 0
EL    5.70121 -0.27559  0.00000 0
DT    5.72167 -0.95313  0.00000 0
EL    5.72168 -0.05512  0.00000 0
DT    5.74061 -0.95313 -0.01563 0
EL    5.74062  0.00000  0.00000 0
DT    5.76048 -0.96094 -0.01563 0
DT    5.78146 -0.96875  0.00000 0
DT    5.80160 -0.97656  0.01575 0
DT    5.82182 -0.98438  0.05512 0
DT    5.84251 -0.99219  0.09449 0
DT    5.86072 -0.99219  0.13386 0
DT    5.88094 -1.00000  0.14961 0
DT    5.90100 -1.00000  0.18110 0
DT    5.91996 -1.00000  0.22047 0
DT    5.94012 -1.00000  0.25984 0
DT    5.96038 -1.00000  0.30709 0
DT    5.98026 -1.00000  0.33858 0
DT    6.00068 -1.00000  0.38583 0
DT    6.02052 -1.00000  0.40945 0
DT    6.04012 -1.00000  0.44094 0
DT    6.06066 -1.00000  0.44882 0
DT    6.07943 -1.00000  0.44882 0
DT    6.09944 -1.00000  0.44882 0
DT    6.12053 -1.00000  0.45669 0
DT    6.13955 -1.00000  0.45669 0
DT    6.16032 -1.00000  0.47244 0
DT    6.17955 -1.00000  0.47244 0
DT    6.19977 -1.00000  0.48031 0
DT    6.22121 -1.00000  0.48819 0
DT    6.23982 -1.00000  0.48819 0
DT    6.25932 -1.00000  0.48819 0
DT    6.28016 -1.00000  0.50394 0
DT    6.29994 -1.00000  0.51969 0
DT    6.32105 -1.00000  0.53543 0
DT    6.34016 -1.00000  0.55118 0
DT    6.35992 -1.00000  0.55906 0
DT    6.37988 -1.00000  0.55118 0
DT    6.39938 -1.00000  0.55118 0
DT    6.41940 -1.00000  0.55118 0
DT    6.43929 -1.00000  0.55118 0
DT    6.46034 -0.99219  0.55118 0
DT    6.47973 -0.99219  0.55118 0
DT    6.49994 -0.99219  0.55118 0
DT    6.51991 -0.99219  0.55118 0
DT    6.54025 -0.99219  0.54331 0
DT    6.56057 -0.99219  0.55118 0
DT    6.57927 -0.99219  0.55118 0
DT    6.59949 -0.99219  0.55118 0
DT    6.61947 -0.99219  0.55118 0
DT    6.63993 -0.99219  0.54331 0
DT    6.66040 -0.98438  0.53543 0
DT    6.67940 -0.98438  0.53543 0
DT    6.70055 -0.96875  0.48819 0
DT    6.72087 -0.93750  0.40945 0
DT    6.74077 -0.89063  0.33071 0
DT    6.76084 -0.81250  0.24409 0
DT    6.78099 -0.70313  0.07874 0
DT    6.80081 -0.61719 -0.20313 0
DT    6.82043 -0.55469 -0.13281 0
DT    6.84080 -0.53125 -0.04688 0
DT    6.86053 -0.24219  0.06299 0
DT    6.88041 -0.10938  0.02362 0
DT    6.90074  0.12598 -0.00781 0
DT    6.91990  0.04724 -0.00781 0
DT    6.94064  0.01575  0.00000 0
DT    6.96067 -0.07813 -0.00781 0
DT    6.98020 -0.03125 -0.00781 0
DT    7.00049  0.02362 -0.00781 0
DT    7.02110  0.03150  0.00000 0
DT    7.03998  0.01575  0.00000 0
CS    7.05928  1.00000 -1.00000 1
DT    7.06154  0.02362 -0.00781 0
DT    7.08002  0.02362  0.00000 0
DT    7.09979  0.03150  0.00000 0
DT    7.12014  0.02362  0.00000 0
DT    7.13943  0.02362  0.00000 0
DT    7.15974  0.02362  0.00000 0
DT    7.17952  0.02362  0.00000 0
DT    7.19925  0.02362  0.00000 0
DT    7.22043  0.02362  0.00000 0
DT    7.23979  0.02362  0.00000 0
DT    7.25996  0.02362  0.00000 0
DT    7.27970  0.02362  0.00000 0
DT    7.29925  0.02362  0.00000 0
DT    7.31940  0.02362  0.00000 0
DT    7.33952  0.02362  0.00000 0
DT    7.35931  0.02362  0.00000 0
DT    7.37925  0.02362  0.00000 0
DT    7.39974  0.02362  0.00000 0
DT    7.41938  0.02362  0.00000 0
DT    7.43919  0.02362  0.00000 0
DT    7.45987  0.02362  0.00000 0
DT    7.47930  0.02362  0.00000 0
DT    7.50023  0.03937  0.00000 0
DT    7.51933  0.03937  0.00000 0
DT    7.53937  0.03937  0.00000 0
DT    7.56040  0.06299  0.00000 0
DT    7.58001  0.07087  0.00000 0
DT    7.59992  0.07874  0.00000 0
DT    7.62046  0.11024  0.00000 0
DT    7.63989  0.13386  0.00000 0
DT    7.66017  0.16535  0.00000 0
DT    7.67950  0.16535  0.00000 0
DT    7.69938  0.16535  0.00000 0
DT    7.71966  0.16535  0.00000 0
DT    7.74032  0.14961  0.00000 0
DT    7.76063  0.11811  0.00000 0
DT    7.78029  0.10236  0.00000 0
DT    7.79981  0.12598  0.00000 0
DT    7.81986  0.16535  0.00000 0
DT    7.84057  0.25984  0.00000 0
DT    7.86025  0.32283  0.00000 0
DT    7.88007  0.55118  0.00000 0
DT    7.90011  0.68504  0.00000 0
DT    7.91989  0.81102  0.00000 0
DT    7.94039  0.83465  0.00000 0
DT    7.96091  0.84252  0.00000 0
DT    7.98060  0.85827  0.00000 0
DT    8.00162  0.87402 -0.01563 0
FB    8.01891  0.00000  0.00000 0
DT    8.02173  0.92126 -0.02344 0
DT    8.04117  0.93701 -0.03125 0
DT    8.06077  0.93701 -0.06250 0
DT    8.07987  0.93701 -0.07813 0
DT    8.10027  0.94488 -0.09375 0
DT    8.12123  0.93701 -0.10938 0
DT    8.14013  0.93701 -0.14063 0
DT    8.16035  0.93701 -0.15625 0
DT    8.18027  0.93701 -0.17969 0
DT    8.20005  0.93701 -0.21875 0
DT    8.22147  0.88976 -0.25000 0
DT    8.24079  0.79528 -0.28125 0
DT    8.26111  0.73228 -0.33594 0
DT    8.27951  0.73228 -0.33594 0
DT    8.30045  0.67717 -0.35938 0
DT    8.32077  0.46457 -0.40625 0
DT    8.34105  0.08661 -0.42969 0
DT    8.36032 -0.17969 -0.44531 0
DT    8.37992 -0.17969 -0.50781 0
DT    8.40192 -0.17969 -0.50781 0
DT    8.42072  0.01575 -0.57813 0
DT    8.44092  0.11024 -0.60156 0
DT    8.46066  0.03937 -0.60156 0
DT    8.48003  0.02362 -0.60156 0
DT    8.50034  0.00000 -0.60156 0
DT    8.52064  0.02362 -0.62500 0
DT    8.53953  0.02362 -0.62500 0
DT    8.56044  0.02362 -0.64063 0
DT    8.57935  0.02362 -0.64063 0
DT    8.59994  0.00787 -0.64063 0
DT    8.62048  0.00000 -0.64063 0
DT    8.63996 -0.02344 -0.64063 0
DT    8.66102 -0.04688 -0.64844 0
DT    8.68063 -0.06250 -0.64844 0
DT    8.70107 -0.07031 -0.65625 0
DT    8.72026 -0.07813 -0.65625 0
DT    8.74054 -0.08594 -0.65625 0
DT    8.75972 -0.08594 -0.65625 0
DT    8.78064 -0.09375 -0.65625 0
DT    8.79951 -0.09375 -0.65625 0
CS    8.81892  0.00000  0.00000 0
DT    8.82126 -0.10156 -0.66406 0
DT    8.84207 -0.10156 -0.66406 0
DT    8.86064 -0.10938 -0.67188 0
DT    8.88003 -0.10938 -0.68750 0
DT    8.90075 -0.10938 -0.70313 0
DT    8.91996 -0.10938 -0.71094 0
DT    8.94040 -0.11719 -0.71094 0
DT    8.96038 -0.12500 -0.71094 0
DT    8.98005 -0.14844 -0.71094 0
DT    9.00016 -0.16406 -0.71094 0
DT    9.02054 -0.19531 -0.71875 0
DT    9.04075 -0.21094 -0.71094 0
DT    9.06058 -0.25000 -0.71094 0
DT    9.08006 -0.26563 -0.71094 0
DT    9.10058 -0.30469 -0.68750 0
DT    9.12090 -0.33594 -0.66406 0
DT    9.14077 -0.35938 -0.62500 0
DT    9.16111 -0.39063 -0.57031 0
DT    9.18112 -0.43750 -0.53906 0
DT    9.20059 -0.48438 -0.49219 0
DT    9.22091 -0.50000 -0.46875 0
DT    9.24073 -0.51563 -0.45313 0
DT    9.26026 -0.51563 -0.44531 0
DT    9.27978 -0.51563 -0.44531 0
DT    9.29936 -0.51563 -0.44531 0
DT    9.32053 -0.51563 -0.45313 0
DT    9.34037 -0.51563 -0.46094 0
DT    9.36117 -0.51563 -0.46875 0
DT    9.38063 -0.51563 -0.47656 0
DT    9.40170 -0.51563 -0.50000 0
DT    9.42137 -0.51563 -0.50781 0
DT    9.44008 -0.51563 -0.53906 0
DT    9.46060 -0.51563 -0.57031 0
DT    9.48013 -0.51563 -0.58594 0
DT    9.49989 -0.51563 -0.60938 0
DT    9.52039 -0.51563 -0.62500 0
DT    9.53925 -0.51563 -0.62500 0
DT    9.56091 -0.50781 -0.65625 0
DT    9.58085 -0.50000 -0.66406 0
DT    9.60098 -0.49219 -0.67188 0
DT    9.62192 -0.48438 -0.67969 0
DT    9.63980 -0.48438 -0.68750 0
DT    9.65938 -0.48438 -0.68750 0
DT    9.68014 -0.47656 -0.68750 0
DT    9.69992 -0.47656 -0.69531 0
DT    9.71956 -0.47656 -0.69531 0
DT    9.73931 -0.47656 -0.69531 0
DT    9.75994 -0.47656 -0.68750 0
DT    9.77940 -0.47656 -0.68750 0
DT    9.79927 -0.47656 -0.68750 0
DT    9.81967 -0.47656 -0.68750 0
DT    9.83971 -0.47656 -0.68750 0
DT    9.86001 -0.47656 -0.67969 0
DT    9.87997 -0.47656 -0.67188 0
DT    9.90058 -0.47656 -0.66406 0
DT    9.92024 -0.47656 -0.64063 0
DT    9.94049 -0.46875 -0.61719 0
DT    9.96107 -0.46094 -0.53906 0
DT    9.98041 -0.45313 -0.50000 0
DT   10.00071 -0.44531 -0.44531 0
DT   10.02039 -0.44531 -0.40625 0
DT   10.04102 -0.43750 -0.35156 0
DT   10.06182 -0.42969 -0.30469 0
DT   10.08102 -0.42188 -0.24219 0
DT   10.10028 -0.42188 -0.23438 0
DT   10.12099 -0.42188 -0.25000 0
DT   10.14082 -0.41406 -0.28125 0
DT   10.16041 -0.41406 -0.31250 0
DT   10.18076 -0.41406 -0.35156 0
DT   10.19987 -0.41406 -0.39063 0
DT   10.22023 -0.41406 -0.42188 0
DT   10.23999 -0.41406 -0.43750 0
DT   10.26016 -0.41406 -0.45313 0
DT   10.28042 -0.41406 -0.46094 0
DT   10.29932 -0.41406 -0.46094 0
DT   10.31979 -0.41406 -0.46094 0
DT   10.33956 -0.41406 -0.46094 0
DT   10.35927 -0.41406 -0.46094 0
DT   10.37928 -0.41406 -0.46094 0
DT   10.40065 -0.41406 -0.45313 0
DT   10.41964 -0.41406 -0.45313 0
DT   10.43952 -0.41406 -0.45313 0
DT   10.45947 -0.41406 -0.45313 0
DT   10.48006 -0.41406 -0.46094 0
DT   10.49941 -0.41406 -0.46094 0
DT   10.52035 -0.41406 -0.46094 0
DT   10.54201 -0.41406 -0.46094 0
DT   10.56049 -0.41406 -0.47656 0
DT   10.57993 -0.41406 -0.48438 0
DT   10.59998 -0.41406 -0.49219 0
DT   10.61984 -0.41406 -0.49219 0
DT   10.63932 -0.41406 -0.49219 0
DT   10.65918 -0.41406 -0.49219 0
DT   10.67976 -0.41406 -0.49219 0
DT   10.69923 -0.41406 -0.49219 0
DT   10.72025 -0.41406 -0.48438 0
DT   10.73953 -0.41406 -0.48438 0
DT   10.75946 -0.41406 -0.48438 0
DT   10.78021 -0.40625 -0.48438 0
DT   10.80024 -0.40625 -0.46875 0
DT   10.82079 -0.40625 -0.45313 0
DT   10.84112 -0.39063 -0.43750 0
DT   10.86077 -0.38281 -0.41406 0
DT   10.88082 -0.36719 -0.37500 0
DT   10.90142 -0.33594 -0.32813 0
DT   10.92100 -0.32031 -0.28906 0
DT   10.94036 -0.28125 -0.21875 0
DT   10.96058 -0.25781 -0.16406 0
DT   10.98060 -0.18750 -0.01563 0
DT   11.00081 -0.10938  0.02362 0
DT   11.02151  0.03150  0.00000 0
DT   11.03915  0.03150  0.00000 0
DT   11.06135  0.02362  0.00787 0
DT   11.08056  0.01575  0.00000 0
DT   11.10051  0.02362  0.00787 0
DT   11.12064  0.03150  0.00787 0
DT   11.13978  0.02362  0.00787 0
DT   11.15941  0.02362  0.00787 0
DT   11.17976  0.02362  0.00787 0
DT   11.19981  0.02362  0.00787 0
DT   11.21934  0.02362  0.00787 0
DT   11.23989  0.02362  0.00787 0
DT   11.25969  0.02362  0.00787 0
DT   11.27960  0.02362  0.00787 0
DT   11.29953  0.02362  0.00787 0
DT   11.31928  0.02362  0.00787 0
DT   11.33940  0.02362  0.00787 0
DT   11.35938  0.02362  0.00787 0
DT   11.37944  0.02362  0.00787 0
DT   11.39937  0.02362  0.00787 0
DT   11.41910  0.02362  0.00787 0
DT   11.43932  0.02362  0.00787 0
DT   11.45983  0.02362  0.00787 0
DT   11.48011  0.02362  0.00787 0
DT   11.49960  0.02362  0.00787 0
DT   11.51958  0.02362  0.00787 0
DT   11.53976  0.02362  0.00787 0
DT   11.56029  0.03150  0.00787 0
DT   11.58051  0.03937  0.00787 0
DT   11.59977  0.04724  0.00787 0
DT   11.62024  0.05512  0.00787 0
DT   11.63935  0.05512  0.00787 0
DT   11.65994  0.04724  0.00787 0
DT   11.67963  0.04724  0.00787 0
DT   11.69936  0.04724  0.00787 0
DT   11.71959  0.04724  0.00787 0
DT   11.73960  0.04724  0.00787 0
DT   11.76050  0.04724  0.00787 0
DT   11.78024  0.03937  0.00787 0
DT   11.79923  0.03937  0.00787 0
DT   11.82075  0.04724  0.00000 0
DT   11.84017  0.03937  0.00000 0
DT   11.85920  0.03937  0.00000 0
DT   11.88048  0.03937  0.00787 0
DT   11.89966  0.03937  0.00787 0
DT   11.91944  0.03937  0.00787 0
DT   11.93979  0.03937  0.00787 0
EL   12.19721  0.00000  0.00000 1
XX 9999.00000 999.00000 999.00000 0
