DT    0.00013 -0.07031 -0.01563 0
DT    0.01831 -0.07813 -0.01563 0
DT    0.03745 -0.07813 -0.01563 0
DT    0.05896 -0.09375 -0.02344 0
DT    0.08035 -0.13281 -0.04688 0
DT    0.10006 -0.14063 -0.07813 0
DT    0.11964 -0.18750 -0.08594 0
DT    0.13986 -0.21875 -0.10938 0
DT    0.16011 -0.23438 -0.12500 0
DT    0.17954 -0.25781 -0.14063 0
DT    0.19991 -0.27344 -0.16406 0
DT    0.22014 -0.31250 -0.20313 0
DT    0.24016 -0.32031 -0.23438 0
DT    0.26101 -0.35156 -0.27344 0
DT    0.27957 -0.38281 -0.28906 0
DT    0.30020 -0.42188 -0.32813 0
DT    0.32012 -0.45313 -0.35156 0
DT    0.33864 -0.46875 -0.35938 0
DT    0.35928 -0.48438 -0.37500 0
DT    0.38009 -0.49219 -0.38281 0
DT    0.39761 -0.49219 -0.39063 0
DT    0.41894 -0.49219 -0.40625 0
DT    0.43893 -0.50000 -0.41406 0
DT    0.45964 -0.50781 -0.42969 0
DT    0.48004 -0.51563 -0.44531 0
DT    0.49952 -0.52344 -0.46875 0
DT    0.51827 -0.52344 -0.47656 0
DT    0.53951 -0.53125 -0.50000 0
DT    0.56027 -0.53906 -0.50781 0
DT    0.57926 -0.54688 -0.51563 0
DT    0.60031 -0.55469 -0.52344 0
DT    0.61817 -0.55469 -0.53125 0
DT    0.63925 -0.56250 -0.53125 0
DT    0.65706 -0.56250 -0.53125 0
DT    0.67698 -0.56250 -0.53125 0
DT    0.69874 -0.56250 -0.53906 0
DT    0.71679 -0.56250 -0.53906 0
DT    0.73835 -0.56250 -0.54688 0
DT    0.75751 -0.56250 -0.54688 0
DT    0.77994 -0.55469 -0.55469 0
DT    0.79912 -0.55469 -0.56250 0
DT    0.81920 -0.55469 -0.57813 0
DT    0.83791 -0.55469 -0.58594 0
DT    0.85697 -0.55469 -0.58594 0
DT    0.87716 -0.55469 -0.58594 0
DT    0.89828 -0.55469 -0.58594 0
DT    0.91747 -0.55469 -0.58594 0
DT    0.93828 -0.56250 -0.58594 0
DT    0.95716 -0.56250 -0.58594 0
DT    0.97761 -0.56250 -0.58594 0
DT    0.99660 -0.56250 -0.58594 0
DT    1.01676 -0.56250 -0.58594 0
DT    1.03691 -0.56250 -0.58594 0
DT    1.05697 -0.56250 -0.58594 0
DT    1.07683 -0.56250 -0.58594 0
DT    1.09745 -0.56250 -0.58594 0
DT    1.11698 -0.56250 -0.58594 0
DT    1.13691 -0.56250 -0.58594 0
DT    1.15691 -0.56250 -0.58594 0
DT    1.17821 -0.56250 -0.59375 0
DT    1.19853 -0.56250 -0.58594 0
DT    1.21681 -0.56250 -0.58594 0
DT    1.23654 -0.56250 -0.58594 0
DT    1.25734 -0.56250 -0.58594 0
DT    1.27739 -0.56250 -0.58594 0
DT    1.29739 -0.56250 -0.58594 0
DT    1.31727 -0.56250 -0.58594 0
DT    1.33831 -0.57031 -0.58594 0
DT    1.35849 -0.57813 -0.58594 0
DT    1.37731 -0.57813 -0.58594 0
DT    1.39759 -0.58594 -0.58594 0
DT    1.41933 -0.59375 -0.57813 0
DT    1.43882 -0.60156 -0.57813 0
DT    1.45888 -0.60156 -0.57031 0
DT    1.47960 -0.59375 -0.57031 0
DT    1.49925 -0.59375 -0.56250 0
DT    1.51793 -0.59375 -0.56250 0
DT    1.53919 -0.59375 -0.55469 0
DT    1.55700 -0.59375 -0.55469 0
DT    1.57781 -0.59375 -0.55469 0
DT    1.59724 -0.59375 -0.55469 0
DT    1.61950 -0.59375 -0.54688 0
DT    1.63782 -0.59375 -0.54688 0
DT    1.65893 -0.59375 -0.53906 0
DT    1.67804 -0.59375 -0.53906 0
DT    1.69785 -0.59375 -0.53906 0
DT    1.71686 -0.59375 -0.53906 0
DT    1.73709 -0.59375 -0.53906 0
DT    1.75740 -0.59375 -0.53906 0
DT    1.77746 -0.59375 -0.53906 0
DT    1.79969 -0.59375 -0.53125 0
DT    1.81769 -0.59375 -0.53125 0
DT    1.83885 -0.59375 -0.52344 0
DT    1.85727 -0.59375 -0.52344 0
DT    1.87683 -0.59375 -0.52344 0
DT    1.89716 -0.59375 -0.52344 0
DT    1.91771 -0.59375 -0.52344 0
DT    1.93805 -0.59375 -0.52344 0
DT    1.95723 -0.59375 -0.52344 0
DT    1.97829 -0.59375 -0.52344 0
DT    1.99705 -0.59375 -0.52344 0
DT    2.01758 -0.59375 -0.52344 0
DT    2.03764 -0.59375 -0.52344 0
DT    2.05688 -0.59375 -0.52344 0
DT    2.07694 -0.59375 -0.52344 0
DT    2.09674 -0.59375 -0.52344 0
DT    2.11717 -0.59375 -0.52344 0
DT    2.13823 -0.59375 -0.52344 0
DT    2.15953 -0.59375 -0.51563 0
DT    2.17774 -0.59375 -0.51563 0
DT    2.19976 -0.59375 -0.50781 0
DT    2.21694 -0.59375 -0.50781 0
DT    2.23763 -0.59375 -0.50781 0
DT    2.25872 -0.59375 -0.50781 0
DT    2.27799 -0.59375 -0.50781 0
DT    2.29798 -0.59375 -0.50781 0
DT    2.31756 -0.59375 -0.50781 0
DT    2.33805 -0.59375 -0.50000 0
DT    2.35739 -0.59375 -0.50000 0
DT    2.37908 -0.59375 -0.49219 0
DT    2.39736 -0.59375 -0.49219 0
DT    2.42004 -0.59375 -0.48438 0
DT    2.43875 -0.59375 -0.47656 0
DT    2.45915 -0.59375 -0.46875 0
DT    2.47730 -0.59375 -0.46875 0
DT    2.49901 -0.59375 -0.46094 0
DT    2.51895 -0.59375 -0.43750 0
DT    2.53870 -0.59375 -0.42969 0
DT    2.55924 -0.59375 -0.42188 0
DT    2.57879 -0.59375 -0.40625 0
DT    2.59948 -0.59375 -0.39844 0
DT    2.61940 -0.59375 -0.39063 0
DT    2.63737 -0.59375 -0.39063 0
DT    2.65976 -0.59375 -0.38281 0
DT    2.67714 -0.59375 -0.38281 0
DT    2.69874 -0.59375 -0.37500 0
DT    2.71844 -0.59375 -0.37500 0
DT    2.74004 -0.59375 -0.36719 0
EL    2.74005  0.07031  0.00000 0
DT    2.75900 -0.59375 -0.36719 0
EL    2.75901  0.09375  0.00000 0
DT    2.78016 -0.59375 -0.35938 0
EL    2.78017  0.11719  0.00000 0
DT    2.79900 -0.59375 -0.35938 0
EL    2.79901  0.13281  0.00000 0
DT    2.82024 -0.59375 -0.35156 0
EL    2.82025  0.14844  0.00000 0
DT    2.84066 -0.58594 -0.35156 0
EL    2.84066  0.15625  0.00000 0
DT    2.85912 -0.57813 -0.35156 0
EL    2.85913  0.15625  0.00000 0
DT    2.87887 -0.57813 -0.35156 0
EL    2.87888  0.15625  0.00000 0
DT    2.89940 -0.57031 -0.35156 0
EL    2.89941  0.15625  0.00000 0
DT    2.92132 -0.56250 -0.35156 0
EL    2.92133  0.17188  0.00000 0
DT    2.94346 -0.56250 -0.35938 0
EL    2.94347  0.17969  0.00000 0
DT    2.96665 -0.55469 -0.35938 0
EL    2.96665  0.20313  0.00000 0
DT    2.98122 -0.55469 -0.35938 0
EL    2.98123  0.21094  0.00000 0
DT    2.99925 -0.55469 -0.35938 0
EL    2.99925  0.21094  0.00000 0
DT    3.02030 -0.53906 -0.35938 0
EL    3.02031  0.22656  0.00000 0
DT    3.03992 -0.53125 -0.35938 0
EL    3.03992  0.22656  0.00000 0
DT    3.05988 -0.51563 -0.35938 0
EL    3.05989  0.23438  0.00000 0
DT    3.08118 -0.50000 -0.36719 0
EL    3.08119  0.24219  0.00000 0
DT    3.10107 -0.46094 -0.37500 0
EL    3.10107  0.26563  0.00000 0
DT    3.12117 -0.43750 -0.38281 0
EL    3.12118  0.28906  0.00000 0
DT    3.14138 -0.39063 -0.39844 0
EL    3.14139  0.30469  0.00000 0
DT    3.15986 -0.33594 -0.40625 0
EL    3.15987  0.30469  0.00000 0
DT    3.18054 -0.27344 -0.42969 0
EL    3.18055  0.32813  0.00000 0
DT    3.20011 -0.24219 -0.43750 0
EL    3.20011  0.32813  0.00000 0
DT    3.22113 -0.18750 -0.45313 0
EL    3.22114  0.33594  0.00000 0
DT    3.23910 -0.08594 -0.46875 0
EL    3.23911  0.33594  0.00000 0
DT    3.26098  0.00000 -0.47656 0
EL    3.26099  0.34375  0.00000 0
DT    3.27944  0.01575 -0.47656 0
EL    3.27944  0.34375  0.00000 0
DT    3.30093  0.02362 -0.48438 0
EL    3.30093  0.35938  0.00000 0
DT    3.31997  0.03150 -0.50000 0
EL    3.31998  0.35938  0.00000 0
DT    3.33802  0.03150 -0.50000 0
EL    3.33803  0.35938  0.00000 0
DT    3.35984  0.03150 -0.50781 0
EL    3.35984  0.37500  0.00000 0
DT    3.37871  0.03150 -0.50781 0
EL    3.37872  0.41406  0.00000 0
DT    3.40113  0.02362 -0.50000 0
EL    3.40113  0.45313  0.00000 0
DT    3.42030  0.03150 -0.50000 0
EL    3.42031  0.50781  0.00000 0
DT    3.43937  0.03150 -0.50000 0
EL    3.43938  0.56250  0.00000 0
DT    3.45820  0.03150 -0.50000 0
EL    3.45821  0.58594  0.00000 0
DT    3.48048  0.02362 -0.50000 0
EL    3.48049  0.59375  0.00000 0
DT    3.50203  0.03150 -0.49219 0
EL    3.50203  0.60156  0.00000 0
DT    3.51941  0.02362 -0.49219 0
EL    3.51941  0.60156  0.00000 0
DT    3.53961  0.03150 -0.49219 0
EL    3.53962  0.60156  0.00000 0
DT    3.55851  0.03150 -0.49219 0
EL    3.55851  0.60156  0.00000 0
DT    3.57757  0.03150 -0.49219 0
EL    3.57757  0.60156  0.00000 0
DT    3.60124  0.03150 -0.48438 0
EL    3.60125  0.60938  0.00000 0
DT    3.61892  0.01575 -0.48438 0
EL    3.61892  0.60938  0.00000 0
DT    3.63695  0.01575 -0.48438 0
EL    3.63696  0.60938  0.00000 0
DT    3.65938  0.01575 -0.47656 0
EL    3.65939  0.60938  0.00000 0
DT    3.68056  0.02362 -0.46875 0
EL    3.68056  0.60938  0.00000 0
DT    3.70122  0.02362 -0.44531 0
EL    3.70123  0.60938  0.00000 0
DT    3.71923  0.02362 -0.42969 0
EL    3.71924  0.60938  0.00000 0
DT    3.73835  0.02362 -0.39063 0
EL    3.73836  0.60938  0.00000 0
DT    3.75964  0.02362 -0.35156 0
EL    3.75965  0.60938  0.00000 0
DT    3.77874  0.02362 -0.31250 0
EL    3.77875  0.60938  0.00000 0
DT    3.79806  0.02362 -0.28906 0
EL    3.79806  0.60938  0.00000 0
DT    3.81992  0.03150 -0.26563 0
EL    3.81993  0.60938  0.00000 0
DT    3.83789  0.03150 -0.21875 0
EL    3.83790  0.60938  0.00000 0
DT    3.85799  0.03150 -0.18750 0
EL    3.85800  0.60938  0.00000 0
DT    3.87899  0.03150 -0.13281 0
EL    3.87899  0.60938  0.00000 0
DT    3.89917  0.03150 -0.10938 0
EL    3.89918  0.61719  0.00000 0
DT    3.91890  0.03150 -0.07031 0
EL    3.91890  0.61719  0.00000 0
DT    3.93867  0.03150 -0.03125 0
EL    3.93868  0.61719  0.00000 0
DT    3.95842  0.03150  0.00787 0
EL    3.95843  0.61719  0.00000 0
DT    3.97840  0.03150  0.02362 0
EL    3.97840  0.61719  0.00000 0
DT    3.99688  0.03150  0.02362 0
EL    3.99689  0.61719  0.00000 0
DT    4.01702  0.03150  0.02362 0
EL    4.01702  0.61719  0.00000 0
DT    4.03704  0.03150  0.02362 0
EL    4.03705  0.61719  0.00000 0
DT    4.05700  0.03150  0.02362 0
EL    4.05700  0.61719  0.00000 0
DT    4.07760  0.03150  0.02362 0
EL    4.07760  0.61719  0.00000 0
DT    4.09761  0.03150  0.02362 0
EL    4.09762  0.61719  0.00000 0
DT    4.11708  0.03150  0.02362 0
EL    4.11709  0.61719  0.00000 0
DT    4.13717  0.03150  0.02362 0
EL    4.13718  0.61719  0.00000 0
DT    4.15769  0.03150  0.02362 0
EL    4.15770  0.61719  0.00000 0
DT    4.17774  0.03150  0.02362 0
EL    4.17775  0.61719  0.00000 0
DT    4.19747  0.03150  0.02362 0
EL    4.19748  0.61719  0.00000 0
DT    4.21753  0.03150  0.02362 0
EL    4.21753  0.61719  0.00000 0
DT    4.23626  0.03150  0.02362 0
EL    4.23627  0.61719  0.00000 0
DT    4.25839  0.03150  0.02362 0
EL    4.25839  0.61719  0.00000 0
DT    4.27778  0.03150  0.02362 0
EL    4.27779  0.61719  0.00000 0
DT    4.29615  0.03150  0.02362 0
EL    4.29615  0.61719  0.00000 0
DT    4.31752  0.03150  0.02362 0
EL    4.31753  0.61719  0.00000 0
DT    4.33670  0.03150  0.02362 0
EL    4.33671  0.61719  0.00000 0
FB    4.35404  0.00000  0.00000 1
DT    4.35744  0.03150  0.02362 0
EL    4.35745  0.61719  0.00000 0
DT    4.37756  0.03150  0.02362 0
EL    4.37757  0.61719  0.00000 0
DT    4.39859  0.02362  0.02362 0
EL    4.39859  0.61719  0.00000 0
DT    4.41835  0.02362  0.02362 0
EL    4.41835  0.53906  0.00000 0
DT    4.43845  0.02362  0.02362 0
EL    4.43845  0.48438  0.00000 0
DT    4.45908  0.03150  0.02362 0
EL    4.45908  0.46094  0.00000 0
DT    4.48010  0.02362  0.02362 0
EL    4.48011  0.42969  0.00000 0
DT    4.49832  0.02362  0.02362 0
EL    4.49833  0.40625  0.00000 0
DT    4.51952  0.03150  0.02362 0
EL    4.51952  0.35938  0.00000 0
DT    4.53921  0.02362  0.02362 0
EL    4.53922  0.30469  0.00000 0
DT    4.55781  0.02362  0.02362 0
EL    4.55782  0.28125  0.00000 0
DT    4.57922  0.03150  0.02362 0
EL    4.57922  0.25781  0.00000 0
DT    4.59915  0.03150  0.02362 0
EL    4.59915  0.25000  0.00000 0
DT    4.61767  0.03150  0.02362 0
EL    4.61767  0.25000  0.00000 0
DT    4.63835  0.03150  0.02362 0
EL    4.63835  0.23438  0.00000 0
DT    4.65799  0.03150  0.02362 0
EL    4.65800  0.23438  0.00000 0
DT    4.67704  0.03150  0.02362 0
EL    4.67705  0.23438  0.00000 0
DT    4.69740  0.03150  0.02362 0
EL    4.69740  0.23438  0.00000 0
DT    4.71676  0.03150  0.02362 0
EL    4.71677  0.23438  0.00000 0
DT    4.73683  0.03150  0.02362 0
EL    4.73683  0.23438  0.00000 0
DT    4.75895  0.02362  0.02362 0
EL    4.75896  0.23438  0.00000 0
DT    4.77914  0.03150  0.02362 0
EL    4.77914  0.23438  0.00000 0
DT    4.79683  0.03150  0.02362 0
EL    4.79683  0.23438  0.00000 0
DT    4.81778  0.03150  0.02362 0
EL    4.81778  0.23438  0.00000 0
DT    4.83730  0.03150  0.02362 0
EL    4.83731  0.23438  0.00000 0
DT    4.85678  0.03150  0.02362 0
EL    4.85679  0.23438  0.00000 0
DT    4.87826  0.03150  0.02362 0
EL    4.87826  0.23438  0.00000 0
DT    4.89759  0.03150  0.02362 0
EL    4.89760  0.23438  0.00000 0
DT    4.91680  0.03150  0.02362 0
EL    4.91681  0.23438  0.00000 0
DT    4.93727  0.03150  0.02362 0
EL    4.93727  0.23438  0.00000 0
DT    4.95756  0.03150  0.02362 0
EL    4.95756  0.23438  0.00000 0
DT    4.97822  0.03150  0.02362 0
EL    4.97823  0.29688  0.00000 0
DT    4.99891  0.03150  0.02362 0
EL    4.99892  0.30469  0.00000 0
DT    5.01856  0.03150  0.02362 0
EL    5.01857  0.31250  0.00000 0
DT    5.03691  0.03150  0.02362 0
EL    5.03692  0.31250  0.00000 0
DT    5.05624  0.03150  0.02362 0
EL    5.05624  0.31250  0.00000 0
DT    5.07806  0.03150  0.02362 0
EL    5.07806  0.32031  0.00000 0
DT    5.09760  0.03150  0.02362 0
EL    5.09761  0.33594  0.00000 0
DT    5.11823  0.03150  0.02362 0
EL    5.11824  0.34375  0.00000 0
DT    5.13794  0.03150  0.02362 0
EL    5.13795  0.35156  0.00000 0
DT    5.15714  0.03150  0.02362 0
EL    5.15715  0.35156  0.00000 0
DT    5.17720  0.03150  0.02362 0
EL    5.17721  0.35156  0.00000 0
DT    5.19641  0.03150  0.02362 0
EL    5.19642  0.35938  0.00000 0
DT    5.21839  0.03150  0.02362 0
EL    5.21839  0.36719  0.00000 0
DT    5.23810  0.02362  0.02362 0
EL    5.23811  0.36719  0.00000 0
DT    5.25917  0.03150  0.02362 0
EL    5.25918  0.36719  0.00000 0
DT    5.27715  0.03150  0.02362 0
EL    5.27716  0.36719  0.00000 0
DT    5.29812  0.02362  0.02362 0
EL    5.29813  0.36719  0.00000 0
DT    5.31747  0.02362  0.02362 0
EL    5.31748  0.36719  0.00000 0
DT    5.33885  0.03150  0.02362 0
EL    5.33886  0.36719  0.00000 0
DT    5.35840  0.02362  0.02362 0
EL    5.35840  0.36719  0.00000 0
DT    5.37747  0.02362  0.02362 0
EL    5.37748  0.36719  0.00000 0
DT    5.39707  0.02362  0.02362 0
EL    5.39708  0.36719  0.00000 0
CA    5.41356  0.00000  0.00000 1
DT    5.41782  0.02362  0.02362 0
EL    5.41783  0.36719  0.00000 0
DT    5.43761  0.02362  0.02362 0
EL    5.43762  0.30469  0.00000 0
DT    5.45721  0.02362  0.02362 0
EL    5.45722  0.24219  0.00000 0
DT    5.47844  0.02362  0.02362 0
EL    5.47845  0.20313  0.00000 0
DT    5.49785  0.02362  0.02362 0
EL    5.49786  0.16406  0.00000 0
DT    5.51785  0.02362  0.02362 0
EL    5.51786  0.14063  0.00000 0
DT    5.53848  0.02362  0.02362 0
EL    5.53849  0.10938  0.00000 0
DT    5.55949  0.03150  0.02362 0
EL    5.55950  0.07813  0.00000 0
DT    5.57982  0.02362  0.02362 0
EL    5.57983  0.05469  0.00000 0
DT    5.59879  0.02362  0.02362 0
EL    5.59880  0.00000  0.00000 0
DT    5.61784  0.02362  0.02362 0
DT    5.63761  0.02362  0.02362 0
DT    5.65870  0.03150  0.02362 0
DT    5.67855  0.02362  0.02362 0
DT    5.69799  0.02362  0.02362 0
DT    5.71771  0.02362  0.02362 0
DT    5.73748  0.02362  0.02362 0
DT    5.75967  0.03150  0.02362 0
DT    5.77902  0.02362  0.02362 0
DT    5.79725  0.02362  0.02362 0
DT    5.81665  0.02362  0.02362 0
DT    5.83675  0.02362  0.02362 0
DT    5.85862  0.03150  0.02362 0
DT    5.87745  0.03150  0.02362 0
DT    5.89691  0.03150  0.02362 0
DT    5.91742  0.03150  0.02362 0
DT    5.93719  0.03150  0.02362 0
DT    5.95787  0.03150  0.03150 0
DT    5.97754  0.03150  0.03150 0
DT    5.99820  0.03150  0.04724 0
DT    6.01829  0.03150  0.06299 0
DT    6.03960  0.04724  0.08661 0
DT    6.05892  0.04724  0.09449 0
DT    6.07769  0.04724  0.09449 0
DT    6.09847  0.04724  0.10236 0
DT    6.11895  0.04724  0.11024 0
DT    6.13817  0.04724  0.11811 0
DT    6.15986  0.06299  0.13386 0
DT    6.17868  0.07874  0.13386 0
DT    6.19692  0.07874  0.13386 0
DT    6.21958  0.12598  0.15748 0
DT    6.24031  0.16535  0.18110 0
DT    6.26010  0.17323  0.19685 0
DT    6.28030  0.18898  0.20472 0
DT    6.29982  0.20472  0.21260 0
DT    6.32046  0.22047  0.22047 0
DT    6.33680  0.22047  0.22047 0
DT    6.35873  0.22047  0.22835 0
DT    6.37762  0.22047  0.22835 0
DT    6.40050  0.22835  0.25984 0
DT    6.41944  0.22835  0.26772 0
DT    6.43895  0.22835  0.27559 0
DT    6.45914  0.22835  0.28346 0
DT    6.47843  0.22835  0.28346 0
DT    6.49874  0.22835  0.29134 0
DT    6.51738  0.22835  0.29134 0
DT    6.53895  0.23622  0.29921 0
DT    6.55824  0.23622  0.30709 0
DT    6.58026  0.24409  0.31496 0
DT    6.59852  0.24409  0.32283 0
DT    6.62011  0.25197  0.33071 0
DT    6.64040  0.25984  0.33858 0
DT    6.65997  0.27559  0.34646 0
DT    6.67900  0.27559  0.35433 0
DT    6.69881  0.28346  0.35433 0
DT    6.71721  0.28346  0.35433 0
DT    6.73751  0.28346  0.35433 0
DT    6.75693  0.28346  0.35433 0
DT    6.77677  0.28346  0.35433 0
DT    6.80011  0.27559  0.34646 0
DT    6.81677  0.27559  0.34646 0
DT    6.83664  0.27559  0.34646 0
DT    6.85702  0.27559  0.34646 0
DT    6.87695  0.27559  0.34646 0
DT    6.89702  0.27559  0.34646 0
DT    6.91759  0.27559  0.34646 0
DT    6.93864  0.26772  0.34646 0
DT    6.95897  0.25984  0.34646 0
DT    6.97557  0.25197  0.34646 0
DT    6.99699  0.25197  0.34646 0
DT    7.01679  0.25197  0.34646 0
DT    7.03856  0.25197  0.33858 0
DT    7.05848  0.25197  0.33071 0
DT    7.07944  0.25197  0.32283 0
DT    7.09894  0.24409  0.32283 0
DT    7.11939  0.23622  0.32283 0
DT    7.14095  0.22047  0.30709 0
DT    7.15935  0.20472  0.30709 0
DT    7.18012  0.18110  0.29921 0
DT    7.19879  0.16535  0.29921 0
DT    7.21698  0.16535  0.29921 0
DT    7.23898  0.15748  0.29921 0
DT    7.26013  0.13386  0.29134 0
DT    7.27985  0.11024  0.27559 0
DT    7.29978  0.09449  0.25197 0
DT    7.31832  0.09449  0.22835 0
DT    7.33807  0.08661  0.22835 0
DT    7.35853  0.07874  0.22835 0
DT    7.37984  0.07087  0.21260 0
DT    7.39998  0.05512  0.20472 0
DT    7.41978  0.04724  0.18898 0
DT    7.43859  0.04724  0.14173 0
DT    7.45919  0.04724  0.07087 0
DT    7.48037  0.03937  0.00787 0
DT    7.49775  0.03937  0.00000 0
DT    7.51898  0.03937  0.00787 0
DT    7.53996  0.03150  0.01575 0
DT    7.55818  0.02362  0.01575 0
DT    7.57829  0.02362  0.01575 0
DT    7.59796  0.02362  0.00787 0
DT    7.61817  0.02362  0.01575 0
DT    7.63722  0.02362  0.01575 0
DT    7.65791  0.02362  0.01575 0
DT    7.67796  0.02362  0.01575 0
EL    7.67797 -0.07087  0.00000 0
DT    7.69817  0.02362  0.01575 0
EL    7.69817 -0.14173  0.00000 0
DT    7.71784  0.02362  0.01575 0
EL    7.71785 -0.21260  0.00000 0
DT    7.73808  0.02362  0.01575 0
EL    7.73809 -0.24409  0.00000 0
DT    7.75879  0.02362  0.01575 0
EL    7.75879 -0.26772  0.00000 0
DT    7.77831  0.02362  0.01575 0
EL    7.77831 -0.28346  0.00000 0
DT    7.79943  0.02362  0.01575 0
EL    7.79943 -0.29921  0.00000 0
DT    7.81821  0.02362  0.01575 0
EL    7.81822 -0.30709  0.00000 0
DT    7.83904  0.02362  0.01575 0
EL    7.83905 -0.31496  0.00000 0
DT    7.85895  0.02362  0.01575 0
EL    7.85895 -0.32283  0.00000 0
DT    7.87805  0.02362  0.01575 0
EL    7.87805 -0.33071  0.00000 0
DT    7.89850  0.02362  0.01575 0
EL    7.89850 -0.34646  0.00000 0
DT    7.91707  0.02362  0.01575 0
EL    7.91707 -0.34646  0.00000 0
DT    7.93796  0.02362  0.01575 0
EL    7.93796 -0.37795  0.00000 0
DT    7.95816  0.02362  0.01575 0
EL    7.95816 -0.39370  0.00000 0
DT    7.97791  0.02362  0.01575 0
EL    7.97791 -0.40945  0.00000 0
DT    8.00566  0.02362  0.01575 0
DT    8.02     0.0      0.0     0
DT    8.04     0.0      0.0     0
XX 9999.00000 999.00000 999.00000 0
