0000    0.00026  0.00025 -0.07031 -0.01563  0.09818  0.09818  0.11703  0.76100
0001    0.01845  0.01818 -0.07813 -0.01563  0.09818  0.09818  0.11703  0.76100
0002    0.03758  0.01912 -0.07813 -0.01563  0.09818  0.09818  0.11703  0.76100
0003    0.05909  0.02150 -0.09375 -0.02344  0.09818  0.09818  0.00000  0.00000
0004    0.08048  0.02138 -0.13281 -0.04688  0.09818  0.09818  0.00000  0.00000
0005    0.10019  0.01970 -0.14063 -0.07813  0.09818  0.09818  0.00000  0.00000
0006    0.11977  0.01956 -0.18750 -0.08594  0.09818  0.09818  0.00000  0.00000
0007    0.13999  0.02021 -0.21875 -0.10938  0.14726  0.09818  0.00000  0.00000
0008    0.16024  0.02024 -0.23438 -0.12500  0.14726  0.09818  0.00000  0.00000
0009    0.17967  0.01942 -0.25781 -0.14063  0.19635  0.09818  1.26598  0.00000
0010    0.20004  0.02036 -0.27344 -0.16406  0.24544  0.14726  1.56821  0.00000
0011    0.22027  0.02022 -0.31250 -0.20313  0.29453  0.19635  1.78043  2.02731
0012    0.24029  0.02001 -0.32031 -0.23438  0.39270  0.24544  2.26508  2.20264
0013    0.26114  0.02084 -0.35156 -0.27344  0.49088  0.34361  2.69228  2.78684
0014    0.27970  0.01855 -0.38281 -0.28906  0.63814  0.44179  3.27308  3.28627
0015    0.30033  0.02062 -0.42188 -0.32813  0.83449  0.58905  6.39697  3.92448
0016    0.32025  0.01991 -0.45313 -0.35156  1.03084  0.78540  8.80382  6.22848
0017    0.33878  0.01851 -0.46875 -0.35938  1.27628  0.98175 11.46938  8.74839
0018    0.35941  0.02062 -0.48438 -0.37500  1.57080  1.22719 14.21683 11.57004
0019    0.38022  0.02080 -0.49219 -0.38281  1.96350  1.52171 16.91366 13.61069
0020    0.39774  0.01751 -0.49219 -0.39063  2.30711  1.81624 18.95676 15.65133
0021    0.41907  0.02132 -0.49219 -0.40625  2.74890  2.20894 21.18438 17.77769
0022    0.43906  0.01998 -0.50000 -0.41406  3.19069  2.60164 22.77161 18.97644
0023    0.45978  0.02070 -0.50781 -0.42969  3.73065  3.04343 24.64306 20.68405
0024    0.48018  0.02039 -0.51563 -0.44531  4.27061  3.48521 26.29479 22.38341
0025    0.49966  0.01947 -0.52344 -0.46875  4.81058  3.97609 28.25928 24.44895
0026    0.51840  0.01873 -0.52344 -0.47656  5.35054  4.46696 29.51859 25.75967
0027    0.53965  0.02123 -0.53125 -0.50000  5.98868  5.05601 31.21512 28.07093
0028    0.56040  0.02074 -0.53906 -0.50781  6.72499  5.64506 33.60604 29.98168
0029    0.57939  0.01898 -0.54688 -0.51563  7.36313  6.28320 34.96672 31.64853
0030    0.60045  0.02104 -0.55469 -0.52344  8.14853  6.97043 36.70917 33.14562
0031    0.61830  0.01784 -0.55469 -0.53125  8.78666  7.55948 38.26456 35.06212
0032    0.63938  0.02107 -0.56250 -0.53125  9.62115  8.34488 38.61524 37.95068
0033    0.65720  0.01781 -0.56250 -0.53125 10.30838  9.08119 39.54874 39.24614
0034    0.67711  0.01990 -0.56250 -0.53125 11.19195  9.86659 44.68634 40.60258
0035    0.69888  0.02175 -0.56250 -0.53906 12.12461 10.75016 43.54682 41.96374
0036    0.71692  0.01804 -0.56250 -0.53906 12.95910 11.58465 46.25572 44.87979
0037    0.73849  0.02155 -0.56250 -0.54688 13.98994 12.51731 47.60185 44.27622
0038    0.75764  0.01914 -0.56250 -0.54688 14.92260 13.35180 48.38900 44.15356
0039    0.78008  0.02242 -0.55469 -0.55469 16.05161 14.43173 51.15919 48.27788
0040    0.79925  0.01916 -0.55469 -0.56250 17.03336 15.36439 49.64652 48.32541
0041    0.81933  0.02007 -0.55469 -0.57813 18.06420 16.34614 52.38710 49.74236
0042    0.83805  0.01870 -0.55469 -0.58594 19.04595 17.32789 53.22148 52.31201
0043    0.85710  0.01904 -0.55469 -0.58594 20.02770 18.30964 52.92339 52.69585
0044    0.87729  0.02018 -0.55469 -0.58594 21.10763 19.38956 54.21787 53.80278
0045    0.89842  0.02112 -0.55469 -0.58594 22.23664 20.56766 53.66602 55.27000
0046    0.91760  0.01918 -0.55469 -0.58594 23.31656 21.64759 56.44058 57.56478
0047    0.93841  0.02080 -0.56250 -0.58594 24.49466 22.82569 56.95663 57.99940
0048    0.95729  0.01887 -0.56250 -0.58594 25.62368 23.95470 59.77970 60.39086
0049    0.97774  0.02044 -0.56250 -0.58594 26.85086 25.18189 59.36113 60.32258
0050    0.99673  0.01898 -0.56250 -0.58594 27.97988 26.35999 61.23843 62.34560
0051    1.01689  0.02015 -0.56250 -0.58594 29.25615 27.63626 61.56987 64.15367
0052    1.03704  0.02014 -0.56250 -0.58594 30.48334 28.91254 62.17228 64.45693
0053    1.05710  0.02005 -0.56250 -0.58594 31.75961 30.23790 63.85906 65.61053
0054    1.07696  0.01985 -0.56250 -0.58594 33.03589 31.51417 63.32359 64.61134
0055    1.09759  0.02062 -0.56250 -0.58594 34.36125 32.83954 63.99893 64.34456
0056    1.11712  0.01952 -0.56250 -0.58594 35.53935 34.16490 61.70182 67.25282
0057    1.13704  0.01991 -0.56250 -0.58594 36.86471 35.44118 63.99017 65.21826
0058    1.15705  0.01999 -0.56250 -0.58594 38.14099 36.81563 66.55301 67.10893
0059    1.17834  0.02128 -0.56250 -0.59375 39.56452 38.19008 65.91492 66.58054
0060    1.19866  0.02031 -0.56250 -0.58594 40.93898 39.61361 68.04996 69.32626
0061    1.21695  0.01828 -0.56250 -0.58594 42.16616 40.88989 67.86885 71.07950
0062    1.23667  0.01972 -0.56250 -0.58594 43.49152 42.31343 69.43511 71.01625
0063    1.25747  0.02079 -0.56250 -0.58594 44.96415 43.83514 70.79247 73.11215
0064    1.27753  0.02004 -0.56250 -0.58594 46.43678 45.25868 71.51130 72.08679
0065    1.29752  0.01998 -0.56250 -0.58594 47.81123 46.73130 69.36055 73.81246
0066    1.31740  0.01987 -0.56250 -0.58594 49.23476 48.20393 72.23052 72.94809
0067    1.33844  0.02103 -0.57031 -0.58594 50.75648 49.72564 72.67700 74.36711
0068    1.35862  0.02017 -0.57813 -0.58594 52.22910 51.19826 72.93129 72.55776
0069    1.37744  0.01881 -0.57813 -0.58594 53.60355 52.62180 73.64690 75.22124
0070    1.39772  0.02027 -0.58594 -0.58594 55.07618 54.14351 72.64957 75.40960
0071    1.41946  0.02173 -0.59375 -0.57813 56.69606 55.76340 74.76241 75.52039
0072    1.43895  0.01948 -0.60156 -0.57813 58.11960 57.23603 74.83592 75.15272
0073    1.45901  0.02004 -0.60156 -0.57031 59.64131 58.75774 75.16077 77.04955
0074    1.47973  0.02071 -0.59375 -0.57031 61.21211 60.32854 76.57956 77.03504
0075    1.49939  0.01964 -0.59375 -0.56250 62.73382 61.85025 77.03565 77.74329
0076    1.51806  0.01866 -0.59375 -0.56250 64.15736 63.32287 77.93646 76.62678
0077    1.53933  0.02126 -0.59375 -0.55469 65.77725 64.94276 76.80723 77.64737
0078    1.55713  0.01779 -0.59375 -0.55469 67.20079 66.31721 76.56284 78.22460
0079    1.57794  0.02080 -0.59375 -0.55469 68.77159 67.93710 78.28947 77.47702
0080    1.59738  0.01942 -0.59375 -0.55469 70.29330 69.40973 78.03186 76.47994
0081    1.61963  0.02224 -0.59375 -0.54688 72.01136 71.12779 77.32750 77.60440
0082    1.63795  0.01831 -0.59375 -0.54688 73.43490 72.55133 76.17906 78.21463
0083    1.65906  0.02110 -0.59375 -0.53906 75.05479 74.22030 78.27886 78.19532
0084    1.67818  0.01910 -0.59375 -0.53906 76.57650 75.69293 79.86837 76.65011
0085    1.69798  0.01979 -0.59375 -0.53906 78.14730 77.21464 78.35883 77.74082
0086    1.71699  0.01899 -0.59375 -0.53906 79.66901 78.73635 80.51421 78.85859
0087    1.73722  0.02022 -0.59375 -0.53906 81.28890 80.30715 79.44632 78.59974
0088    1.75753  0.02030 -0.59375 -0.53906 82.95788 81.92704 81.60305 80.01027
0089    1.77759  0.02005 -0.59375 -0.53906 84.57776 83.54693 80.88702 79.42511
0090    1.79982  0.02222 -0.59375 -0.53125 86.34491 85.31408 79.09174 79.50358
0091    1.81782  0.01799 -0.59375 -0.53125 87.76845 86.73761 81.28213 79.33526
0092    1.83898  0.02115 -0.59375 -0.52344 89.53560 88.40659 82.39476 78.41579
0093    1.85740  0.01840 -0.59375 -0.52344 91.05731 89.87921 81.98946 79.65905
0094    1.87697  0.01956 -0.59375 -0.52344 92.67720 91.45001 81.73009 80.32777
0095    1.89729  0.02031 -0.59375 -0.52344 94.34618 93.06990 82.91387 80.73801
0096    1.91784  0.02054 -0.59375 -0.52344 96.06424 94.73888 81.92036 80.83241
0097    1.93818  0.02033 -0.59375 -0.52344 97.73321 96.35876 82.67647 80.00375
0098    1.95736  0.01917 -0.59375 -0.52344 99.30401 97.92956 83.33263 81.68997
0099    1.97842  0.02105 -0.59375 -0.52344 101.07116 99.64763 87.15743 81.30098
0100    1.99718  0.01875 -0.59375 -0.52344 102.69105 101.16934 83.15546 79.31731
0101    2.01772  0.02053 -0.59375 -0.52344 104.40911 102.78923 84.43563 81.42168
0102    2.03777  0.02004 -0.59375 -0.52344 106.07809 104.45820 84.75710 81.25791
0103    2.05701  0.01924 -0.59375 -0.52344 107.74706 106.02900 84.80249 81.42775
0104    2.07707  0.02005 -0.59375 -0.52344 109.41604 107.64889 84.40587 81.80227
0105    2.09687  0.01979 -0.59375 -0.52344 111.03592 109.26878 81.80909 81.32253
0106    2.11730  0.02042 -0.59375 -0.52344 112.75399 110.93775 83.45943 81.81591
0107    2.13836  0.02105 -0.59375 -0.52344 114.52114 112.65581 84.24363 81.46897
0108    2.15966  0.02129 -0.59375 -0.51563 116.33738 114.37388 86.16604 82.42243
0109    2.17787  0.01820 -0.59375 -0.51563 117.90818 115.89559 83.74777 82.32497
0110    2.19989  0.02201 -0.59375 -0.50781 119.77350 117.66274 85.81431 81.31984
0111    2.21707  0.01717 -0.59375 -0.50781 121.19704 119.08628 84.07625 81.77434
0112    2.23776  0.02068 -0.59375 -0.50781 122.96419 120.75525 82.99308 81.76480
0113    2.25885  0.02108 -0.59375 -0.50781 124.68225 122.47331 83.03168 80.61470
0114    2.27812  0.01926 -0.59375 -0.50781 126.30214 123.99503 84.05970 78.97849
0115    2.29812  0.01998 -0.59375 -0.50781 128.02020 125.66400 84.07553 81.94361
0116    2.31769  0.01956 -0.59375 -0.50781 129.68918 127.23480 85.50712 79.99267
0117    2.33818  0.02048 -0.59375 -0.50000 131.40724 128.90378 86.53973 81.25388
0118    2.35753  0.01933 -0.59375 -0.50000 133.12530 130.52366 86.63290 83.04011
0119    2.37921  0.02167 -0.59375 -0.49219 134.99063 132.29081 86.50771 83.20338
0120    2.39749  0.01827 -0.59375 -0.49219 136.51234 133.81253 83.48285 82.81386
0121    2.42017  0.02267 -0.59375 -0.48438 138.47584 135.72694 89.02582 83.74277
0122    2.43888  0.01870 -0.59375 -0.47656 140.14481 137.29774 87.47349 83.06611
0123    2.45928  0.02039 -0.59375 -0.46875 141.91196 138.96671 87.53277 81.17058
0124    2.47744  0.01815 -0.59375 -0.46875 143.43368 140.43934 85.17995 81.56373
0125    2.49915  0.02161 -0.59375 -0.46094 145.34809 142.20649 87.42831 80.44494
0126    2.51902  0.01986 -0.59375 -0.43750 147.06615 143.82637 85.62346 80.48649
0127    2.53884  0.01975 -0.59375 -0.42969 148.73513 145.39718 82.26634 80.76325
0128    2.55937  0.02053 -0.59375 -0.42188 150.45319 147.06615 84.56946 79.35706
0129    2.57892  0.01953 -0.59375 -0.40625 152.17125 148.63695 87.99172 81.34342
0130    2.59962  0.02069 -0.59375 -0.39844 153.98749 150.30593 87.58509 80.64516
0131    2.61953  0.01990 -0.59375 -0.39063 155.70555 151.92581 86.27735 81.20952
0132    2.63750  0.01796 -0.59375 -0.39063 157.27635 153.34935 86.89745 80.93903
0133    2.65989  0.02238 -0.59375 -0.38281 159.19076 155.11650 85.57122 77.76915
0134    2.67727  0.01736 -0.59375 -0.38281 160.66339 156.49095 84.75344 79.17466
0135    2.69888  0.02160 -0.59375 -0.37500 162.47963 158.20901 83.67853 76.85714
0136    2.71858  0.01969 -0.59375 -0.37500 164.19769 159.73073 88.27734 76.81204
0137    2.74018  0.02159 -0.59375 -0.36719 166.06301 161.35061 84.54689 74.88159
0138    2.75914  0.01895 -0.59375 -0.36719 167.68290 162.72506 85.09652 74.66915
0139    2.78029  0.02114 -0.59375 -0.35938 169.45005 164.29586 84.68765 73.86244
0140    2.79914  0.01883 -0.59375 -0.35938 171.06994 165.67031 84.32105 73.76421
0141    2.82037  0.02123 -0.59375 -0.35156 172.88618 167.29020 85.47585 74.48899
0142    2.84079  0.02040 -0.58594 -0.35156 174.60424 168.76283 85.19621 74.20186
0143    2.85926  0.01846 -0.57813 -0.35156 176.12595 170.18636 85.30207 75.32744
0144    2.87901  0.01974 -0.57813 -0.35156 177.84401 171.65899 86.03013 73.78361
0145    2.89954  0.02052 -0.57031 -0.35156 179.61116 173.18070 86.26068 74.77664
0146    2.92146  0.02191 -0.56250 -0.35156 181.47649 174.80059 84.48068 74.01446
0147    2.94360  0.02213 -0.56250 -0.35938 183.34181 176.42048 83.31777 73.84022
0148    2.96678  0.02317 -0.55469 -0.35938 185.25623 178.13854 83.70279 73.55971
0149    2.98136  0.01457 -0.55469 -0.35938 186.48341 179.21846 80.17231 72.68830
0150    2.99938  0.01801 -0.55469 -0.35938 187.90695 180.49474 80.17493 70.97262
0151    3.02043  0.02104 -0.53906 -0.35938 189.62501 182.01645 82.49792 71.87253
0152    3.04005  0.01961 -0.53125 -0.35938 191.19581 183.39090 81.07807 72.08997
0153    3.06001  0.01995 -0.51563 -0.35938 192.81570 184.81444 80.67498 70.56654
0154    3.08131  0.02129 -0.50000 -0.36719 194.53376 186.33615 80.84173 71.60623
0155    3.10120  0.01987 -0.46094 -0.37500 196.15365 187.75969 79.63256 71.29733
0156    3.12130  0.02009 -0.43750 -0.38281 197.72445 189.18323 78.83389 71.64333
0157    3.14151  0.02020 -0.39063 -0.39844 199.29525 190.65585 76.90048 71.67890
0158    3.16000  0.01847 -0.33594 -0.40625 200.71879 191.98121 76.22164 70.46322
0159    3.18067  0.02067 -0.27344 -0.42969 202.24050 193.45384 75.14006 69.59903
0160    3.20024  0.01955 -0.24219 -0.43750 203.66404 194.82829 67.94682 70.75064
0161    3.22126  0.02101 -0.18750 -0.45313 205.03849 196.30091 67.40196 70.53258
0162    3.23924  0.01796 -0.08594 -0.46875 206.21659 197.57719 64.42859 70.30730
0163    3.26112  0.02187  0.00000 -0.47656 207.59104 199.14799 61.65764 71.08464
0164    3.27957  0.01844  0.01575 -0.47656 208.86731 200.42426 66.87078 71.05429
0165    3.30106  0.02148  0.02362 -0.48438 210.29085 201.94598 66.92640 69.54184
0166    3.32010  0.01903  0.03150 -0.50000 211.51804 203.27134 65.10710 70.51940
0167    3.33816  0.01804  0.03150 -0.50000 212.69614 204.54761 63.43284 71.73232
0168    3.35997  0.02180  0.03150 -0.50781 214.07059 206.11841 63.80345 71.20374
0169    3.37884  0.01886  0.03150 -0.50781 215.24869 207.49286 61.53282 70.09446
0170    3.40126  0.02241  0.02362 -0.50000 216.57405 209.06366 60.60896 70.18516
0171    3.42043  0.01916  0.03150 -0.50000 217.75215 210.38903 59.82086 69.15583
0172    3.43951  0.01906  0.03150 -0.50000 218.88116 211.66530 58.10272 68.34462
0173    3.45834  0.01882  0.03150 -0.50000 219.96109 212.94158 58.18950 67.99011
0174    3.48061  0.02227  0.02362 -0.50000 221.28645 214.46329 58.22608 65.62675
0175    3.50216  0.02154  0.03150 -0.49219 222.51364 215.88683 58.08828 66.13427
0176    3.51954  0.01737  0.02362 -0.49219 223.49539 217.01584 56.44902 66.67233
0177    3.53974  0.02020  0.03150 -0.49219 224.67349 218.39029 57.14261 66.29907
0178    3.55864  0.01889  0.03150 -0.49219 225.75341 219.61747 56.28752 66.88490
0179    3.57770  0.01905  0.03150 -0.49219 226.83334 220.89375 57.70621 66.32370
0180    3.60138  0.02367  0.03150 -0.48438 228.15870 222.41546 56.06636 65.50852
0181    3.61905  0.01766  0.01575 -0.48438 229.14045 223.59356 55.95516 64.64198
0182    3.63708  0.01802  0.01575 -0.48438 230.12220 224.72258 53.85324 64.23216
0183    3.65951  0.02242  0.01575 -0.47656 231.30030 226.19520 51.96039 64.19268
0184    3.68069  0.02116  0.02362 -0.46875 232.42931 227.52056 52.64329 62.79543
0185    3.70135  0.02065  0.02362 -0.44531 233.50924 228.79684 52.10019 62.36343
0186    3.71936  0.01800  0.02362 -0.42969 234.44190 229.92585 51.54030 62.04066
0187    3.73848  0.01911  0.02362 -0.39063 235.42365 231.05486 51.62839 60.63067
0188    3.75977  0.02128  0.02362 -0.35156 236.50357 232.33114 51.16292 59.35431
0189    3.77887  0.01909  0.02362 -0.31250 237.48533 233.46015 51.32555 58.47962
0190    3.79819  0.01931  0.02362 -0.28906 238.46708 234.58916 51.50758 57.47278
0191    3.82006  0.02186  0.03150 -0.26563 239.64518 235.81635 52.05406 56.45453
0192    3.83802  0.01795  0.03150 -0.21875 240.52875 236.84719 50.52311 55.66170
0193    3.85813  0.02009  0.03150 -0.18750 241.55959 237.92711 50.25209 55.42070
0194    3.87912  0.02098  0.03150 -0.13281 242.59042 239.05613 50.13430 50.72490
0195    3.89930  0.02018  0.03150 -0.10938 243.57218 240.03787 48.69695 49.02793
0196    3.91903  0.01971  0.03150 -0.07031 244.55393 241.01963 48.10048 49.08112
0197    3.93881  0.01977  0.03150 -0.03125 245.48659 241.95229 47.39342 47.46262
0198    3.95856  0.01974  0.03150  0.00787 246.37016 242.88495 45.32297 45.51671
0199    3.97853  0.01996  0.03150  0.02362 247.30282 243.76852 45.23589 44.78848
0200    3.99701  0.01847  0.03150  0.02362 248.08823 244.60301 44.34262 44.37489
0201    4.01715  0.02013  0.03150  0.02362 248.97180 245.48659 43.53485 44.16568
0202    4.03717  0.02001  0.03150  0.02362 249.85538 246.37016 44.22935 43.65235
0203    4.05713  0.01994  0.03150  0.02362 250.73895 247.20465 42.54771 42.74351
0204    4.07773  0.02059  0.03150  0.02362 251.62253 248.08823 42.96179 42.10664
0205    4.09774  0.02000  0.03150  0.02362 252.45701 248.92271 41.66225 41.47217
0206    4.11721  0.01946  0.03150  0.02362 253.24241 249.70811 40.32324 40.77103
0207    4.13731  0.02008  0.03150  0.02362 254.02781 250.49351 39.24614 40.11679
0208    4.15783  0.02051  0.03150  0.02362 254.81321 251.32800 38.69484 38.75594
0209    4.17788  0.02004  0.03150  0.02362 255.54953 252.06431 37.02607 36.26628
0210    4.19760  0.01972  0.03150  0.02362 256.28584 252.75154 35.76451 35.93416
0211    4.21766  0.02004  0.03150  0.02362 256.97306 253.48785 35.64608 35.30345
0212    4.23639  0.01872  0.03150  0.02362 257.61120 254.12599 34.50633 35.49105
0213    4.25852  0.02195  0.03150  0.02362 258.39660 254.86230 34.00106 33.57960
0214    4.27792  0.01938  0.03150  0.02362 259.03474 255.50044 33.37016 33.28711
0215    4.29628  0.01835  0.03150  0.02362 259.62379 256.08949 32.49590 32.41404
0216    4.31766  0.02137  0.03150  0.02362 260.31101 256.82580 32.25420 32.43310
0217    4.33684  0.01917  0.03150  0.02362 260.94915 257.41485 31.43441 31.77483
0218    4.35757  0.02072  0.03150  0.02362 261.58729 258.05299 31.37283 31.35700
0219    4.37769  0.02011  0.03150  0.02362 262.17634 258.69113 31.00554 31.18676
0220    4.39872  0.02101  0.02362  0.02362 262.81448 259.32926 29.16112 30.44960
0221    4.41848  0.01975  0.02362  0.02362 263.40353 259.91831 29.39671 29.73369
0222    4.43858  0.02009  0.02362  0.02362 263.99258 260.50736 28.73336 28.92622
0223    4.45921  0.02062  0.03150  0.02362 264.53254 261.09641 28.08916 28.39151
0224    4.48024  0.02102  0.02362  0.02362 265.12159 261.68546 26.76578 27.18151
0225    4.49845  0.01820  0.02362  0.02362 265.56338 262.12725 25.21834 24.84632
0226    4.51965  0.02119  0.03150  0.02362 266.05425 262.66721 23.95447 24.97393
0227    4.53934  0.01968  0.02362  0.02362 266.49604 263.10900 22.51762 23.19409
0228    4.55794  0.01859  0.02362  0.02362 266.88874 263.50170 21.20223 22.03827
0229    4.57935  0.02140  0.03150  0.02362 267.33053 263.94349 20.41914 20.78345
0230    4.59928  0.01992  0.03150  0.02362 267.72323 264.28710 18.61840 19.00443
0231    4.61780  0.01851  0.03150  0.02362 268.01775 264.63071 17.30398 17.60882
0232    4.63848  0.02067  0.03150  0.02362 268.36136 264.97433 16.26184 17.10974
0233    4.65813  0.01963  0.03150  0.02362 268.65589 265.31794 15.13453 16.23350
0234    4.67717  0.01903  0.03150  0.02362 268.90133 265.56338 13.91263 15.53168
0235    4.69753  0.02035  0.03150  0.02362 269.14676 265.90699 13.17039 14.95023
0236    4.71689  0.01935  0.03150  0.02362 269.39220 266.15243 12.79518 13.52073
0237    4.73696  0.02006  0.03150  0.02362 269.63764 266.39786 12.26740 12.52117
0238    4.75908  0.02211  0.02362  0.02362 269.88308 266.64330 11.69723 11.91788
0239    4.77927  0.02017  0.03150  0.02362 270.12851 266.83965 11.30615 11.44943
0240    4.79696  0.01768  0.03150  0.02362 270.32486 267.03600 11.06312 10.86493
0241    4.81791  0.02094  0.03150  0.02362 270.52121 267.23235 10.77683 10.37404
0242    4.83743  0.01951  0.03150  0.02362 270.71756 267.42870 10.26554  9.91837
0243    4.85691  0.01947  0.03150  0.02362 270.91391 267.62505  9.65271  9.66416
0244    4.87839  0.02147  0.03150  0.02362 271.06118 267.82140  9.19107  9.19767
0245    4.89772  0.01932  0.03150  0.02362 271.25753 267.96866  8.60212  8.91522
0246    4.91693  0.01920  0.03150  0.02362 271.40479 268.11593  8.26458  8.64387
0247    4.93740  0.02045  0.03150  0.02362 271.55205 268.31228  8.06289  8.27632
0248    4.95769  0.02028  0.03150  0.02362 271.69931 268.45954  7.88905  7.95176
0249    4.97835  0.02065  0.03150  0.02362 271.84658 268.60680  7.67786  7.61116
0250    4.99904  0.02068  0.03150  0.02362 271.99384 268.75406  7.41720  7.25467
0251    5.01869  0.01964  0.03150  0.02362 272.14110 268.85224  7.19626  7.06221
0252    5.03704  0.01834  0.03150  0.02362 272.23928 268.99950  7.04937  6.87483
0253    5.05637  0.01932  0.03150  0.02362 272.38654 269.09768  6.82048  6.68612
0254    5.07819  0.02181  0.03150  0.02362 272.53380 269.24494  6.46557  6.50197
0255    5.09774  0.01954  0.03150  0.02362 272.63198 269.34311  6.24302  6.31860
0256    5.11836  0.02062  0.03150  0.02362 272.73015 269.49038  5.80628  5.92810
0257    5.13807  0.01970  0.03150  0.02362 272.77924 269.53946  5.54115  5.68840
0258    5.15727  0.01919  0.03150  0.02362 272.77924 269.53946  5.54115  5.68840
0259    5.17733  0.02005  0.03150  0.02362 272.77924 269.58855  5.54115  4.33412
0260    5.19655  0.01920  0.03150  0.02362 272.82833 269.58855  3.55780  4.33412
0261    5.21852  0.02196  0.03150  0.02362 272.87741 269.63764  3.08880  3.30320
0262    5.23824  0.01971  0.02362  0.02362 272.92650 269.68672  2.89742  2.85223
0263    5.25930  0.02106  0.03150  0.02362 272.97559 269.68672  2.77774  2.85223
0264    5.27728  0.01797  0.03150  0.02362 273.07376 269.73581  2.57293  2.61464
0265    5.29826  0.02096  0.02362  0.02362 273.12285 269.78490  2.47352  2.43210
0266    5.31760  0.01934  0.02362  0.02362 273.17194 269.83399  2.37701  2.29709
0267    5.33899  0.02137  0.03150  0.02362 273.17194 269.83399  2.37701  2.29709
0268    5.35853  0.01953  0.02362  0.02362 273.17194 269.83399  2.37701  2.29709
0269    5.37760  0.01906  0.02362  0.02362 273.17194 269.83399  2.37701  2.29709
0270    5.39721  0.01960  0.02362  0.02362 273.12285 269.83399  2.37701  2.29709
0271    5.41796  0.02074  0.02362  0.02362 273.02468 269.83399  1.01277  2.29709
0272    5.43774  0.01978  0.02362  0.02362 273.02468 269.78490  1.01277  2.29709
0273    5.45734  0.01959  0.02362  0.02362 272.97559 269.68672  0.76863  0.84459
0274    5.47857  0.02122  0.02362  0.02362 272.92650 269.63764  0.37272  0.55593
0275    5.49798  0.01940  0.02362  0.02362 272.92650 269.53946  0.37272  0.00000
0276    5.51798  0.01999  0.02362  0.02362 272.92650 269.53946  0.37272  0.00000
0277    5.53861  0.02062  0.02362  0.02362 272.92650 269.53946  0.37272  0.00000
0278    5.55962  0.02100  0.03150  0.02362 272.92650 269.53946  0.37272  0.00000
0279    5.57995  0.02032  0.02362  0.02362 272.92650 269.53946  0.37272  0.00000
0280    5.59893  0.01897  0.02362  0.02362 272.92650 269.58855  0.37272  0.00000
0281    5.61797  0.01903  0.02362  0.02362 272.92650 269.63764  0.37272  0.00000
0282    5.63774  0.01975  0.02362  0.02362 272.92650 269.68672  0.00000  0.00000
0283    5.65884  0.02109  0.03150  0.02362 272.97559 269.68672  0.00000  0.00000
0284    5.67868  0.01983  0.02362  0.02362 273.02468 269.68672  0.00000  0.00000
0285    5.69812  0.01943  0.02362  0.02362 273.02468 269.68672  0.00000  0.00000
0286    5.71784  0.01971  0.02362  0.02362 273.02468 269.68672  0.00000  0.00000
0287    5.73761  0.01976  0.02362  0.02362 273.02468 269.68672  0.00000  0.00000
0288    5.75980  0.02218  0.03150  0.02362 273.02468 269.68672  0.00000  0.00000
0289    5.77915  0.01935  0.02362  0.02362 272.97559 269.68672  0.00000  0.00000
0290    5.79738  0.01822  0.02362  0.02362 272.97559 269.68672  0.00000  0.00000
0291    5.81678  0.01939  0.02362  0.02362 272.97559 269.63764  0.00000  0.00000
0292    5.83688  0.02009  0.02362  0.02362 272.97559 269.63764  0.00000  0.00000
0293    5.85875  0.02186  0.03150  0.02362 272.97559 269.63764  0.00000  0.00000
0294    5.87758  0.01882  0.03150  0.02362 272.97559 269.63764  0.00000  0.00000
0295    5.89705  0.01946  0.03150  0.02362 272.97559 269.63764  0.00000  0.00000
0296    5.91755  0.02049  0.03150  0.02362 272.97559 269.68672  0.00000  0.00000
0297    5.93732  0.01976  0.03150  0.02362 272.97559 269.68672  0.00000  0.00000
0298    5.95800  0.02067  0.03150  0.03150 272.97559 269.63764  0.00000  0.00000
0299    5.97767  0.01966  0.03150  0.03150 272.97559 269.63764  0.00000  0.00000
0300    5.99833  0.02065  0.03150  0.04724 272.97559 269.63764  0.00000  0.00000
0301    6.01842  0.02008  0.03150  0.06299 272.97559 269.63764  0.00000  0.00000
0302    6.03973  0.02130  0.04724  0.08661 272.97559 269.63764  0.00000  0.00000
0303    6.05905  0.01931  0.04724  0.09449 272.97559 269.63764  0.00000  0.00000
0304    6.07782  0.01876  0.04724  0.09449 272.97559 269.63764  0.00000  0.00000
0305    6.09860  0.02076  0.04724  0.10236 272.97559 269.63764  0.00000  0.00000
0306    6.11909  0.02048  0.04724  0.11024 272.97559 269.63764  0.00000  0.00000
0307    6.13819  0.01910  0.04724  0.11811 272.97559 269.63764  0.00000  0.00000
0308    6.16000  0.02169  0.06299  0.13386 272.97559 269.63764  0.00000  0.00000
0309    6.17881  0.01880  0.07874  0.13386 272.97559 269.58855  0.00000  0.00000
0310    6.19705  0.01823  0.07874  0.13386 272.92650 269.58855 -0.44514  0.00000
0311    6.21971  0.02265  0.12598  0.15748 272.92650 269.58855 -0.44514  0.00000
0312    6.24044  0.02066  0.16535  0.18110 272.87741 269.58855 -0.66509  0.00000
0313    6.26023  0.01978  0.17323  0.19685 272.82833 269.58855 -0.87917  0.00000
0314    6.28043  0.02019  0.18898  0.20472 272.77924 269.53946 -1.05459 -0.50291
0315    6.29995  0.01951  0.20472  0.21260 272.73015 269.49038 -1.17316 -0.77680
0316    6.32049  0.02053  0.22047  0.22047 272.68106 269.44129 -1.30324 -1.00627
0317    6.33694  0.01633  0.22047  0.22047 272.63198 269.39220 -1.42972 -1.20708
0318    6.35886  0.02191  0.22047  0.22835 272.53380 269.29403 -1.66778 -1.56697
0319    6.37775  0.01888  0.22047  0.22835 272.43563 269.19585 -2.78837 -1.87500
0320    6.40063  0.02287  0.22835  0.25984 272.28836 269.04859 -3.82143 -3.52753
0321    6.41958  0.01894  0.22835  0.26772 272.19019 268.95041 -4.66863 -4.60137
0322    6.43908  0.01949  0.22835  0.27559 272.09201 268.80315 -5.24623 -5.70011
0323    6.45927  0.02018  0.22835  0.28346 271.94475 268.65589 -6.01877 -6.68215
0324    6.47856  0.01928  0.22835  0.28346 271.74840 268.45954 -7.15888 -7.98580
0325    6.49887  0.02030  0.22835  0.29134 271.60114 268.26319 -7.94336 -8.99509
0326    6.51751  0.01863  0.22835  0.29134 271.40479 268.11593 -9.07897 -9.51196
0327    6.53908  0.02156  0.23622  0.29921 271.15935 267.87049 -10.05974 -10.38386
0328    6.55838  0.01928  0.23622  0.30709 270.96300 267.62505 -10.71227 -11.15953
0329    6.58039  0.02200  0.24409  0.31496 270.66848 267.33053 -11.61651 -12.26594
0330    6.59865  0.01825  0.24409  0.32283 270.42304 267.08509 -12.47275 -13.18495
0331    6.62024  0.02158  0.25197  0.33071 270.12851 266.79056 -13.56306 -13.88852
0332    6.64054  0.02028  0.25984  0.33858 269.83399 266.49604 -14.25572 -14.38569
0333    6.66011  0.01956  0.27559  0.34646 269.58855 266.20151 -14.57772 -15.34114
0334    6.67913  0.01902  0.27559  0.35433 269.24494 265.85790 -15.42647 -16.32639
0335    6.69894  0.01980  0.28346  0.35433 268.95041 265.56338 -16.10247 -17.04223
0336    6.71734  0.01839  0.28346  0.35433 268.60680 265.21976 -17.23390 -17.94163
0337    6.73764  0.02029  0.28346  0.35433 268.26319 264.82706 -17.73485 -18.80509
0338    6.75706  0.01941  0.28346  0.35433 267.87049 264.43436 -18.73615 -19.70772
0339    6.77691  0.01983  0.28346  0.35433 267.47779 263.99258 -19.99340 -20.76341
0340    6.80024  0.02332  0.27559  0.34646 266.98691 263.50170 -20.45743 -21.74019
0341    6.81690  0.01665  0.27559  0.34646 266.64330 263.10900 -20.75985 -22.17857
0342    6.83677  0.01986  0.27559  0.34646 266.20151 262.66721 -22.16490 -23.04291
0343    6.85715  0.02037  0.27559  0.34646 265.75973 262.17634 -22.69780 -23.49657
0344    6.87708  0.01992  0.27559  0.34646 265.31794 261.73455 -23.12149 -23.89355
0345    6.89714  0.02005  0.27559  0.34646 264.82706 261.24368 -22.84202 -24.80269
0346    6.91772  0.02056  0.27559  0.34646 264.33619 260.70371 -23.69648 -25.47155
0347    6.93877  0.02104  0.26772  0.34646 263.84531 260.16375 -24.45839 -26.11669
0348    6.95910  0.02032  0.25984  0.34646 263.30535 259.62379 -24.87408 -26.45613
0349    6.97570  0.01659  0.25197  0.34646 262.91265 259.13291 -24.91878 -27.17978
0350    6.99712  0.02141  0.25197  0.34646 262.37269 258.59295 -24.58672 -27.38555
0351    7.01692  0.01979  0.25197  0.34646 261.88181 258.00390 -25.14664 -27.90561
0352    7.03869  0.02175  0.25197  0.33858 261.29276 257.41485 -26.16193 -28.21186
0353    7.05861  0.01991  0.25197  0.33071 260.75280 256.82580 -27.16038 -28.40169
0354    7.07958  0.02095  0.25197  0.32283 260.21284 256.23675 -26.65525 -28.25326
0355    7.09907  0.01948  0.24409  0.32283 259.67288 255.69679 -26.99251 -27.94890
0356    7.11952  0.02044  0.23622  0.32283 259.13291 255.10774 -27.04337 -28.34323
0357    7.14108  0.02155  0.22047  0.30709 258.54386 254.51869 -26.80407 -28.99405
0358    7.15948  0.01839  0.20472  0.30709 258.05299 253.97873 -27.21285 -28.72210
0359    7.18025  0.02075  0.18110  0.29921 257.51302 253.38967 -26.85892 -28.28199
0360    7.19892  0.01867  0.16535  0.29921 257.02215 252.84971 -26.43191 -28.29414
0361    7.21712  0.01818  0.16535  0.29921 256.53128 252.35884 -26.62387 -28.39800
0362    7.23911  0.02199  0.15748  0.29921 255.94223 251.72070 -25.90520 -28.50527
0363    7.26026  0.02113  0.13386  0.29134 255.40226 251.13165 -25.56674 -28.57189
0364    7.27998  0.01971  0.11024  0.27559 254.91139 250.54260 -25.49431 -28.17874
0365    7.29992  0.01992  0.09449  0.25197 254.42051 250.00264 -24.94068 -27.97487
0366    7.31846  0.01853  0.09449  0.22835 253.97873 249.46268 -23.34071 -27.21949
0367    7.33820  0.01974  0.08661  0.22835 253.53694 248.97180 -22.79482 -27.09300
0368    7.35867  0.02045  0.07874  0.22835 253.09515 248.38275 -22.27938 -26.69925
0369    7.37997  0.02129  0.07087  0.21260 252.60428 247.84279 -22.34622 -26.09219
0370    7.40011  0.02013  0.05512  0.20472 252.16249 247.35191 -21.68032 -25.44139
0371    7.41992  0.01980  0.04724  0.18898 251.76979 246.86104 -21.18192 -24.73152
0372    7.43872  0.01879  0.04724  0.14173 251.37709 246.41925 -20.49903 -23.95710
0373    7.45932  0.02059  0.04724  0.07087 250.98439 245.92838 -19.33713 -23.56696
0374    7.48051  0.02118  0.03937  0.00787 250.59169 245.43750 -18.53499 -23.56577
0375    7.49788  0.01737  0.03937  0.00000 250.29716 245.04480 -17.69796 -22.40707
0376    7.51912  0.02122  0.03937  0.00787 249.95355 244.60301 -17.12165 -20.60193
0377    7.54009  0.02097  0.03150  0.01575 249.56085 244.21031 -17.08125 -18.87048
0378    7.55831  0.01820  0.02362  0.01575 249.26633 243.86670 -17.19015 -18.69712
0379    7.57842  0.02010  0.02362  0.01575 248.92271 243.52309 -16.81329 -17.47402
0380    7.59809  0.01966  0.02362  0.00787 248.62819 243.22856 -15.98793 -16.52828
0381    7.61830  0.02020  0.02362  0.01575 248.28458 242.88495 -15.58103 -16.88448
0382    7.63736  0.01905  0.02362  0.01575 247.99005 242.54134 -15.42356 -16.90612
0383    7.65804  0.02067  0.02362  0.01575 247.69553 242.19773 -15.09212 -16.22467
0384    7.67809  0.02004  0.02362  0.01575 247.40100 241.90320 -14.69386 -15.00628
0385    7.69830  0.02020  0.02362  0.01575 247.15556 241.65776 -13.79459 -14.23777
0386    7.71798  0.01966  0.02362  0.01575 246.91013 241.36324 -13.06982 -13.85240
0387    7.73822  0.02023  0.02362  0.01575 246.66469 241.11780 -12.54836 -13.44178
0388    7.75892  0.02069  0.02362  0.01575 246.41925 240.87236 -11.89694 -12.60268
0389    7.77842  0.01949  0.02362  0.01575 246.17381 240.62693 -11.42332 -11.79581
0390    7.79956  0.02111  0.02362  0.01575 245.97746 240.43058 -11.02983 -10.98205
0391    7.81834  0.01877  0.02362  0.01575 245.78111 240.23423 -10.18936 -9.97735
0392    7.83917  0.02082  0.02362  0.01575 245.63385 240.08696 -9.25002 -9.11606
0393    7.85908  0.01989  0.02362  0.01575 245.48659 239.93970 -8.01346 -8.31488
0394    7.87818  0.01909  0.02362  0.01575 245.38841 239.79244 -7.26126 -7.44173
0395    7.89863  0.02044  0.02362  0.01575 245.29024 239.69426 -6.69092 -6.91226
0396    7.91720  0.01856  0.02362  0.01575 245.19206 239.59609 -6.19701 -6.34307
0397    7.93809  0.02088  0.02362  0.01575 245.04480 239.49791 -5.58347 -5.68207
0398    7.95829  0.02019  0.02362  0.01575 244.99571 239.44883 -5.34247 -5.29619
0399    7.97804  0.01974  0.02362  0.01575 244.94662 239.39974 -4.99774 -4.90962
0400    8.00580  0.02774  0.02362  0.01575 244.89754 239.30156 -4.52188 -4.00294
0401    8.02562  0.01981  0.02362  0.01575 244.84845 239.30156 -3.91260 -4.00294
0402    8.04499  0.01936  0.02362  0.01575 244.84845 239.25248 -3.91260 -3.49064
0403    8.06138  0.01638  0.02362  0.01575 244.79936 239.25248 -3.14066 -3.49064
0404    8.07840  0.01701  0.02362  0.01575 244.79936 239.25248 -3.14066 -3.49064
0405    8.09727  0.01886  0.02362  0.01575 244.79936 239.25248 -3.14066 -3.49064
0406    8.11720  0.01984  0.02362  0.01575 244.79936 239.25248 -3.14066 -3.49064
0407    8.13709  0.01988  0.02362  0.01575 244.79936 239.25248 -3.14066 -3.49064
0408    8.15660  0.01950  0.02362  0.01575 244.79936 239.25248 -3.14066 -3.49064
0409    8.17668  0.02007  0.02362  0.01575 244.79936 239.30156 -3.14066 -3.49064
0410    8.19762  0.02092  0.02362  0.01575 244.84845 239.30156 -3.14066  0.00000
0411    8.21699  0.01936  0.02362  0.01575 244.84845 239.30156  0.00000  0.00000
0412    8.23725  0.02025  0.02362  0.01575 244.84845 239.30156  0.00000  0.00000
0413    8.25730  0.02004  0.02362  0.01575 244.84845 239.35065  0.00000  0.00000
0414    8.27685  0.01954  0.02362  0.01575 244.89754 239.35065  0.00000  0.00000
0415    8.29951  0.02265  0.03150  0.01575 244.89754 239.39974  0.00000  1.14596
0416    8.31673  0.01720  0.03150  0.01575 244.94662 239.39974  1.23889  1.14596
0417    8.33811  0.02137  0.03150  0.02362 244.94662 239.44883  1.23889  1.24707
0418    8.35853  0.02040  0.03150  0.01575 244.99571 239.44883  1.11957  1.24707
0419    8.37697  0.01843  0.03150  0.01575 244.99571 239.44883  1.11957  1.24707
0420    8.39750  0.02052  0.03150  0.01575 244.99571 239.44883  1.11957  1.24707
0421    8.41784  0.02033  0.03150  0.01575 244.99571 239.44883  1.11957  1.24707
0422    8.43787  0.02002  0.03150  0.01575 244.99571 239.44883  1.11957  1.24707
0423    8.45995  0.02207  0.03150  0.02362 244.99571 239.44883  1.11957  1.24707
0424    8.47827  0.01831  0.03150  0.02362 244.99571 239.44883  1.11957  1.24707
0425    8.49727  0.01898  0.03150  0.02362 244.99571 239.44883  1.11957  0.00000
0426    8.51956  0.02228  0.03150  0.01575 244.99571 239.44883  0.00000  0.00000
0427    8.53743  0.01786  0.03150  0.01575 244.94662 239.44883  0.00000  0.00000
0428    8.55858  0.02114  0.03150  0.02362 244.94662 239.44883  0.00000  0.00000
0429    8.57909  0.02049  0.03937  0.02362 244.94662 239.44883  0.00000  0.00000
0430    8.59894  0.01985  0.03937  0.01575 244.94662 239.44883  0.00000  0.00000
0431    8.61719  0.01823  0.03937  0.01575 244.94662 239.44883  0.00000  0.00000
0432    8.63734  0.02015  0.03937  0.01575 244.94662 239.44883  0.00000  0.00000
0433    8.65703  0.01967  0.03937  0.01575 244.94662 239.44883  0.00000  0.00000
0434    8.67863  0.02160  0.03937  0.00787 244.94662 239.44883  0.00000  0.00000
0435    8.69711  0.01847  0.03937  0.00787 244.94662 239.44883  0.00000  0.00000
0436    8.71701  0.01988  0.03937  0.00787 244.94662 239.44883  0.00000  0.00000
0437    8.73715  0.02013  0.03937  0.00787 244.94662 239.44883  0.00000  0.00000
0438    8.75697  0.01982  0.03937  0.00787 244.94662 239.44883  0.00000  0.00000
0439    8.77682  0.01984  0.03937  0.00787 244.99571 239.44883  0.00000  0.00000
0440    8.79693  0.02010  0.03937  0.00787 244.99571 239.44883  0.00000  0.00000
0441    8.81905  0.02211  0.03937  0.01575 244.99571 239.44883  0.00000  0.00000
0442    8.83714  0.01807  0.03937  0.01575 244.99571 239.44883  0.00000  0.00000
0443    8.85797  0.02082  0.03937  0.01575 244.94662 239.44883  0.00000  0.00000
0444    8.87697  0.01899  0.03937  0.01575 244.94662 239.44883  0.00000  0.00000
0445    8.89690  0.01992  0.03937  0.01575 244.94662 239.44883  0.00000  0.00000
0446    8.91758  0.02067  0.03937  0.01575 244.94662 239.44883  0.00000  0.00000
0447    8.93698  0.01938  0.03937  0.01575 244.94662 239.44883  0.00000  0.00000
0448    8.95837  0.02138  0.03150  0.01575 244.94662 239.44883  0.00000  0.00000
0449    8.97706  0.01868  0.03150  0.01575 244.94662 239.44883  0.00000  0.00000
0450    8.99693  0.01985  0.03150  0.01575 244.94662 239.44883  0.00000  0.00000
0451    9.01881  0.02187  0.03150  0.01575 244.94662 239.44883  0.00000  0.00000
0452    9.03725  0.01842  0.03150  0.01575 244.94662 239.44883  0.00000  0.00000
0453    9.06108  0.02382  0.02362  0.02362 244.94662 239.44883  0.00000  0.00000
0454    9.08193  0.02084  0.01575  0.01575 244.94662 239.44883  0.00000  0.00000
0455    9.09974  0.01780  0.00787  0.02362 244.94662 239.44883  0.00000  0.00000
0456    9.11932  0.01956  0.00000  0.02362 244.94662 239.44883  0.00000  0.00000
0457    9.13994  0.02061 -0.03906  0.02362 244.94662 239.44883  0.00000  0.00000
0458    9.15912  0.01918 -0.05469  0.02362 244.94662 239.44883  0.00000  0.00000
0459    9.17991  0.02077 -0.10938  0.02362 244.94662 239.44883  0.00000  0.00000
0460    9.20124  0.02133 -0.12500  0.03150 244.94662 239.44883  0.00000  0.00000
0461    9.22011  0.01885 -0.18750  0.03937 244.99571 239.44883  0.00000  0.00000
0462    9.24067  0.02055 -0.20313  0.05512 245.04480 239.44883  0.00000  0.00000
0463    9.25642  0.01574 -0.23438  0.07874 245.09389 239.44883  2.06756  0.00000
0464    9.27642  0.01999 -0.26563  0.09449 245.09389 239.49791  2.06756  0.00000
0465    9.29639  0.01996 -0.28906  0.11811 245.14298 239.49791  1.94030  0.00000
0466    9.31782  0.02142 -0.28906  0.11811 245.19206 239.54700  1.99963  1.27626
0467    9.34079  0.02296 -0.35156  0.17323 245.29024 239.54700  2.19575  1.27626
0468    9.35664  0.01585 -0.39063  0.18110 245.33933 239.54700  2.30684  1.27626
0469    9.38036  0.02371 -0.41406  0.20472 245.38841 239.54700  2.41051  1.27626
0470    9.40148  0.02111 -0.44531  0.22047 245.48659 239.54700  2.66393  1.27626
0471    9.42031  0.01882 -0.46875  0.22835 245.58476 239.54700  3.02592  1.27626
0472    9.44066  0.02034 -0.49219  0.25197 245.73203 239.54700  4.10174  1.27626
0473    9.46110  0.02043 -0.52344  0.26772 245.83020 239.59609  4.92344  0.53919
0474    9.47944  0.01833 -0.53906  0.27559 245.97746 239.59609  5.66940  0.53919
0475    9.50027  0.02082 -0.54688  0.28346 246.07564 239.59609  6.12740  0.53919
0476    9.52058  0.02030 -0.56250  0.29134 246.27199 239.59609  6.73543  0.53919
0477    9.53909  0.01850 -0.57031  0.29134 246.37016 239.59609  6.89128  0.53919
0478    9.56024  0.02114 -0.57813  0.28346 246.56651 239.59609  7.44543  0.53919
0479    9.57751  0.01718 -0.57813  0.28346 246.66469 239.59609  7.59874  0.53919
0480    9.59857  0.02104 -0.57813  0.29134 246.81195 239.64518  7.19364  0.44212
0481    9.61715  0.01858 -0.57813  0.29134 246.86104 239.64518  6.20118  0.44212
0482    9.63886  0.02170 -0.57813  0.29921 246.91013 239.64518  5.40696  0.44212
0483    9.65986  0.02099 -0.57813  0.29134 247.10648 239.69426  5.30207  0.51191
0484    9.67983  0.01996 -0.57813  0.29921 247.30282 239.69426  5.93963  0.51191
0485    9.70019  0.02035 -0.57813  0.29134 247.54826 239.69426 10.68262  0.51191
0486    9.71723  0.01703 -0.57813  0.29134 247.79370 239.69426 12.60071  0.51191
0487    9.73967  0.02242 -0.57813  0.29134 248.08823 239.64518 13.96308  0.51191
0488    9.75828  0.01860 -0.57813  0.29134 248.33366 239.64518 13.93526  0.51191
0489    9.77751  0.01922 -0.57813  0.29134 248.67728 239.59609 15.42638  1.85460
0490    9.79790  0.02039 -0.57813  0.29134 249.02089 239.54700 17.99860  0.88033
0491    9.81861  0.02069 -0.57813  0.29921 249.41359 239.49791 17.81793  0.38227
0492    9.84106  0.02245 -0.57031  0.30709 249.90446 239.44883 21.46840  0.00000
0493    9.86123  0.02016 -0.56250  0.32283 250.29716 239.39974 21.79269 -0.30159
0494    9.87963  0.01839 -0.56250  0.33858 250.73895 239.44883 21.57351 -0.30159
0495    9.89931  0.01967 -0.56250  0.36220 251.13165 239.44883 21.26261 -0.30159
0496    9.91903  0.01970 -0.56250  0.39370 251.52435 239.44883 21.08900 -0.30159
0497    9.94014  0.02101 -0.56250  0.40945 251.96614 239.44883 20.71216 -0.30159
0498    9.95960  0.01945 -0.56250  0.43307 252.35884 239.44883 19.78585 -0.30159
0499    9.97963  0.02002 -0.56250  0.45669 252.75154 239.44883 19.07607 -0.30159
0500    9.99930  0.01966 -0.56250  0.46457 253.09515 239.44883 18.67521 -0.30159
0501   10.01999  0.02068 -0.56250  0.47244 253.48785 239.44883 18.27426  0.00000
0502   10.03800  0.01800 -0.56250  0.47244 253.78238 239.44883 17.07311  0.00000
0503   10.06111  0.02310 -0.57031  0.48031 254.12599 239.44883 16.01568  0.00000
0504   10.07807  0.01695 -0.57031  0.48031 254.42051 239.44883 15.38926  0.00000
0505   10.09728  0.01920 -0.57031  0.48031 254.71504 239.44883 15.63545  0.00000
0506   10.11719  0.01990 -0.57031  0.48031 255.00956 239.44883 15.53768  0.00000
0507   10.13880  0.02160 -0.57813  0.48031 255.30409 239.44883 14.81940  0.00000
0508   10.15918  0.02037 -0.58594  0.48031 255.59861 239.44883 14.42698  0.00000
0509   10.17932  0.02013 -0.59375  0.48031 255.89314 239.44883 14.45276  0.00000
0510   10.19947  0.02014 -0.60156  0.48031 256.18766 239.44883 14.26622  0.00000
0511   10.21778  0.01830 -0.60156  0.48031 256.48219 239.44883 14.44834  0.00000
0512   10.23990  0.02211 -0.60938  0.48031 256.77671 239.39974 14.84046  0.00000
0513   10.25761  0.01770 -0.60938  0.48031 257.07124 239.39974 15.10443  0.00000
0514   10.27746  0.01984 -0.60938  0.48031 257.36576 239.39974 15.30531  0.00000
0515   10.29920  0.02173 -0.60938  0.48819 257.70938 239.35065 15.93003  0.00000
0516   10.31910  0.01989 -0.60938  0.50394 258.05299 239.30156 16.37658 -1.62493
0517   10.33740  0.01830 -0.60938  0.50394 258.34751 239.25248 16.52647 -1.99066
0518   10.35966  0.02224 -0.61719  0.50394 258.74021 239.20339 16.88509 -2.16737
0519   10.38021  0.02054 -0.62500  0.51181 259.08383 239.15430 17.25074 -2.32694
0520   10.40023  0.02001 -0.64063  0.51969 259.42744 239.05613 17.59860 -2.47752
0521   10.41985  0.01961 -0.64844  0.52756 259.77105 239.00704 17.65661 -2.48896
0522   10.44102  0.02115 -0.65625  0.53543 260.16375 238.95795 17.76856 -2.54818
0523   10.46143  0.02040 -0.67188  0.54331 260.50736 238.90886 17.53927 -2.57970
0524   10.47995  0.01851 -0.68750  0.54331 260.85098 238.81069 17.69978 -2.93095
0525   10.49850  0.01855 -0.70313  0.54331 261.19459 238.76160 17.95079 -3.07183
0526   10.51987  0.02136 -0.71875  0.54331 261.63638 238.66343 20.17214 -3.22772
0527   10.53916  0.01927 -0.72656  0.54331 262.07816 238.61434 22.38985 -3.34424
0528   10.56165  0.02249 -0.74219  0.55118 262.56904 238.51616 21.78723 -3.63810
0529   10.57922  0.01756 -0.75000  0.55118 262.96174 238.36890 23.07188 -4.36239
0530   10.59962  0.02039 -0.75781  0.55118 263.45261 238.27073 23.79833 -4.66890
0531   10.61941  0.01978 -0.76563  0.55118 263.94349 238.12346 25.76657 -5.45959
0532   10.63835  0.01893 -0.76563  0.55118 264.48345 238.02529 26.89358 -6.16089
0533   10.65871  0.02035 -0.77344  0.55118 265.02341 237.87803 27.47653 -6.15906
0534   10.67836  0.01964 -0.77344  0.55118 265.56338 237.73076 27.89641 -6.54210
0535   10.69741  0.01904 -0.77344  0.55118 266.10334 237.58350 29.20623 -6.96727
0536   10.71881  0.02140 -0.78125  0.55118 266.74148 237.43624 29.48039 -7.25218
0537   10.73726  0.01844 -0.78125  0.55118 267.33053 237.28898 30.40283 -7.37193
0538   10.75724  0.01997 -0.78125  0.55118 267.91958 237.14171 29.89476 -7.64848
0539   10.77897  0.02172 -0.78906  0.55118 268.60680 236.99445 31.00544 -7.84954
0540   10.79793  0.01895 -0.78906  0.55118 269.19585 236.84719 32.17766 -7.73878
0541   10.81737  0.01943 -0.78906  0.55118 269.83399 236.69993 33.76252 -7.38947
0542   10.83696  0.01958 -0.78906  0.55118 270.52121 236.55266 34.69437 -7.06030
0543   10.85800  0.02103 -0.78906  0.55118 271.25753 236.40540 34.23523 -6.91165
0544   10.87897  0.02096 -0.78906  0.54331 271.94475 236.25814 34.20386 -7.20321
0545   10.89726  0.01827 -0.78906  0.54331 272.58289 236.11088 35.31106 -7.83271
0546   10.91809  0.02083 -0.78906  0.54331 273.31920 235.91453 34.94158 -8.24908
0547   10.93710  0.01899 -0.78906  0.54331 274.00643 235.76726 34.39126 -8.27957
0548   10.95889  0.02178 -0.78906  0.53543 274.79183 235.62000 37.08187 -7.64533
0549   10.97857  0.01967 -0.78906  0.52756 275.52814 235.52183 36.71905 -7.11989
0550   10.99944  0.02086 -0.78906  0.51969 276.26445 235.37456 37.10710 -6.81139
0551   11.01871  0.01926 -0.78906  0.51181 277.00076 235.22730 38.10638 -6.48785
0552   11.03974  0.02102 -0.78906  0.48031 277.78616 235.08004 38.33508 -6.66531
0553   11.06181  0.02207 -0.77344  0.45669 278.66974 234.93278 39.51388 -7.18855
0554   11.08122  0.01940 -0.73438  0.44094 279.40605 234.83460 39.36700 -7.13320
0555   11.10021  0.01898 -0.68750  0.40945 280.19145 234.68734 39.38943 -6.49866
0556   11.12082  0.02059 -0.64844  0.38583 280.97685 234.58916 38.28918 -6.05349
0557   11.14064  0.01982 -0.56250  0.35433 281.71316 234.49099 38.39355 -5.46400
0558   11.16069  0.02003 -0.48438  0.33858 282.49856 234.44190 37.71769 -5.00905
0559   11.18011  0.01941 -0.37500  0.33858 283.18579 234.39281 36.39899 -4.47228
0560   11.20182  0.02170 -0.27344  0.34646 283.92210 234.34373 31.94480 -3.93692
0561   11.21991  0.01807 -0.17188  0.34646 284.46206 234.34373 29.29810 -3.93692
0562   11.24076  0.02084 -0.00781  0.35433 284.95294 234.34373 24.36092 -3.93692
0563   11.26101  0.02024  0.02362  0.36220 285.39473 234.34373 21.34248 -3.93692
0564   11.28037  0.01934  0.03150  0.37008 285.73834 234.34373 18.39537 -3.93692
0565   11.30057  0.02019  0.03150  0.38583 286.03286 234.34373 15.40846 -3.93692
0566   11.31939  0.01880  0.03937  0.38583 286.18013 234.39281 13.02593 -3.93692
0567   11.34087  0.02148  0.04724  0.39370 286.32739 234.39281  9.83034 -3.93692
0568   11.36164  0.02076  0.06299  0.40157 286.37647 234.34373  7.27703  0.00000
0569   11.37924  0.01749  0.07874  0.40945 286.32739 234.34373  7.27703  0.00000
0570   11.39913  0.01987  0.11024  0.42520 286.27830 234.34373  3.88834  0.00000
0571   11.42000  0.02087  0.12598  0.43307 286.22921 234.29464  2.63752  0.00000
0572   11.43833  0.01832  0.15748  0.44094 286.13104 234.24555  0.77859 -2.48854
0573   11.46112  0.02277  0.17323  0.45669 285.98378 234.14737 -1.44672 -3.29802
0574   11.48100  0.01987  0.20472  0.47244 285.78743 234.04920 -5.64868 -3.90444
0575   11.49941  0.01841  0.22835  0.48031 285.64016 233.90194 -7.31885 -4.74268
0576   11.51999  0.02056  0.25197  0.50394 285.44381 233.70559 -8.80744 -7.10871
0577   11.53724  0.01725  0.25197  0.50394 285.24746 233.46015 -9.87079 -10.48813
0578   11.56072  0.02346  0.27559  0.52756 285.00203 233.16563 -11.26474 -13.51219
0579   11.58099  0.02026  0.29134  0.54331 284.70750 232.82201 -12.79992 -15.99971
0580   11.59849  0.01749  0.29134  0.55906 284.46206 232.47840 -14.36965 -18.03646
0581   11.61934  0.02085  0.29134  0.56693 284.06936 232.03661 -16.60226 -20.91527
0582   11.64173  0.02237  0.29134  0.58268 283.67666 231.49665 -18.42693 -22.87752
0583   11.66044  0.01870  0.28346  0.59055 283.28396 231.05486 -19.79582 -24.44225
0584   11.68046  0.02001  0.23622  0.61417 282.89126 230.56399 -20.37976 -25.84689
0585   11.69938  0.01891  0.19685  0.62992 282.49856 230.02403 -20.57520 -27.25115
0586   11.72007  0.02068  0.12598  0.65354 282.05678 229.43498 -20.86269 -29.97536
0587   11.74056  0.02047  0.04724  0.66142 281.61499 228.74775 -21.09009 -31.46756
0588   11.76084  0.02027  0.00787  0.67717 281.17320 228.10961 -21.47479 -32.92044
0589   11.78096  0.02011 -0.02344  0.68504 280.82959 227.42239 -19.20376 -34.55808
0590   11.80044  0.01947 -0.11719  0.69291 280.48598 226.73516 -18.46377 -35.52740
0591   11.82010  0.01966 -0.20313  0.70079 280.09328 225.99885 -19.53082 -36.90817
0592   11.83892  0.01880 -0.25781  0.70079 279.74966 225.26254 -17.07166 -38.71391
0593   11.85921  0.02028 -0.30469  0.70079 279.45514 224.47714 -15.25862 -40.20007
0594   11.87966  0.02044 -0.39844  0.70079 279.20970 223.59356 -14.01031 -41.73025
0595   11.89922  0.01955 -0.42969  0.70079 279.01335 222.80816 -12.02057 -42.31024
0596   11.91869  0.01946 -0.46875  0.70079 278.86609 221.97368 -10.04854 -42.75337
0597   11.93899  0.02029 -0.49219  0.70079 278.76791 221.13919 -8.52758 -41.01528
0598   11.95784  0.01884 -0.49219  0.70079 278.71883 220.35379 -7.41718 -41.99335
0599   11.97782  0.01997 -0.49219  0.70079 278.66974 219.51930 -6.33540 -41.63716
0600   11.99946  0.02163 -0.50000  0.70079 278.66974 218.58664 -6.33540 -41.20032
0601   12.01745  0.01799 -0.50000  0.70079 278.71883 217.85033 -6.33540 -40.60274
0602   12.03734  0.01988 -0.50000  0.70079 278.76791 217.06493 -2.83819 -40.01378
0603   12.05692  0.01957 -0.50000  0.70079 278.86609 216.27953 -1.26154 -40.14221
0604   12.07760  0.02067 -0.50000  0.70079 278.96426 215.49413  0.00000 -38.19994
0605   12.09906  0.02145 -0.49219  0.70079 279.06244 214.65964  1.16486 -38.45325
0606   12.11995  0.02088 -0.48438  0.69291 279.20970 213.87424  3.06098 -37.95406
0607   12.13923  0.01927 -0.46094  0.68504 279.30787 213.13793  5.05122 -36.92941
0608   12.15931  0.02006 -0.42969  0.67717 279.40605 212.45070  5.06285 -35.54979
0609   12.17911  0.01980 -0.39844  0.63780 279.45514 211.76348  5.07172 -34.48342
0610   12.20028  0.02115 -0.33594  0.55906 279.50423 211.02716  4.77945 -33.87541
0611   12.22085  0.02056 -0.30469  0.47244 279.60240 210.33994  4.12677 -33.74639
0612   12.23618  0.01533 -0.23438  0.40157 279.60240 209.84906  4.12677 -32.11408
0613   12.25633  0.02014 -0.23438  0.40157 279.60240 209.26001  4.12677 -29.55031
0614   12.27965  0.02331 -0.12500  0.35433 279.60240 208.62188  4.12677 -26.46712
0615   12.30079  0.02112 -0.07813  0.34646 279.55331 208.13100  4.12677 -24.00942
0616   12.31997  0.01917 -0.03906  0.33858 279.50423 207.68921  1.92304 -21.94448
0617   12.33825  0.01827 -0.03906  0.34646 279.40605 207.34560  0.93921 -20.85657
0618   12.35908  0.02082 -0.03906  0.35433 279.30787 206.90381  0.00000 -19.44872
0619   12.37653  0.01744 -0.03906  0.35433 279.20970 206.60929 -0.97497 -17.93547
0620   12.39910  0.02256 -0.03906  0.36220 279.01335 206.26568 -5.91129 -16.26761
0621   12.41809  0.01897 -0.03906  0.35433 278.86609 205.97115 -7.15804 -15.34109
0622   12.43820  0.02011 -0.03125  0.35433 278.66974 205.67663 -8.38506 -14.60864
0623   12.45972  0.02151  0.00000  0.33858 278.42430 205.38210 -9.79481 -14.46726
0624   12.47997  0.02023  0.01575  0.33071 278.22795 205.08758 -10.99655 -14.30338
0625   12.49716  0.01718  0.01575  0.33071 277.98251 204.84214 -11.94654 -14.38263
0626   12.51898  0.02181  0.01575  0.32283 277.73708 204.49853 -12.03401 -14.56270
0627   12.53945  0.02046  0.00787  0.31496 277.49164 204.20400 -11.82158 -14.55879
0628   12.55910  0.01964  0.00787  0.30709 277.24620 203.95856 -11.80238 -14.61083
0629   12.57886  0.01975  0.00787  0.27559 277.04985 203.66404 -11.72485 -14.52643
0630   12.60070  0.02183 -0.00781  0.24409 276.75532 203.32043 -12.02085 -14.44313
0631   12.62060  0.01989 -0.07031  0.19685 276.50989 203.07499 -12.16089 -14.05606
0632   12.64079  0.02017 -0.11719  0.17323 276.36263 202.78046 -10.96793 -13.50769
0633   12.66037  0.01957 -0.21875  0.06299 276.16628 202.53503 -9.65398 -12.94488
0634   12.68086  0.02049 -0.25000  0.01575 276.06810 202.28959 -8.73606 -12.05455
0635   12.69995  0.01908 -0.28125  0.00787 275.96993 202.09324 -6.90724 -11.21829
0636   12.71870  0.01874 -0.28125  0.01575 275.92084 201.94598 -5.66315 -10.42195
0637   12.73945  0.02074 -0.28125  0.02362 275.92084 201.74963 -5.66315 -9.35429
0638   12.76039  0.02093 -0.27344  0.00787 275.96993 201.65145 -5.66315 -8.42985
0639   12.77870  0.01829 -0.25781  0.00787 275.96993 201.55327 -5.66315 -7.24619
0640   12.79907  0.02036 -0.23438  0.00787 276.01901 201.45510 -2.64821 -5.82470
0641   12.81889  0.01981 -0.23438  0.00000 276.06810 201.45510 -1.78637 -5.82470
0642   12.83933  0.02043 -0.23438 -0.01563 276.11719 201.40601 -1.10690 -4.88215
0643   12.85933  0.02000 -0.23438 -0.03906 276.16628 201.45510 -0.51318 -4.88215
0644   12.87922  0.01982 -0.25781 -0.07813 276.21536 201.50419  0.00000 -2.69699
0645   12.89936  0.02012 -0.27344 -0.11719 276.31354 201.60236  0.89478 -1.21374
0646   12.92070  0.02133 -0.31250 -0.12500 276.41171 201.70054  1.78718  0.00000
0647   12.93928  0.01857 -0.33594 -0.15625 276.50989 201.79871  3.25181  1.18078
0648   12.96026  0.02097 -0.35156 -0.16406 276.65715 201.89689  4.25431  2.51517
0649   12.97896  0.01869 -0.35156 -0.17188 276.80441 202.04415  5.75965  5.43718
0650   12.99846  0.01948 -0.35156 -0.18750 277.00076 202.19141  7.87368  6.42986
0651   13.01777  0.01930 -0.35156 -0.18750 277.19711 202.33868  9.70998  7.24846
0652   13.03826  0.02048 -0.32813 -0.18750 277.39346 202.53503 10.61202  8.31407
0653   13.06462  0.02635 -0.31250 -0.18750 277.73708 202.78046 11.34816  9.30863
0654   13.09016  0.02553 -0.31250 -0.18750 278.03160 203.07499 12.29456 10.07545
0655   13.12074  0.03057 -0.27344 -0.18750 278.47339 203.41860 13.42705 11.44710
0656   13.12595  0.00520 -0.25781 -0.18750 278.52248 203.51678 13.40381 11.90761
0657   13.13800  0.01204 -0.25781 -0.18750 278.66974 203.66404 13.43043 12.56638
0658   13.15875  0.02074 -0.21875 -0.18750 278.96426 203.95856 13.75767 13.47810
0659   13.17786  0.01910 -0.21875 -0.18750 279.25879 204.20400 14.37051 13.94036
0660   13.19718  0.01931 -0.21875 -0.18750 279.55331 204.49853 14.64575 14.46475
0661   13.21877  0.02158 -0.23438 -0.18750 279.89693 204.79305 15.20158 14.76458
0662   13.23928  0.02050 -0.26563 -0.18750 280.19145 205.13666 15.23664 14.81335
0663   13.25913  0.01984 -0.28906 -0.18750 280.48598 205.43119 15.63645 14.81576
0664   13.28010  0.02097 -0.33594 -0.17969 280.82959 205.72571 16.14035 14.83826
0665   13.29890  0.01878 -0.38281 -0.17969 281.17320 206.02024 17.37445 15.06429
0666   13.31833  0.01942 -0.40625 -0.17969 281.56590 206.31476 18.70314 15.46177
0667   13.33964  0.02130 -0.42188 -0.17969 281.95860 206.65838 19.53436 16.10493
0668   13.35970  0.02005 -0.42188 -0.17188 282.40039 207.00199 20.49321 16.32960
0669   13.37762  0.01783 -0.42188 -0.17188 282.79309 207.29651 21.30451 16.54195
0670   13.39775  0.02013 -0.42188 -0.17188 283.23488 207.64012 22.28854 17.07950
0671   13.41808  0.02031 -0.42188 -0.17188 283.67666 207.98374 22.61102 17.63983
0672   13.43765  0.01956 -0.42188 -0.17188 284.11845 208.37644 23.09723 18.18338
0673   13.45818  0.02052 -0.42188 -0.17188 284.60933 208.76914 24.14731 18.90999
0674   13.48072  0.02253 -0.41406 -0.17969 285.19838 209.16184 24.45260 19.26624
0675   13.49876  0.01803 -0.41406 -0.17188 285.64016 209.55454 24.82671 19.85776
0676   13.51846  0.01970 -0.42188 -0.17188 286.13104 209.94724 24.67328 20.44158
0677   13.53819  0.01971 -0.42188 -0.16406 286.62191 210.33994 25.68372 20.74428
0678   13.55850  0.02030 -0.42188 -0.15625 287.16188 210.78173 27.39273 21.47220
0679   13.58043  0.02192 -0.43750 -0.14844 287.80001 211.27260 27.43821 21.84079
0680   13.60047  0.02002 -0.45313 -0.14063 288.33998 211.71439 27.88453 22.07718
0681   13.61941  0.01893 -0.46875 -0.13281 288.87994 212.15618 29.28202 22.41643
0682   13.64038  0.02096 -0.47656 -0.12500 289.51808 212.64705 30.56079 22.88718
0683   13.65910  0.01871 -0.49219 -0.12500 290.10713 213.03975 31.78779 23.05265
0684   13.68008  0.02097 -0.50781 -0.11719 290.79435 213.53063 31.58652 23.55791
0685   13.70050  0.02041 -0.53125 -0.10938 291.43249 214.02150 32.38261 23.68551
0686   13.72002  0.01951 -0.53906 -0.10156 292.11971 214.51238 33.78088 24.06415
0687   13.74088  0.02085 -0.54688 -0.08594 292.80694 215.00325 34.38150 24.55990
0688   13.76076  0.01988 -0.55469 -0.07031 293.54325 215.49413 35.64103 24.79273
0689   13.77935  0.01858 -0.55469 -0.04688 294.18139 215.98500 36.19128 25.33967
0690   13.79992  0.02056 -0.55469 -0.03125 294.96679 216.52496 37.67282 25.85560
0691   13.81946  0.01953 -0.55469 -0.00781 295.70310 217.01584 38.81969 24.92789
0692   13.83926  0.01979 -0.55469  0.00000 296.48850 217.50671 37.98372 25.33692
0693   13.85898  0.01971 -0.55469  0.00787 297.22481 217.99759 39.83437 25.58726
0694   13.87870  0.01972 -0.55469  0.01575 298.05930 218.53755 40.62358 26.28092
0695   13.89936  0.02065 -0.55469  0.02362 298.84470 219.07751 38.77477 27.08291
0696   13.91741  0.01804 -0.55469  0.02362 299.58101 219.56839 40.59368 27.40290
0697   13.93719  0.01976 -0.55469  0.02362 300.41550 220.10835 41.99263 27.77573
0698   13.95969  0.02249 -0.54688  0.02362 301.34816 220.74649 41.98832 28.26172
0699   13.97864  0.01894 -0.53906  0.02362 302.13356 221.28645 42.43112 28.52167
0700   13.99860  0.01995 -0.49219  0.02362 302.96805 221.87550 43.04090 28.70547
0701   14.01869  0.02008 -0.46094  0.02362 303.85163 222.46455 41.98868 29.25279
0702   14.03834  0.01964 -0.42188  0.02362 304.63703 223.05360 41.16939 29.63362
0703   14.06060  0.02225 -0.39844  0.02362 305.56969 223.74083 40.72857 29.97609
0704   14.07976  0.01915 -0.35156  0.02362 306.35509 224.28079 40.39375 29.99542
0705   14.09985  0.02008 -0.32813  0.02362 307.14049 224.91893 39.43721 30.30644
0706   14.12016  0.02030 -0.28125  0.02362 307.92589 225.50798 39.38406 29.38632
0707   14.13977  0.01960 -0.26563  0.02362 308.71129 226.09703 38.55806 30.17380
0708   14.15878  0.01900 -0.21875  0.02362 309.39851 226.68608 37.54230 30.47437
0709   14.17948  0.02068 -0.17188  0.02362 310.13483 227.32421 35.47784 30.85139
0710   14.20106  0.02157 -0.05469  0.01575 310.87114 227.96235 32.15342 31.19965
0711   14.21920  0.01814  0.00000  0.01575 311.41110 228.55140 31.31319 31.16736
0712   14.24092  0.02170  0.00787  0.00787 312.04924 229.23862 27.71215 32.00625
0713   14.25701  0.01609  0.00787  0.00787 312.44194 229.72950 26.44729 30.56345
0714   14.27868  0.02166  0.00787  0.00000 313.12916 230.36764 30.44507 30.28532
0715   14.29894  0.02000  0.00787  0.00787 313.71821 230.95669 30.48496 27.22274
0716   14.31708  0.01813  0.00787  0.00787 314.30726 231.39848 30.19441 26.08380
0717   14.33814  0.02105  0.00787  0.01575 314.89631 231.98753 29.32838 26.25730
0718   14.36041  0.02227  0.01575  0.02362 315.53445 232.52749 28.84743 25.21251
0719   14.37712  0.01669  0.01575  0.02362 316.02533 232.92019 27.44580 24.49574
0720   14.39756  0.02044  0.01575  0.02362 316.51620 233.41106 24.66008 24.05189
0721   14.41761  0.02004  0.01575  0.02362 316.95799 233.90194 23.25298 23.94419
0722   14.43758  0.01995  0.01575  0.02362 317.39978 234.24555 21.43550 20.02897
0723   14.45750  0.01985  0.01575  0.02362 317.69430 234.54008 17.75255 15.60342
0724   14.47668  0.01917  0.01575  0.02362 317.98883 234.83460 14.49968 14.86930
0725   14.49703  0.02034  0.01575  0.02362 318.23426 235.03095 13.44821 11.78450
0726   14.51750  0.02046  0.01575  0.02362 318.43061 235.12913 11.91765  9.26877
0727   14.53689  0.01938  0.01575  0.02362 318.52879 235.22730 10.27915  7.51821
0728   14.55745  0.02055  0.01575  0.02362 318.57788 235.22730  8.55068  7.51821
0729   14.57727  0.01980  0.01575  0.02362 318.52879 235.17821  8.55068  7.51821
0730   14.59740  0.02012  0.01575  0.02362 318.47970 235.12913  3.85615  3.38528
0731   14.61855  0.02114  0.02362  0.02362 318.38153 235.03095  1.66491  1.48663
0732   14.63732  0.01876  0.02362  0.02362 318.28335 234.88369  0.00000 -0.70014
0733   14.65819  0.02085  0.03150  0.02362 318.13609 234.78551 -2.15698 -2.10157
0734   14.67710  0.01891  0.03150  0.02362 318.03791 234.68734 -3.70183 -3.53527
0735   14.69814  0.02102  0.03150  0.03150 317.89065 234.54008 -5.81231 -5.61719
0736   14.71975  0.02160  0.04724  0.04724 317.79247 234.44190 -6.09062 -5.60704
0737   14.74068  0.02092  0.05512  0.09449 317.64521 234.34373 -6.08382 -5.54967
0738   14.76000  0.01930  0.07874  0.11811 317.54704 234.24555 -6.08305 -5.59035
0739   14.78110  0.02109  0.10236  0.14961 317.39978 234.14737 -5.97995 -5.39516
0740   14.80095  0.01984  0.11024  0.17323 317.30160 234.04920 -5.80445 -5.09761
0741   14.81960  0.01864  0.13386  0.20472 317.25251 233.95103 -5.62898 -4.78083
0742   14.84088  0.02127  0.15748  0.22047 317.10525 233.85285 -5.49684 -4.67416
0743   14.86137  0.02048  0.17323  0.22835 316.95799 233.75468 -5.43868 -4.57302
0744   14.88011  0.01872  0.21260  0.25197 316.90890 233.65650 -5.24705 -4.59954
0745   14.89989  0.01978  0.22047  0.25984 316.81073 233.55833 -5.20380 -4.78757
0746   14.91997  0.02006  0.22835  0.25984 316.66346 233.46015 -5.30562 -5.11563
0747   14.93894  0.01897  0.24409  0.25984 316.56529 233.31289 -5.40946 -5.42132
0748   14.95950  0.02055  0.25197  0.25984 316.41803 233.21471 -5.76753 -5.61511
0749   14.97767  0.01816  0.25197  0.25984 316.31985 233.11654 -6.09411 -5.93234
0750   14.99675  0.01907  0.25197  0.25984 316.17259 232.96928 -6.90745 -6.24268
0751   15.01839  0.02163  0.25197  0.25197 315.97624 232.82201 -7.40029 -6.65645
0752   15.03843  0.02002  0.25197  0.25984 315.82898 232.62566 -7.81177 -7.38410
0753   15.05704  0.01860  0.25197  0.25984 315.68171 232.47840 -8.00433 -7.90867
0754   15.07898  0.02193  0.25984  0.25984 315.48536 232.28205 -8.41099 -8.40366
0755   15.09722  0.01823  0.25984  0.25984 315.28901 232.13479 -8.93741 -8.83248
0756   15.11767  0.02044  0.25984  0.25984 315.09266 231.88935 -9.57812 -9.56982
0757   15.13742  0.01975  0.25984  0.25984 314.89631 231.69300 -9.86163 -10.03128
0758   15.15701  0.01958  0.25984  0.25984 314.69996 231.49665 -10.25706 -10.31007
0759   15.17859  0.02157  0.25984  0.26772 314.45453 231.25121 -10.58122 -10.62941
0760   15.19840  0.01980  0.25984  0.25984 314.20909 231.05486 -10.83041 -10.82195
0761   15.21868  0.02027  0.26772  0.25984 314.01274 230.80943 -11.30162 -10.97227
0762   15.23907  0.02038  0.26772  0.26772 313.76730 230.61308 -11.70356 -11.17159
0763   15.25721  0.01813  0.26772  0.26772 313.52186 230.36764 -11.79397 -11.54253
0764   15.27737  0.02014  0.26772  0.26772 313.27643 230.12220 -11.87445 -11.81401
0765   15.29747  0.02009  0.26772  0.26772 313.03099 229.87676 -11.97021 -11.95689
0766   15.31747  0.01999  0.26772  0.26772 312.83464 229.63133 -11.94269 -12.38472
0767   15.33768  0.02020  0.26772  0.26772 312.58920 229.38589 -12.11413 -12.79583
0768   15.35711  0.01943  0.26772  0.26772 312.29468 229.14045 -12.60457 -13.05446
0769   15.37697  0.01984  0.26772  0.26772 312.04924 228.84593 -13.23977 -13.43893
0770   15.39841  0.02143  0.26772  0.26772 311.75471 228.55140 -13.45449 -13.52019
0771   15.41825  0.01983  0.25984  0.26772 311.46019 228.30596 -13.78456 -13.82452
0772   15.43848  0.02022  0.25197  0.26772 311.21475 228.01144 -13.90402 -14.09604
0773   15.45950  0.02101  0.23622  0.26772 310.92023 227.71691 -14.09564 -14.31379
0774   15.47908  0.01957  0.22047  0.25984 310.62570 227.42239 -14.33256 -14.50934
0775   15.49965  0.02057  0.18110  0.25984 310.33118 227.07878 -14.32956 -14.89368
0776   15.52043  0.02077  0.16535  0.25197 310.03665 226.78425 -13.86702 -15.09245
0777   15.54013  0.01969  0.15748  0.24409 309.79121 226.48973 -13.55742 -14.98697
0778   15.56138  0.02123  0.12598  0.23622 309.49669 226.19520 -13.56098 -14.78682
0779   15.57995  0.01856  0.09449  0.22835 309.25125 225.90068 -13.44452 -14.82424
0780   15.59710  0.01714  0.09449  0.22835 309.00581 225.65524 -13.21034 -14.72498
0781   15.62031  0.02320  0.04724  0.21260 308.71129 225.31163 -12.97506 -14.63287
0782   15.63771  0.01738  0.04724  0.21260 308.51494 225.06619 -12.91163 -14.22494
0783   15.65702  0.01931  0.04724  0.21260 308.26950 224.82075 -11.76848 -13.86032
0784   15.67784  0.02080  0.04724  0.21260 308.07315 224.52622 -10.64449 -13.35720
0785   15.69700  0.01915  0.04724  0.21260 307.87680 224.28079 -9.96475 -12.97621
0786   15.71718  0.02017  0.04724  0.21260 307.68045 224.03535 -10.40902 -12.51393
0787   15.73875  0.02156  0.04724  0.20472 307.48410 223.78991 -10.06912 -11.88131
0788   15.75695  0.01819  0.04724  0.20472 307.28775 223.59356 -9.62557 -11.62453
0789   15.77829  0.02133  0.04724  0.19685 307.09140 223.34813 -9.33317 -11.42041
0790   15.79791  0.01961  0.04724  0.19685 306.94414 223.15178 -9.22236 -11.06881
0791   15.81708  0.01916  0.04724  0.19685 306.74779 222.95543 -8.97964 -10.54997
0792   15.83779  0.02070  0.04724  0.19685 306.60053 222.75908 -8.71882 -10.13535
0793   15.85813  0.02033  0.04724  0.18898 306.45326 222.56273 -8.37274 -9.74869
0794   15.87830  0.02016  0.04724  0.18110 306.25691 222.36638 -7.80890 -9.28239
0795   15.89886  0.02055  0.04724  0.16535 306.10965 222.21911 -7.42742 -8.85986
0796   15.91667  0.01780  0.04724  0.16535 306.01148 222.07185 -7.22416 -8.42420
0797   15.93880  0.02212  0.04724  0.14961 305.86421 221.92459 -6.97503 -7.94093
0798   15.95874  0.01993  0.04724  0.14961 305.76604 221.77733 -6.71115 -7.48527
0799   15.97853  0.01978  0.04724  0.14173 305.61877 221.63006 -6.34433 -7.01782
0800   15.99996  0.02142  0.03937  0.13386 305.52060 221.48280 -6.08712 -6.66501
0801   16.01888  0.01891  0.03937  0.10236 305.42243 221.38463 -5.76901 -6.38971
0802   16.03957  0.02067  0.03937  0.04724 305.32425 221.28645 -5.46830 -6.12515
0803   16.06025  0.02068  0.03937  0.01575 305.22608 221.18828 -5.15590 -5.67117
0804   16.07839  0.01812  0.03937  0.01575 305.12790 221.13919 -4.97565 -5.32631
0805   16.09873  0.02033  0.03937  0.01575 305.02973 221.09010 -4.71546 -4.89338
0806   16.11809  0.01935  0.03937  0.01575 304.98064 221.04101 -4.56380 -4.45270
0807   16.13853  0.02043  0.03937  0.01575 304.93155 220.94284 -4.21470 -3.78548
0808   16.15788  0.01935  0.03937  0.01575 304.88246 220.94284 -3.78792 -3.78548
0809   16.17746  0.01957  0.03937  0.01575 304.88246 220.89375 -3.78792 -3.45228
0810   16.19857  0.02109  0.03937  0.01575 304.83338 220.84466 -3.19012 -2.85620
0811   16.21894  0.02037  0.03937  0.01575 304.83338 220.84466 -3.19012 -2.85620
0812   16.23867  0.01971  0.03937  0.01575 304.83338 220.84466 -3.19012 -2.85620
0813   16.25834  0.01967  0.03937  0.01575 304.83338 220.84466 -3.19012 -2.85620
0814   16.27838  0.02003  0.03937  0.01575 304.83338 220.89375 -3.19012 -2.85620
0815   16.29855  0.02016  0.03937  0.01575 304.83338 220.89375 -3.19012 -2.85620
0816   16.31980  0.02124  0.04724  0.01575 304.88246 220.89375 -3.19012 -2.85620
0817   16.33766  0.01785  0.04724  0.01575 304.88246 220.89375 -3.19012 -2.85620
0818   16.35727  0.01960  0.04724  0.01575 304.88246 220.89375  0.00000 -2.85620
0819   16.37665  0.01937  0.04724  0.01575 304.88246 220.89375  0.00000  0.00000
0820   16.39844  0.02178  0.03937  0.01575 304.88246 220.89375  0.00000  0.00000
0821   16.42064  0.02218  0.04724  0.02362 304.88246 220.94284  0.00000  0.00000
0822   16.43677  0.01612  0.04724  0.02362 304.88246 220.94284  0.00000  0.00000
0823   16.45680  0.02002  0.04724  0.02362 304.93155 220.94284  0.00000  0.00000
0824   16.47683  0.02002  0.04724  0.02362 304.93155 220.94284  0.00000  0.00000
0825   16.49672  0.01988  0.04724  0.02362 304.93155 220.94284  0.00000  0.00000
0826   16.51873  0.02200  0.04724  0.02362 304.93155 220.94284  0.00000  0.00000
0827   16.53776  0.01902  0.04724  0.02362 304.93155 220.94284  0.00000  0.00000
0828   16.55668  0.01891  0.04724  0.02362 304.93155 220.94284  0.00000  0.00000
0829   16.57848  0.02179  0.05512  0.02362 304.93155 220.94284  0.00000  0.00000
0830   16.59641  0.01792  0.05512  0.02362 304.93155 220.94284  0.00000  0.00000
0831   16.61873  0.02231  0.06299  0.02362 304.88246 220.94284  0.00000  0.00000
0832   16.63873  0.01999  0.07087  0.02362 304.88246 220.94284  0.00000  0.00000
0833   16.65824  0.01950  0.08661  0.02362 304.88246 220.94284  0.00000  0.00000
0834   16.67942  0.02117  0.09449  0.02362 304.88246 220.94284  0.00000  0.00000
0835   16.69873  0.01930  0.10236  0.02362 304.88246 220.94284  0.00000  0.00000
0836   16.71875  0.02000  0.09449  0.02362 304.88246 220.94284  0.00000  0.00000
0837   16.73741  0.01866  0.09449  0.02362 304.88246 220.94284  0.00000  0.00000
0838   16.75940  0.02197  0.06299  0.01575 304.83338 220.94284 -0.15755  0.00000
0839   16.77893  0.01953  0.03937  0.01575 304.83338 220.94284 -0.15755  0.00000
0840   16.80027  0.02133  0.03937  0.00787 304.83338 220.94284 -0.15755  0.00000
0841   16.82031  0.02002  0.03150  0.00000 304.83338 220.94284 -0.15755  0.00000
0842   16.84088  0.02057  0.02362  0.01575 304.83338 220.94284 -0.15755  0.00000
0843   16.85992  0.01902  0.02362  0.00787 304.83338 220.94284 -0.15755  0.00000
0844   16.87985  0.01993  0.01575  0.00000 304.83338 220.94284 -0.15755  0.00000
0845   16.90072  0.02086 -0.00781 -0.03906 304.83338 220.94284 -0.15755  0.00000
0846   16.92003  0.01930 -0.05469 -0.07813 304.83338 220.94284  0.00000  0.00000
0847   16.93930  0.01926 -0.10156 -0.09375 304.88246 220.94284  0.00000  0.00000
0848   16.95761  0.01829 -0.10156 -0.09375 304.88246 220.94284  0.00000  0.00000
0849   16.97997  0.02236 -0.14063 -0.11719 304.93155 220.94284  0.00000  0.00000
0850   17.00104  0.02105 -0.21094 -0.13281 304.98064 220.99193  2.17366  0.26954
0851   17.02091  0.01987 -0.24219 -0.14063 305.02973 220.99193  2.45805  0.26954
0852   17.04106  0.02013 -0.28125 -0.16406 305.07881 221.04101  2.74922  0.45981
0853   17.06129  0.02023 -0.31250 -0.17188 305.17699 221.09010  3.15619  0.62749
0854   17.08075  0.01945 -0.33594 -0.19531 305.27516 221.18828  3.44651  0.93677
0855   17.10122  0.02045 -0.35938 -0.20313 305.42243 221.23736  3.94964  1.07830
0856   17.12134  0.02011 -0.36719 -0.21094 305.56969 221.38463  5.50108  1.47198
0857   17.14155  0.02020 -0.37500 -0.21875 305.76604 221.53189  7.65908  4.53341
0858   17.15871  0.01715 -0.37500 -0.21875 305.96239 221.63006  9.61026  5.75325
0859   17.18042  0.02170 -0.36719 -0.21094 306.20783 221.87550 11.20655  8.00319
0860   17.19900  0.01857 -0.36719 -0.21094 306.45326 222.07185 12.53380  9.60970
0861   17.21712  0.01811 -0.36719 -0.21094 306.74779 222.26820 14.03958 11.08021
0862   17.23742  0.02029 -0.36719 -0.21094 307.04231 222.56273 15.28237 12.55825
0863   17.25966  0.02222 -0.35938 -0.20313 307.43501 222.80816 17.18756 12.69536
0864   17.27686  0.01719 -0.35938 -0.20313 307.77863 223.05360 17.98495 12.87799
0865   17.29724  0.02037 -0.35938 -0.20313 308.17132 223.29904 19.09054 13.15410
0866   17.31859  0.02135 -0.35156 -0.20313 308.56403 223.64265 18.89616 13.69201
0867   17.33990  0.02129 -0.34375 -0.19531 308.95673 223.88809 18.70032 13.64597
0868   17.35914  0.01923 -0.34375 -0.20313 309.30034 224.18261 18.68356 13.30139
0869   17.38018  0.02103 -0.33594 -0.19531 309.69304 224.42805 18.97740 13.26001
0870   17.39985  0.01966 -0.32813 -0.19531 310.08574 224.67349 18.88155 12.78315
0871   17.41745  0.01759 -0.32813 -0.19531 310.38026 224.91893 18.32762 12.32639
0872   17.43906  0.02160 -0.32813 -0.18750 310.82205 225.16436 18.47451 12.38265
0873   17.45897  0.01989 -0.32813 -0.19531 311.16566 225.45889 17.76454 13.81744
0874   17.47699  0.01801 -0.32813 -0.19531 311.50928 225.75341 18.63278 15.75228
0875   17.49879  0.02179 -0.32031 -0.19531 311.95106 226.14611 21.52498 17.80933
0876   17.51693  0.01813 -0.32031 -0.19531 312.39285 226.53881 23.23630 19.43621
0877   17.53860  0.02166 -0.32031 -0.20313 312.93281 226.98060 24.90342 20.81218
0878   17.55795  0.01933 -0.32031 -0.20313 313.42369 227.37330 24.96948 21.56792
0879   17.58053  0.02258 -0.31250 -0.21094 314.01274 227.91326 25.97593 23.09429
0880   17.60078  0.02024 -0.30469 -0.21875 314.50361 228.40414 25.63677 23.98625
0881   17.61995  0.01916 -0.29688 -0.21875 314.99449 228.84593 25.12585 23.89919
0882   17.64063  0.02067 -0.28125 -0.22656 315.48536 229.33680 23.17596 23.91712
0883   17.65845  0.01781 -0.25781 -0.22656 315.87806 229.77859 22.91453 23.17148
0884   17.68083  0.02237 -0.23438 -0.23438 316.36894 230.26946 22.31874 22.48919
0885   17.69890  0.01806 -0.20313 -0.23438 316.81073 230.66216 22.55590 21.99345
0886   17.72075  0.02184 -0.16406 -0.24219 317.25251 231.15304 22.20646 21.68492
0887   17.73946  0.01870 -0.11719 -0.24219 317.69430 231.54574 21.93276 21.98699
0888   17.75933  0.01987 -0.04688 -0.24219 318.08700 231.98753 21.31723 22.37637
0889   17.77949  0.02014  0.00787 -0.24219 318.52879 232.42931 21.15284 22.41577
0890   17.80060  0.02110  0.01575 -0.24219 318.97058 232.92019 20.44997 22.67709
0891   17.81755  0.01694  0.01575 -0.24219 319.31419 233.31289 19.81368 22.74755
0892   17.83676  0.01920  0.01575 -0.24219 319.70689 233.75468 20.87852 22.64795
0893   17.85579  0.01902  0.01575 -0.24219 320.09959 234.14737 21.35739 22.48585
0894   17.87872  0.02292  0.01575 -0.25000 320.59046 234.68734 20.47723 22.41049
0895   17.89770  0.01898  0.01575 -0.25000 320.98316 235.12913 20.44950 22.65736
0896   17.92074  0.02302  0.01575 -0.27344 321.42495 235.62000 20.05229 22.57057
0897   17.93932  0.01856  0.01575 -0.28125 321.76856 236.06179 19.82264 22.66034
0898   17.96093  0.02160  0.00787 -0.31250 322.21035 236.55266 20.18434 22.09994
0899   17.98072  0.01977  0.01575 -0.32813 322.60305 236.99445 19.52480 22.05065
0900   18.00105  0.02032  0.00787 -0.35938 322.99575 237.43624 18.20007 22.27605
0901   18.01937  0.01831  0.00787 -0.37500 323.29028 237.82894 17.56849 22.14116
0902   18.03945  0.02007  0.00787 -0.42188 323.63389 238.27073 16.93052 21.94585
0903   18.05873  0.01926  0.00787 -0.42969 323.92841 238.71251 16.22473 22.27731
0904   18.07946  0.02072  0.00787 -0.43750 324.27203 239.15430 15.94962 22.12808
0905   18.09738  0.01791  0.00787 -0.43750 324.56655 239.54700 16.59270 22.07921
0906   18.11689  0.01950  0.00787 -0.43750 324.91016 239.98879 17.14730 21.94492
0907   18.14511  0.02820  0.00000 -0.42969 325.40104 240.62693 17.68208 23.10386
0908   18.15885  0.01373  0.00000 -0.39844 325.64648 240.92145 17.89852 22.81489
0909   18.18136  0.02250  0.00000 -0.39844 326.08826 241.46141 18.71661 23.39026
0910   18.20167  0.02029  0.00787 -0.32031 326.48096 242.00138 19.12106 25.30042
0911   18.21999  0.01831  0.00787 -0.28906 326.82458 242.44316 18.80700 24.79830
0912   18.23587  0.01587  0.00787 -0.25000 327.11910 242.83586 18.86783 24.35959
0913   18.26042  0.02454  0.01575 -0.17969 327.60998 243.37583 19.72324 23.09190
0914   18.27902  0.01859  0.01575 -0.14063 327.95359 243.81761 19.52348 21.97110
0915   18.30019  0.02116  0.01575 -0.04688 328.39538 244.21031 19.69491 20.59757
0916   18.31949  0.01929  0.01575  0.01575 328.73899 244.60301 19.16840 20.11692
0917   18.33918  0.01969  0.01575  0.03937 329.08260 244.99571 18.56657 19.77983
0918   18.35902  0.01983  0.01575  0.03937 329.47530 245.38841 18.41345 18.75423
0919   18.37924  0.02021  0.01575  0.02362 329.81891 245.73203 17.72601 17.25262
0920   18.39858  0.01932  0.01575  0.02362 330.16253 246.02655 17.37823 16.32636
0921   18.41829  0.01956  0.01575  0.02362 330.45705 246.32108 16.11598 16.02512
0922   18.43677  0.01847  0.01575  0.02362 330.75158 246.61560 15.19036 15.50277
0923   18.45703  0.02025  0.01575  0.02362 331.04610 246.91013 14.88921 14.57394
0924   18.47759  0.02054  0.01575  0.02362 331.34063 247.20465 14.38868 13.92081
0925   18.49762  0.02002  0.01575  0.02362 331.58606 247.45009 13.47181 13.46974
0926   18.51810  0.02047  0.01575  0.02362 331.83150 247.69553 12.46757 12.91725
0927   18.53736  0.01925  0.01575  0.02362 332.07694 247.94096 11.72548 12.18574
0928   18.55709  0.01972  0.01575  0.02362 332.27329 248.13731 11.28415 11.60877
0929   18.57744  0.02033  0.01575  0.02362 332.46964 248.38275 10.79562 10.91996
0930   18.59815  0.02070  0.01575  0.02362 332.66599 248.57910 10.28914 10.26022
0931   18.61739  0.01923  0.01575  0.02362 332.86234 248.72636  9.69383  9.72468
0932   18.63786  0.02046  0.01575  0.02362 333.05869 248.92271  9.03247  8.93641
0933   18.65750  0.01963  0.01575  0.02362 333.15686 249.06998  8.53921  8.36654
0934   18.67694  0.01943  0.01575  0.02362 333.30413 249.21724  7.85299  7.75458
0935   18.69753  0.02058  0.01575  0.02362 333.45139 249.31541  7.10979  7.30676
0936   18.71690  0.01934  0.01575  0.02362 333.54956 249.41359  6.58935  6.80795
0937   18.73928  0.02237  0.01575  0.01575 333.64774 249.56085  6.17643  5.91495
0938   18.75849  0.01920  0.01575  0.02362 333.74591 249.60994  5.63144  5.59155
0939   18.78085  0.02235  0.02362  0.01575 333.84409 249.70811  4.88861  4.75371
0940   18.79831  0.01745  0.02362  0.01575 333.84409 249.70811  4.88861  4.75371
0941   18.81777  0.01946  0.02362  0.01575 333.89318 249.70811  4.17503  4.75371
0942   18.83701  0.01922  0.02362  0.01575 333.89318 249.70811  4.17503  4.75371
0943   18.85742  0.02040  0.02362  0.01575 333.84409 249.70811  4.17503  4.75371
0944   18.87646  0.01902  0.02362  0.01575 333.84409 249.70811  4.17503  4.75371
0945   18.89698  0.02052  0.02362  0.01575 333.84409 249.70811  4.17503  4.75371
0946   18.92061  0.02361  0.03150  0.02362 333.84409 249.70811  4.17503  4.75371
0947   18.93760  0.01698  0.03150  0.02362 333.84409 249.70811  4.17503  4.75371
0948   18.95771  0.02009  0.03150  0.02362 333.84409 249.65902  4.17503  0.00000
0949   18.97813  0.02042  0.03150  0.02362 333.84409 249.65902  0.00000  0.00000
0950   18.99798  0.01984  0.03150  0.02362 333.84409 249.65902  0.00000  0.00000
0951   19.01767  0.01967  0.03150  0.02362 333.79500 249.60994  0.00000  0.00000
0952   19.03819  0.02051  0.03150  0.02362 333.79500 249.60994  0.00000  0.00000
0953   19.05767  0.01947  0.03150  0.02362 333.79500 249.60994  0.00000  0.00000
0954   19.07722  0.01954  0.03150  0.02362 333.79500 249.60994  0.00000  0.00000
0955   19.09727  0.02004  0.03150  0.02362 333.79500 249.60994  0.00000  0.00000
0956   19.11771  0.02043  0.03150  0.02362 333.79500 249.60994  0.00000  0.00000
0957   19.13759  0.01987  0.03150  0.02362 333.79500 249.60994  0.00000  0.00000
0958   19.15715  0.01955  0.03150  0.02362 333.79500 249.60994  0.00000  0.00000
0959   19.17660  0.01944  0.03150  0.02362 333.79500 249.60994  0.00000  0.00000
0960   19.19808  0.02147  0.03150  0.02362 333.79500 249.60994  0.00000  0.00000
0961   19.21858  0.02049  0.03150  0.03150 333.79500 249.60994  0.00000  0.00000
0962   19.23908  0.02049  0.03150  0.04724 333.79500 249.60994  0.00000  0.00000
0963   19.25745  0.01836  0.03150  0.04724 333.79500 249.60994  0.00000  0.00000
0964   19.28030  0.02284  0.03937  0.07874 333.79500 249.60994  0.00000  0.00000
0965   19.30120  0.02089  0.04724  0.11024 333.79500 249.60994  0.00000  0.00000
0966   19.32032  0.01910  0.05512  0.16535 333.79500 249.60994  0.00000  0.00000
0967   19.34045  0.02012  0.08661  0.19685 333.79500 249.60994  0.00000  0.00000
0968   19.36078  0.02032  0.11811  0.22047 333.74591 249.60994 -0.14049  0.00000
0969   19.38027  0.01948  0.13386  0.22835 333.69683 249.56085 -0.26725 -0.14057
0970   19.40151  0.02123  0.15748  0.25984 333.64774 249.51176 -0.37566 -0.26133
0971   19.42090  0.01937  0.16535  0.26772 333.59865 249.46268 -0.47792 -0.37335
0972   19.43944  0.01853  0.18110  0.26772 333.54956 249.36450 -35.04398 -42.20693
0973   19.45905  0.01960  0.20472  0.26772 333.45139 249.31541 -10.14089 -15.55014
0974   19.48040  0.02134  0.22835  0.27559 333.35321 249.21724 -8.21924 -9.35057
0975   19.50029  0.01989  0.24409  0.28346 333.25504 249.11906 -3.45442 -8.04765
0976   19.51857  0.01827  0.25197  0.28346 333.15686 248.97180 -4.29096 -4.44995
0977   19.53964  0.02106  0.25197  0.29134 332.96051 248.82454 -6.04456 -5.65003
0978   19.56127  0.02162  0.25984  0.29921 332.81325 248.62819 -6.94771 -7.14447
0979   19.57792  0.01664  0.25984  0.29921 332.66599 248.48092 -7.68238 -8.08280
0980   19.59968  0.02174  0.25984  0.30709 332.46964 248.28458 -8.71525 -9.10382
0981   19.61900  0.01932  0.25984  0.31496 332.27329 248.08823 -9.79751 -9.90159
0982   19.63765  0.01863  0.25984  0.31496 332.02785 247.84279 -10.68095 -11.01462
0983   19.65897  0.02131  0.25984  0.32283 331.78241 247.59735 -11.32324 -12.18291
0984   19.67703  0.01805  0.25984  0.32283 331.58606 247.35191 -12.04199 -13.15904
0985   19.70029  0.02325  0.26772  0.33071 331.24245 247.00830 -13.23982 -14.06992
0986   19.71885  0.01855  0.26772  0.33858 330.99701 246.71378 -14.11595 -14.76958
0987   19.74002  0.02116  0.27559  0.33071 330.65340 246.37016 -14.89425 -15.79245
0988   19.75997  0.01994  0.27559  0.33858 330.35888 246.07564 -15.39597 -16.52739
0989   19.77669  0.01671  0.27559  0.33858 330.06435 245.78111 -16.04114 -16.67731
0990   19.79712  0.02043  0.27559  0.33858 329.72074 245.38841 -16.79911 -17.64785
0991   19.81815  0.02101  0.27559  0.34646 329.37713 244.99571 -17.28564 -18.51216
0992   19.83656  0.01840  0.27559  0.34646 329.03351 244.65210 -17.92358 -19.26579
0993   19.85725  0.02068  0.27559  0.34646 328.64081 244.25940 -18.45495 -20.19999
0994   19.87694  0.01969  0.27559  0.34646 328.24811 243.81761 -19.22941 -20.67830
0995   19.89748  0.02038  0.27559  0.34646 327.85541 243.42491 -19.95524 -21.00508
0996   19.91919  0.02170  0.27559  0.33858 327.36454 242.93404 -21.30936 -21.44472
0997   19.93747  0.01827  0.27559  0.33858 326.97184 242.54134 -21.44196 -22.01095
0998   19.95653  0.01905  0.27559  0.33858 326.57914 242.09955 -21.33372 -22.99003
0999   19.97718  0.02065  0.27559  0.33858 326.13735 241.60868 -22.08572 -23.73096
1000   19.99751  0.02031  0.27559  0.33858 325.69556 241.11780 -22.30728 -23.99768
1001   20.01694  0.01942  0.27559  0.33858 325.25378 240.62693 -21.86467 -24.22310
1002   20.03700  0.02005  0.27559  0.33858 324.81199 240.13605 -22.74560 -24.76696
1003   20.05701  0.02000  0.27559  0.33858 324.32111 239.64518 -23.83166 -25.26585
1004   20.07728  0.02026  0.27559  0.33858 323.83024 239.10521 -24.22704 -25.32836
1005   20.09801  0.02071  0.27559  0.33858 323.33936 238.56525 -24.15676 -25.84471
1006   20.11685  0.01883  0.27559  0.33858 322.84849 238.07438 -25.01669 -26.07681
1007   20.14036  0.02351  0.26772  0.33071 322.25944 237.48533 -25.37963 -26.23611
1008   20.15838  0.01801  0.27559  0.33071 321.81765 236.99445 -25.13100 -26.52690
1009   20.17790  0.01951  0.26772  0.33071 321.27769 236.50357 -25.91340 -26.27895
1010   20.19747  0.01956  0.26772  0.33071 320.78681 235.96361 -26.10211 -26.72134
1011   20.21695  0.01947  0.26772  0.33071 320.24685 235.42365 -26.52031 -27.56679
1012   20.23673  0.01978  0.26772  0.33071 319.75598 234.88369 -26.84247 -28.01566
1013   20.25690  0.02016  0.26772  0.33071 319.16693 234.29464 -27.11897 -28.53410
1014   20.27739  0.02047  0.26772  0.33071 318.62696 233.70559 -26.79807 -28.40843
1015   20.29848  0.02108  0.26772  0.33071 318.08700 233.11654 -26.83411 -28.81517
1016   20.31946  0.02097  0.27559  0.33071 317.49795 232.47840 -27.48422 -29.13006
1017   20.33716  0.01770  0.27559  0.33071 317.00708 231.98753 -27.69972 -29.65179
1018   20.35941  0.02224  0.26772  0.33071 316.36894 231.30030 -27.47137 -29.79270
1019   20.37858  0.01915  0.27559  0.33071 315.87806 230.76034 -27.73015 -29.08923
1020   20.39745  0.01886  0.27559  0.33071 315.33810 230.22038 -27.67465 -28.79336
1021   20.41811  0.02065  0.27559  0.33071 314.74905 229.58224 -28.19128 -29.57880
1022   20.43777  0.01964  0.27559  0.33071 314.20909 228.99319 -28.43542 -29.83308
1023   20.45712  0.01934  0.27559  0.33071 313.66913 228.45323 -28.47955 -29.86821
1024   20.47698  0.01985  0.27559  0.33071 313.08008 227.81509 -27.75657 -29.96841
1025   20.49958  0.02259  0.26772  0.33071 312.49103 227.12786 -27.02268 -30.18717
1026   20.51684  0.01725  0.26772  0.33071 312.00015 226.63699 -28.44094 -30.60604
1027   20.53691  0.02006  0.26772  0.33071 311.41110 225.99885 -29.32032 -30.65689
1028   20.55666  0.01974  0.26772  0.33071 310.82205 225.40980 -29.07003 -30.88109
1029   20.57866  0.02199  0.26772  0.32283 310.18391 224.72258 -29.59441 -31.53265
1030   20.59935  0.02068  0.26772  0.31496 309.59486 224.03535 -29.70517 -30.95665
1031   20.61796  0.01860  0.26772  0.30709 309.00581 223.49539 -29.44175 -31.55393
1032   20.63755  0.01958  0.26772  0.30709 308.41676 222.85725 -30.07978 -31.28256
1033   20.65690  0.01934  0.26772  0.30709 307.82771 222.26820 -30.17501 -30.75976
1034   20.67678  0.01987  0.26772  0.30709 307.28775 221.63006 -29.29915 -31.60614
1035   20.70095  0.02416  0.25984  0.29921 306.55144 220.89375 -29.45739 -31.64577
1036   20.71974  0.01878  0.23622  0.29134 306.01148 220.30470 -28.98643 -31.27050
1037   20.74025  0.02050  0.21260  0.28346 305.42243 219.66656 -28.48170 -30.74627
1038   20.75929  0.01903  0.17323  0.23622 304.88246 219.07751 -28.71185 -30.72770
1039   20.77898  0.01968  0.14173  0.20472 304.34250 218.48846 -27.97001 -30.22034
1040   20.80183  0.02283  0.03150  0.11811 303.70436 217.80124 -27.05716 -29.58067
1041   20.81857  0.01673  0.03150  0.02362 303.26257 217.31036 -26.86598 -28.53750
1042   20.83884  0.02026  0.03150  0.00787 302.77170 216.77040 -24.92884 -27.64714
1043   20.86060  0.02175  0.03937  0.01575 302.28083 216.18135 -21.42016 -26.92116
1044   20.87838  0.01777  0.03150  0.01575 301.88813 215.73956 -22.54818 -25.60869
1045   20.89748  0.01908  0.03150  0.01575 301.44634 215.24869 -23.65657 -24.42614
1046   20.91781  0.02032  0.03150  0.01575 300.95546 214.75781 -23.56113 -23.66735
1047   20.93734  0.01952  0.03150  0.01575 300.51368 214.36511 -21.30270 -22.40119
1048   20.95714  0.01979  0.03150  0.01575 300.12098 213.87424 -20.29822 -22.87480
1049   20.97727  0.02012  0.03150  0.01575 299.72828 213.43245 -21.03194 -22.83936
1050   20.99742  0.02013  0.03150  0.01575 299.28649 212.99066 -21.19188 -22.21923
1051   21.01720  0.01977  0.03150  0.01575 298.84470 212.54888 -20.85241 -21.09453
1052   21.03854  0.02132  0.02362  0.01575 298.45200 212.10709 -20.50640 -21.26307
1053   21.05700  0.01845  0.02362  0.01575 298.05930 211.71439 -19.59374 -21.13786
1054   21.07520  0.01818  0.02362  0.01575 297.71569 211.37078 -19.32860 -20.24590
1055   21.09747  0.02227  0.02362  0.01575 297.32299 210.92899 -19.03184 -18.74302
1056   21.11655  0.01906  0.02362  0.01575 296.97938 210.63446 -17.75920 -17.72938
1057   21.13848  0.02192  0.02362  0.01575 296.63576 210.24176 -16.81983 -16.55783
1058   21.15773  0.01923  0.02362  0.01575 296.34124 209.94724 -15.34476 -15.60379
1059   21.17800  0.02025  0.02362  0.01575 296.04671 209.65271 -14.08030 -14.56881
1060   21.19671  0.01871  0.02362  0.01575 295.80128 209.45636 -13.16273 -13.74271
1061   21.21682  0.02010  0.02362  0.01575 295.60493 209.16184 -12.48120 -12.68560
1062   21.23686  0.02003  0.02362  0.01575 295.35949 208.96549 -11.62074 -11.90160
1063   21.25740  0.02054  0.02362  0.01575 295.16314 208.76914 -10.88913 -10.99131
1064   21.27709  0.01968  0.02362  0.01575 294.96679 208.52370 -10.22989 -10.37415
1065   21.29887  0.02177  0.02362  0.00787 294.77044 208.32735 -9.70819 -9.80351
1066   21.31762  0.01874  0.02362  0.00787 294.57409 208.18009 -9.25441 -9.45283
1067   21.33750  0.01986  0.02362  0.00787 294.42683 207.98374 -8.63968 -8.99183
1068   21.35763  0.02012  0.02362  0.00787 294.27956 207.83648 -8.06918 -8.74416
1069   21.37719  0.01955  0.02362  0.00787 294.13230 207.68921 -7.62813 -8.33698
1070   21.39687  0.01967  0.02362  0.00787 294.03413 207.54195 -7.28838 -7.80338
1071   21.41711  0.02023  0.02362  0.00787 293.88686 207.44378 -6.60863 -7.31724
1072   21.43704  0.01992  0.02362  0.00787 293.83778 207.34560 -6.33424 -6.70183
1073   21.45686  0.01982  0.02362  0.00787 293.73960 207.24743 -5.61522 -5.88034
1074   21.47717  0.02030  0.02362  0.00787 293.69051 207.19834 -5.19311 -5.34794
1075   21.49718  0.01999  0.02362  0.00787 293.64142 207.14925 -4.55407 -4.76425
1076   21.51720  0.02002  0.02362  0.00787 293.59234 207.10016 -3.71501 -3.97562
1077   21.53740  0.02018  0.02362  0.00787 293.59234 207.10016 -3.71501 -3.97562
1078   21.55661  0.01920  0.02362  0.00787 293.59234 207.10016 -3.71501 -3.97562
1079   21.57713  0.02051  0.02362  0.00787 293.59234 207.10016 -3.71501 -3.97562
1080   21.59666  0.01951  0.02362  0.00787 293.59234 207.10016 -3.71501 -3.97562
1081   21.61697  0.02031  0.02362  0.00787 293.59234 207.10016 -3.71501 -3.97562
1082   21.63688  0.01990  0.02362  0.00787 293.59234 207.10016 -3.71501 -3.97562
1083   21.65681  0.01992  0.02362  0.00787 293.59234 207.10016 -3.71501 -3.97562
1084   21.67672  0.01990  0.02362  0.00787 293.59234 207.14925  0.00000  0.00000
1085   21.69776  0.02103  0.02362  0.00787 293.59234 207.14925  0.00000  0.00000
1086   21.71728  0.01951  0.02362  0.00787 293.64142 207.14925  0.00000  0.00000
1087   21.73757  0.02027  0.02362  0.00787 293.64142 207.19834  0.00000  0.00000
1088   21.75787  0.02030  0.02362  0.00787 293.64142 207.19834  0.00000  0.00000
1089   21.77677  0.01888  0.02362  0.00787 293.64142 207.19834  0.00000  0.00000
1090   21.79768  0.02090  0.02362  0.00787 293.64142 207.19834  0.00000  0.00000
1091   21.81683  0.01914  0.02362  0.00787 293.64142 207.19834  0.00000  0.00000
1092   21.83687  0.02003  0.02362  0.00787 293.64142 207.19834  0.00000  0.00000
1093   21.85738  0.02050  0.02362  0.00787 293.64142 207.19834  0.00000  0.00000
1094   21.87685  0.01946  0.02362  0.00787 293.64142 207.19834  0.00000  0.00000
1095   21.89711  0.02026  0.02362  0.00787 293.64142 207.19834  0.00000  0.00000
1096   21.91754  0.02042  0.02362  0.00787 293.64142 207.19834  0.00000  0.00000
1097   21.93694  0.01939  0.02362  0.00787 293.64142 207.19834  0.00000  0.00000
1098   21.95726  0.02030  0.02362  0.00787 293.64142 207.19834  0.00000  0.00000
1099   21.97723  0.01996  0.02362  0.00787 293.64142 207.19834  0.00000  0.00000
1100   21.99681  0.01957  0.02362  0.00787 293.64142 207.19834  0.00000  0.00000
1101   22.01706  0.02024  0.02362  0.00787 293.64142 207.19834  0.00000  0.00000
1102   22.03692  0.01984  0.02362  0.00787 293.64142 207.19834  0.00000  0.00000
1103   22.05664  0.01971  0.02362  0.00787 293.64142 207.19834  0.00000  0.00000
1104   22.07742  0.02077  0.02362  0.00787 293.64142 207.19834  0.00000  0.00000
1105   22.09722  0.01980  0.02362  0.00787 293.64142 207.19834  0.00000  0.00000
1106   22.11707  0.01984  0.02362  0.00787 293.64142 207.19834  0.00000  0.00000
1107   22.13747  0.02039  0.02362  0.00787 293.64142 207.19834  0.00000  0.00000
1108   22.15712  0.01964  0.02362  0.00787 293.64142 207.19834  0.00000  0.00000
1109   22.17696  0.01983  0.02362  0.00787 293.64142 207.19834  0.00000  0.00000
1110   22.19690  0.01993  0.02362  0.00787 293.64142 207.19834  0.00000  0.00000
1111   22.21690  0.01999  0.02362  0.00787 293.64142 207.19834  0.00000  0.00000
1112   22.23739  0.02048  0.02362  0.00787 293.64142 207.19834  0.00000  0.00000
1113   22.25686  0.01946  0.02362  0.00787 293.64142 207.19834  0.00000  0.00000
1114   22.27704  0.02017  0.02362  0.00787 293.64142 207.19834  0.00000  0.00000
1115   22.29736  0.02030  0.02362  0.00787 293.64142 207.19834  0.00000  0.00000
1116   22.31720  0.01983  0.02362  0.00787 293.64142 207.19834  0.00000  0.00000
1117   22.33681  0.01960  0.02362  0.00787 293.64142 207.19834  0.00000  0.00000
1118   22.35691  0.02009  0.02362  0.00787 293.64142 207.19834  0.00000  0.00000
1119   22.37669  0.01977  0.02362  0.00787 293.64142 207.19834  0.00000  0.00000
1120   22.39688  0.02018  0.02362  0.00787 293.64142 207.19834  0.00000  0.00000
1121   22.41671  0.01981  0.02362  0.00787 293.64142 207.19834  0.00000  0.00000
1122   22.43687  0.02015  0.02362  0.00787 293.64142 207.19834  0.00000  0.00000
1123   22.45785  0.02097  0.02362  0.00787 293.64142 207.19834  0.00000  0.00000
1124   22.47755  0.01969  0.02362  0.00787 293.64142 207.19834  0.00000  0.00000
1125   22.49760  0.02004  0.02362  0.00787 293.64142 207.19834  0.00000  0.00000
1126   22.51823  0.02061  0.02362  0.00787 293.64142 207.19834  0.00000  0.00000
1127   22.53701  0.01877  0.02362  0.00787 293.64142 207.19834  0.00000  0.00000
1128   22.55749  0.02047  0.02362  0.00787 293.64142 207.19834  0.00000  0.00000
1129   22.57708  0.01959  0.02362  0.00787 293.64142 207.19834  0.00000  0.00000
1130   22.59727  0.02018  0.02362  0.00787 293.64142 207.19834  0.00000  0.00000
1131   22.61764  0.02036  0.02362  0.00787 293.64142 207.19834  0.00000  0.00000
1132   22.63716  0.01950  0.02362  0.00787 293.64142 207.19834  0.00000  0.00000
1133   22.65689  0.01972  0.02362  0.00787 293.64142 207.19834  0.00000  0.00000
1134   22.67690  0.02000  0.02362  0.00787 293.64142 207.19834  0.00000  0.00000
1135   22.69672  0.01979  0.02362  0.00787 293.64142 207.19834  0.00000  0.00000
1136   22.71703  0.02030  0.02362  0.00787 293.64142 207.19834  0.00000  0.00000
1137   22.73775  0.02071  0.02362  0.00787 293.64142 207.19834  0.00000  0.00000
1138   22.75694  0.01918  0.02362  0.00787 293.64142 207.19834  0.00000  0.00000
1139   22.77668  0.01973  0.02362  0.00787 293.64142 207.19834  0.00000  0.00000
1140   22.79669  0.01999  0.02362  0.00787 293.64142 207.19834  0.00000  0.00000
1141   22.81728  0.02058  0.02362  0.00787 293.64142 207.19834  0.00000  0.00000
1142   22.83664  0.01935  0.02362  0.00787 293.64142 207.19834  0.00000  0.00000
1143   22.85686  0.02021  0.02362  0.00787 293.64142 207.19834  0.00000  0.00000
1144   22.87693  0.02005  0.02362  0.00787 293.64142 207.19834  0.00000  0.00000
1145   22.89705  0.02011  0.02362  0.00787 293.64142 207.19834  0.00000  0.00000
1146   22.91674  0.01968  0.02362  0.00787 293.64142 207.19834  0.00000  0.00000
1147   22.93712  0.02037  0.02362  0.00787 293.64142 207.19834  0.00000  0.00000
1148   22.95726  0.02013  0.02362  0.00787 293.64142 207.19834  0.00000  0.00000
1149   22.97704  0.01977  0.02362  0.00787 293.64142 207.19834  0.00000  0.00000
1150   22.99660  0.01954  0.02362  0.00787 293.64142 207.19834  0.00000  0.00000
1151   23.01739  0.02078  0.02362  0.00787 293.64142 207.19834  0.00000  0.00000
1152   23.03717  0.01977  0.02362  0.00787 293.64142 207.19834  0.00000  0.00000
1153   23.05689  0.01970  0.02362  0.00787 293.64142 207.19834  0.00000  0.00000
1154   23.07658  0.01968  0.02362  0.00787 293.64142 207.19834  0.00000  0.00000
1155   23.09659  0.02000  0.02362  0.00787 293.64142 207.19834  0.00000  0.00000
1156   23.11727  0.02067  0.02362  0.00787 293.64142 207.19834  0.00000  0.00000
1157   23.13684  0.01956  0.02362  0.00787 293.64142 207.19834  0.00000  0.00000
1158   23.15694  0.02009  0.02362  0.00787 293.64142 207.19834  0.00000  0.00000
1159   23.17983  0.02287  0.02362  0.00787 293.64142 207.19834  0.00000  0.00000
1160   23.19906  0.01922  0.02362  0.00787 293.64142 207.19834  0.00000  0.00000
1161   23.22045  0.02138  0.02362  0.00787 293.64142 207.19834  0.00000  0.00000
1162   23.24010  0.01963  0.02362  0.00787 293.64142 207.19834  0.00000  0.00000
1163   23.25696  0.01686  0.02362  0.00787 293.64142 207.19834  0.00000  0.00000
1164   23.27688  0.01991  0.02362  0.00787 293.64142 207.19834  0.00000  0.00000
1165   23.29723  0.02033  0.02362  0.00787 293.64142 207.19834  0.00000  0.00000
1166   23.31739  0.02016  0.02362  0.00787 293.64142 207.19834  0.00000  0.00000
1167   23.33765  0.02025  0.02362  0.00787 293.64142 207.19834  0.00000  0.00000
1168   23.35791  0.02025  0.02362  0.00787 293.64142 207.19834  0.00000  0.00000
1169   23.37721  0.01928  0.02362  0.00787 293.64142 207.19834  0.00000  0.00000
1170   23.39685  0.01963  0.02362  0.00787 293.64142 207.19834  0.00000  0.00000
1171   23.41671  0.01985  0.02362  0.00787 293.64142 207.19834  0.00000  0.00000
1172   23.43665  0.01993  0.02362  0.00787 293.64142 207.19834  0.00000  0.00000
1173   23.45720  0.02054  0.02362  0.00787 293.64142 207.19834  0.00000  0.00000
1174   23.47644  0.01923  0.02362  0.00787 293.64142 207.19834  0.00000  0.00000
1175   23.49718  0.02073  0.02362  0.00787 293.64142 207.19834  0.00000  0.00000
1176   23.51710  0.01991  0.02362  0.00787 293.64142 207.19834  0.00000  0.00000
1177   23.53907  0.02196  0.01575  0.00787 293.64142 207.19834  0.00000  0.00000
1178   23.55949  0.02038  0.02362  0.00787 293.64142 207.19834  0.00000  0.00000
1179   23.57703  0.01754  0.02362  0.00787 293.64142 207.19834  0.00000  0.00000
1180   23.59668  0.01964  0.02362  0.00787 293.64142 207.19834  0.00000  0.00000
1181   23.61701  0.02032  0.02362  0.00787 293.64142 207.19834  0.00000  0.00000
1182   23.63681  0.01979  0.02362  0.00787 293.64142 207.19834  0.00000  0.00000
1183   23.65690  0.02008  0.02362  0.00787 293.64142 207.19834  0.00000  0.00000
1184   23.67726  0.02035  0.02362  0.00787 293.64142 207.19834  0.00000  0.00000
1185   23.69879  0.02152  0.01575  0.00787 293.64142 207.19834  0.00000  0.00000
1186   23.71866  0.01985  0.02362  0.00787 293.64142 207.19834  0.00000  0.00000
1187   23.73886  0.02013  0.01575  0.00787 293.64142 207.19834  0.00000  0.00000
1188   23.75858  0.01959  0.02362  0.00787 293.64142 207.19834  0.00000  0.00000
1189   23.77728  0.01869  0.02362  0.00787 293.64142 207.19834  0.00000  0.00000
1190   23.79681  0.01952  0.02362  0.00787 293.64142 207.19834  0.00000  0.00000
1191   23.81682  0.02000  0.02362  0.00787 293.64142 207.19834  0.00000  0.00000
1192   23.83702  0.02019  0.02362  0.00787 293.64142 207.19834  0.00000  0.00000
1193   23.85698  0.01995  0.02362  0.00787 293.64142 207.19834  0.00000  0.00000
1194   23.87683  0.01984  0.02362  0.00787 293.64142 207.19834  0.00000  0.00000
1195   23.89751  0.02066  0.02362  0.00787 293.64142 207.19834  0.00000  0.00000
1196   23.91723  0.01971  0.02362  0.00787 293.64142 207.19834  0.00000  0.00000
1197   23.93731  0.02007  0.02362  0.00787 293.64142 207.19834  0.00000  0.00000
1198   23.95762  0.02030  0.02362  0.00787 293.64142 207.19834  0.00000  0.00000
1199   23.97687  0.01924  0.02362  0.00787 293.64142 207.19834  0.00000  0.00000
1200   23.99736  0.02048  0.02362  0.00787 293.64142 207.19834  0.00000  0.00000
1201   24.01733  0.01996  0.02362  0.00787 293.64142 207.19834  0.00000  0.00000
1202   24.03744  0.02010  0.02362  0.00787 293.64142 207.19834  0.00000  0.00000
1203   24.05772  0.02027  0.02362  0.00787 293.64142 207.19834  0.00000  0.00000
1204   24.07740  0.01967  0.02362  0.00787 293.64142 207.19834  0.00000  0.00000
1205   24.09720  0.01979  0.02362  0.00787 293.64142 207.19834  0.00000  0.00000
1206   24.11810  0.02089  0.02362  0.00787 293.64142 207.19834  0.00000  0.00000
1207   24.13667  0.01856  0.02362  0.00787 293.64142 207.19834  0.00000  0.00000
1208   24.15682  0.02015  0.02362  0.00787 293.64142 207.19834  0.00000  0.00000
1209   24.17660  0.01977  0.02362  0.00787 293.64142 207.19834  0.00000  0.00000
1210   24.19670  0.02009  0.02362  0.00787 293.64142 207.19834  0.00000  0.00000
1211   24.21716  0.02044  0.02362  0.00787 293.64142 207.19834  0.00000  0.00000
1212   24.23722  0.02005  0.02362  0.00787 293.64142 207.19834  0.00000  0.00000
1213   24.25743  0.02020  0.02362  0.00787 293.64142 207.19834  0.00000  0.00000
1214   24.27726  0.01982  0.02362  0.00787 293.64142 207.19834  0.00000  0.00000
1215   24.29700  0.01973  0.02362  0.00787 293.64142 207.19834  0.00000  0.00000
1216   24.31690  0.01989  0.02362  0.00787 293.64142 207.19834  0.00000  0.00000
1217   24.33703  0.02012  0.02362  0.00787 293.64142 207.19834  0.00000  0.00000
1218   24.35711  0.02007  0.02362  0.00787 293.64142 207.19834  0.00000  0.00000
1219   24.37672  0.01960  0.02362  0.00787 293.64142 207.19834  0.00000  0.00000
1220   24.39692  0.02019  0.02362  0.00787 293.64142 207.19834  0.00000  0.00000
1221   24.41720  0.02027  0.02362  0.00787 293.64142 207.19834  0.00000  0.00000
1222   24.43717  0.01997  0.02362  0.00787 293.64142 207.19834  0.00000  0.00000
1223   24.45733  0.02015  0.02362  0.00787 293.64142 207.19834  0.00000  0.00000
1224   24.47699  0.01965  0.02362  0.00787 293.64142 207.19834  0.00000  0.00000
1225   24.49710  0.02010  0.02362  0.00787 293.64142 207.19834  0.00000  0.00000
9999 9999.00000 9999.00000 999.00000 999.00000 9999.00000 9999.00000 999.00000 999.00000
