0000    0.00018  0.00017  0.02362  0.00000 -5.79233 -10.35746  0.00000  0.00000
0001    0.02006  0.01987  0.03150  0.00000 -5.79233 -10.35746  0.00000  0.00000
0002    0.04052  0.02045  0.02362  0.00000 -5.79233 -10.35746  0.00000  0.00000
0003    0.05936  0.01883  0.02362  0.00000 -5.79233 -10.35746  0.00000  0.00000
0004    0.07931  0.01994  0.02362  0.00000 -5.79233 -10.35746  0.00000  0.00000
0005    0.09936  0.02004  0.02362  0.00000 -5.79233 -10.35746  0.00000  0.00000
0006    0.11943  0.02007  0.02362  0.00000 -5.79233 -10.35746  0.00000  0.00000
0007    0.13959  0.02015  0.02362  0.00000 -5.79233 -10.35746  0.00000  0.00000
0008    0.15917  0.01956  0.02362  0.00000 -5.79233 -10.35746  0.00000  0.00000
0009    0.17916  0.01998  0.02362  0.00000 -5.79233 -10.35746  0.00000  0.00000
0010    0.19944  0.02028  0.02362  0.00000 -5.79233 -10.35746  0.00000  0.00000
0011    0.21929  0.01983  0.02362  0.00000 -5.79233 -10.35746  0.00000  0.00000
0012    0.24077  0.02147  0.01575 -0.00781 -5.79233 -10.35746  0.00000  0.00000
0013    0.26048  0.01971  0.00787 -0.00781 -5.79233 -10.35746  0.00000  0.00000
0014    0.28130  0.02081  0.00000 -0.01563 -5.79233 -10.35746  0.00000  0.00000
0015    0.30134  0.02002 -0.02344 -0.02344 -5.79233 -10.35746  0.00000  0.00000
0016    0.32167  0.02032 -0.10938 -0.10156 -5.79233 -10.35746  0.00000  0.00000
0017    0.34087  0.01918 -0.17188 -0.14063 -5.79233 -10.35746  0.00000  0.00000
0018    0.36131  0.02043 -0.21875 -0.20313 -5.74324 -10.35746  0.00000  0.00000
0019    0.38030  0.01898 -0.28906 -0.25000 -5.69415 -10.35746  0.00000  0.00000
0020    0.40055  0.02024 -0.29688 -0.29688 -5.64506 -10.30838  2.71704  0.00000
0021    0.42094  0.02036 -0.33594 -0.32031 -5.54689 -10.21020  3.57671  3.13702
0022    0.44047  0.01952 -0.35938 -0.33594 -5.44871 -10.11203  4.16105  3.77890
0023    0.46032  0.01984 -0.39063 -0.37500 -5.30145 -9.96476  4.92458  4.58104
0024    0.48074  0.02040 -0.41406 -0.39063 -5.10510 -9.81750  6.81302  5.29196
0025    0.50041  0.01966 -0.42969 -0.42188 -4.85966 -9.62115 10.06643  8.21889
0026    0.52073  0.02031 -0.45313 -0.45313 -4.56514 -9.32663 12.83995 11.61259
0027    0.54105  0.02031 -0.48438 -0.46875 -4.27061 -9.03210 15.15458 14.29455
0028    0.56061  0.01955 -0.49219 -0.49219 -3.92700 -8.68849 17.16655 17.11848
0029    0.57987  0.01925 -0.49219 -0.50781 -3.53430 -8.29579 19.91044 19.44529
0030    0.60091  0.02103 -0.50000 -0.51563 -3.04343 -7.85400 22.58932 21.47305
0031    0.61999  0.01907 -0.50000 -0.52344 -2.60164 -7.36313 24.12891 24.36830
0032    0.64007  0.02006 -0.50000 -0.53125 -2.06168 -6.82316 26.72250 26.54289
0033    0.65947  0.01940 -0.50000 -0.53125 -1.47263 -6.28320 28.47972 28.20229
0034    0.67941  0.01992 -0.50000 -0.53125 -0.88358 -5.69415 30.64894 29.51549
0035    0.70021  0.02079 -0.50000 -0.53906 -0.24544 -5.00693 32.02922 33.75985
0036    0.71925  0.01904 -0.50000 -0.53906  0.39270 -4.36879 32.83500 33.93607
0037    0.73940  0.02014 -0.50000 -0.53906  1.07993 -3.63248 34.92057 37.32734
0038    0.76034  0.02093 -0.50000 -0.54688  1.86533 -2.79799 35.83618 38.43564
0039    0.78109  0.02074 -0.49219 -0.55469  2.65073 -1.96350 38.30457 40.48737
0040    0.79977  0.01867 -0.49219 -0.55469  3.38704 -1.17810 39.46147 42.31480
0041    0.82052  0.02074 -0.49219 -0.56250  4.22153 -0.29453 41.23701 43.72623
0042    0.84035  0.01982 -0.50000 -0.57813  5.05601  0.58905 42.18208 45.47539
0043    0.86056  0.02019 -0.49219 -0.59375  5.93959  1.52171 43.79782 47.02161
0044    0.88013  0.01957 -0.49219 -0.60156  6.82316  2.50346 45.22839 49.72044
0045    0.89922  0.01908 -0.49219 -0.60156  7.65765  3.48521 44.59014 51.77924
0046    0.92004  0.02081 -0.49219 -0.60938  8.63940  4.56514 48.92946 53.39051
0047    0.93994  0.01989 -0.49219 -0.61719  9.62115  5.69415 48.56830 55.61189
0048    0.96036  0.02041 -0.50000 -0.61719 10.65199  6.82316 50.32989 54.55561
0049    0.98005  0.01968 -0.50000 -0.61719 11.63374  7.95217 51.12190 58.46534
0050    1.00112  0.02106 -0.50781 -0.61719 12.71366  9.17936 52.11319 59.32920
0051    1.02058  0.01945 -0.52344 -0.61719 13.74450 10.35746 52.98051 60.25409
0052    1.04051  0.01991 -0.55469 -0.61719 14.82443 11.58465 54.57441 61.73907
0053    1.06113  0.02061 -0.57813 -0.60938 16.00253 12.86093 55.80313 61.69058
0054    1.08042  0.01928 -0.58594 -0.60938 17.08245 14.03903 57.60463 61.81487
0055    1.10042  0.01999 -0.61719 -0.60938 18.26055 15.31530 59.34462 64.29778
0056    1.12028  0.01985 -0.63281 -0.60938 19.48774 16.64066 61.01047 64.89965
0057    1.14005  0.01977 -0.63281 -0.60938 20.71493 17.91694 63.19886 66.27624
0058    1.15958  0.01951 -0.63281 -0.60938 21.94211 19.19321 63.83124 65.40988
0059    1.18044  0.02085 -0.64063 -0.60938 23.31656 20.61675 67.06492 67.75082
0060    1.19959  0.01914 -0.64063 -0.60938 24.59284 21.89302 66.97205 67.99529
0061    1.22045  0.02085 -0.64844 -0.60938 26.01638 23.36565 68.60156 69.76124
0062    1.24100  0.02054 -0.64063 -0.60938 27.39083 24.78919 66.92822 68.98381
0063    1.26094  0.01993 -0.64844 -0.60938 28.76528 26.16364 69.60298 67.79948
0064    1.28028  0.01934 -0.64063 -0.60938 30.09064 27.48900 69.87445 69.49655
0065    1.29968  0.01939 -0.64063 -0.60938 31.46509 28.81436 70.58176 68.84304
0066    1.32009  0.02039 -0.64063 -0.60938 32.88863 30.23790 69.05368 70.54221
0067    1.34005  0.01995 -0.64063 -0.60938 34.31216 31.66144 70.59648 69.48819
0068    1.35972  0.01966 -0.64063 -0.60938 35.73570 33.03589 72.73946 71.34604
0069    1.38001  0.02028 -0.64063 -0.60938 37.20833 34.50851 71.92518 71.90201
0070    1.39981  0.01979 -0.64063 -0.60938 38.63186 35.93205 72.88040 72.46831
0071    1.41971  0.01988 -0.64063 -0.60938 40.10449 37.40468 73.05177 73.52666
0072    1.43940  0.01968 -0.64063 -0.60938 41.52803 38.82821 72.92642 72.36575
0073    1.45940  0.01999 -0.64063 -0.60938 43.00065 40.25175 73.21357 72.19706
0074    1.47993  0.02052 -0.64063 -0.60938 44.52236 41.77346 73.89079 73.28516
0075    1.49980  0.01987 -0.64063 -0.60938 45.99499 43.24609 74.32095 74.67369
0076    1.51964  0.01983 -0.64063 -0.60938 47.46761 44.71871 77.64123 74.85190
0077    1.53954  0.01989 -0.64063 -0.60938 49.03841 46.24043 78.51174 77.15613
0078    1.55930  0.01975 -0.64063 -0.60938 50.60921 47.81123 79.13765 79.32821
0079    1.57930  0.01999 -0.64063 -0.60938 52.22910 49.38203 79.55512 79.97312
0080    1.60005  0.02074 -0.64063 -0.60938 53.89808 51.10009 80.70748 80.56773
0081    1.61990  0.01984 -0.64063 -0.60938 55.46888 52.67089 81.05999 80.07422
0082    1.63986  0.01995 -0.64063 -0.60938 57.13785 54.29078 82.31600 81.39805
0083    1.66110  0.02122 -0.64844 -0.60156 58.85591 56.00884 81.96140 81.69404
0084    1.68076  0.01965 -0.64844 -0.59375 60.47580 57.62872 84.56655 82.87048
0085    1.69988  0.01911 -0.64844 -0.59375 62.14477 59.24861 86.38667 83.94182
0086    1.72048  0.02059 -0.64844 -0.58594 63.86284 60.96668 85.91419 84.22918
0087    1.74084  0.02036 -0.64844 -0.57813 65.62999 62.68474 86.77456 85.75209
0088    1.76130  0.02045 -0.64063 -0.56250 67.44623 64.45189 87.06236 85.18734
0089    1.78134  0.02003 -0.64844 -0.54688 69.16429 66.12086 85.77307 85.09357
0090    1.80000  0.01865 -0.64844 -0.52344 70.78418 67.74075 85.14892 84.63289
0091    1.82000  0.01999 -0.64844 -0.49219 72.50224 69.40973 87.63043 83.40342
0092    1.83993  0.01992 -0.64844 -0.45313 74.22030 71.07870 86.56644 83.66926
0093    1.86066  0.02072 -0.65625 -0.44531 76.08563 72.79676 88.56403 81.95866
0094    1.88014  0.01947 -0.65625 -0.39844 77.75460 74.41665 86.16150 83.27537
0095    1.89992  0.01977 -0.65625 -0.35938 79.52175 76.03654 89.47858 83.16039
0096    1.92021  0.02028 -0.65625 -0.32813 81.33799 77.70551 90.04981 82.16444
0097    1.93992  0.01970 -0.65625 -0.28125 83.10514 79.32540 87.74478 80.99512
0098    1.95995  0.02002 -0.65625 -0.21094 84.92138 80.94529 89.62070 78.32945
0099    1.98123  0.02126 -0.66406 -0.15625 86.83579 82.61426 91.42679 76.56702
0100    2.00054  0.01930 -0.67188  0.00000 88.60294 84.03780 92.09144 74.96793
0101    2.02023  0.01969 -0.67969  0.00000 90.37009 85.55951 88.35918 78.56388
0102    2.04031  0.02007 -0.69531  0.00000 92.18633 87.13031 91.13060 77.55536
0103    2.05946  0.01914 -0.69531  0.00000 93.95348 88.60294 91.76177 77.42203
0104    2.07988  0.02041 -0.69531 -0.00781 95.76971 90.17374 89.01290 75.86119
0105    2.10057  0.02067 -0.70313  0.00000 97.68413 91.79362 92.59347 77.87464
0106    2.11943  0.01886 -0.70313  0.00000 99.45128 93.26625 92.10872 78.18784
0107    2.14026  0.02081 -0.71094  0.00000 101.36569 94.88614 92.58997 77.57865
0108    2.16002  0.01975 -0.71875  0.00000 103.13284 96.40785 90.02091 77.90801
0109    2.17938  0.01935 -0.71875  0.00000 104.94908 97.92956 93.47507 76.61124
0110    2.20000  0.02060 -0.71875  0.01575 106.86349 99.50036 91.56749 76.56762
0111    2.22010  0.02010 -0.71875  0.06299 108.67973 101.07116 90.90025 77.73836
0112    2.24134  0.02122 -0.72656  0.10236 110.59414 102.49470 93.05511 59.47044
0113    2.26029  0.01895 -0.72656  0.15748 112.36129 103.62371 90.53394 60.32258
0114    2.27992  0.01962 -0.72656  0.17323 114.17753 104.75273 92.39826 55.08672
0115    2.29997  0.02003 -0.73438  0.17323 115.99376 105.73448 88.65440 49.46043
0116    2.32010  0.02012 -0.73438  0.18898 117.76091 106.71623 88.86304 46.62832
0117    2.33956  0.01945 -0.73438  0.18898 119.52806 107.55071 90.32487 41.54606
0118    2.36043  0.02086 -0.73438  0.19685 121.44248 108.38520 91.28737 40.40123
0119    2.38023  0.01977 -0.73438  0.20472 123.16054 109.21969 87.37229 41.88997
0120    2.40033  0.02009 -0.73438  0.23622 124.97678 110.00509 91.61278 37.29033
0121    2.42042  0.02008 -0.73438  0.25984 126.74393 110.74140 88.50096 35.61608
0122    2.44053  0.02010 -0.73438  0.27559 128.51108 111.37954 85.85633 31.62376
0123    2.45989  0.01934 -0.73438  0.28346 130.13096 111.87041 82.95381 26.67821
0124    2.48034  0.02044 -0.73438  0.29921 131.79994 112.41038 79.06499 27.16083
0125    2.50039  0.02004 -0.73438  0.31496 133.32165 112.95034 76.60406 26.61182
0126    2.52038  0.01997 -0.73438  0.34646 134.84336 113.44121 75.51284 23.52579
0127    2.54039  0.02000 -0.73438  0.36220 136.36508 113.88300 74.00107 22.26216
0128    2.55989  0.01950 -0.73438  0.37008 137.78861 114.27570 73.11270 20.35466
0129    2.57936  0.01946 -0.73438  0.37008 139.21215 114.61931 72.02756 17.87369
0130    2.60157  0.02220 -0.73438  0.37008 140.73386 114.96293 69.14511 16.10908
0131    2.62003  0.01844 -0.73438  0.35433 142.01014 115.15928 67.79292 14.26703
0132    2.64020  0.02017 -0.73438  0.32283 143.33550 115.35563 65.40727 11.96381
0133    2.65994  0.01972 -0.73438  0.28346 144.61178 115.50289 63.06813  9.60570
0134    2.67982  0.01987 -0.73438  0.22835 145.88805 115.60106 63.38369  7.52369
0135    2.70023  0.02040 -0.73438  0.15748 147.11524 115.74833 61.22430  6.88066
0136    2.72013  0.01988 -0.73438  0.10236 148.29334 115.94468 59.00720  6.96411
0137    2.74050  0.02036 -0.73438  0.00000 149.56961 116.14103 60.60859  9.14022
0138    2.75956  0.01905 -0.73438  0.00000 150.64954 116.38646 57.81223 10.86174
0139    2.78150  0.02194 -0.73438 -0.00781 151.92581 116.77916 56.82640 16.97619
0140    2.79954  0.01803 -0.73438 -0.00781 152.95665 117.07369 57.35828 17.34038
0141    2.81976  0.02021 -0.73438 -0.00781 154.13475 117.46639 58.09309 17.55853
0142    2.83922  0.01945 -0.73438 -0.00781 155.21468 117.81000 57.11468 18.82323
0143    2.85927  0.02003 -0.73438 -0.00781 156.39278 118.25179 56.37511 20.95934
0144    2.87993  0.02066 -0.73438 -0.00781 157.57088 118.74266 56.94011 23.62810
0145    2.89969  0.01975 -0.73438 -0.00781 158.65080 119.28263 56.56773 26.13199
0146    2.91934  0.01963 -0.73438 -0.00781 159.82890 119.82259 59.06187 27.92498
0147    2.93969  0.02034 -0.73438 -0.00781 161.00700 120.41164 60.04330 29.22075
0148    2.96020  0.02050 -0.73438 -0.01563 162.28328 121.00069 61.30765 30.31168
0149    2.98006  0.01986 -0.73438 -0.01563 163.51046 121.63883 61.46656 30.58859
0150    3.00035  0.02027 -0.72656 -0.01563 164.73765 122.27696 60.91545 31.18350
0151    3.02006  0.01970 -0.72656 -0.00781 165.91575 122.86601 60.76727 31.76948
0152    3.04055  0.02047 -0.71094 -0.00781 167.19203 123.55324 62.74767 33.53051
0153    3.06007  0.01952 -0.69531 -0.00781 168.41921 124.24046 63.02400 35.72741
0154    3.08035  0.02026 -0.68750 -0.00781 169.74458 125.02586 63.55356 37.34864
0155    3.10098  0.02062 -0.65625  0.00000 171.02085 125.76218 61.53861 37.08313
0156    3.12005  0.01906 -0.63281  0.00000 172.24804 126.49849 64.39521 37.30677
0157    3.13988  0.01982 -0.55469  0.00000 173.47523 127.23480 63.26565 37.53369
0158    3.16010  0.02021 -0.52344  0.00000 174.75150 127.97111 60.40386 37.67167
0159    3.18031  0.02020 -0.39844  0.00000 175.97869 128.80560 60.54318 38.99857
0160    3.20062  0.02030 -0.32813  0.00000 177.15679 129.59100 56.42631 40.39326
0161    3.22018  0.01955 -0.05469  0.00000 178.18763 130.37640 53.53958 41.47795
0162    3.23999  0.01980  0.00787  0.00000 179.21846 131.25998 51.45548 42.71450
0163    3.26053  0.02053  0.03150  0.00000 180.15113 132.14355 41.80435 43.66535
0164    3.28010  0.01956  0.01575  0.00000 181.03470 132.97804 47.86713 42.43809
0165    3.30080  0.02069  0.02362 -0.00781 182.06554 133.86161 47.80280 42.33816
0166    3.32025  0.01943  0.03150 -0.00781 182.94911 134.69610 46.51367 44.81485
0167    3.33952  0.01926  0.03150 -0.00781 183.83269 135.53059 44.71626 43.33480
0168    3.35929  0.01977  0.03150 -0.00781 184.71626 136.36508 43.45526 40.84923
0169    3.38028  0.02098  0.02362 -0.00781 185.55075 137.10139 40.91409 33.52697
0170    3.39988  0.01959  0.02362 -0.00781 186.28706 137.59226 36.58046 26.04630
0171    3.42010  0.02021  0.03150 -0.00781 186.97429 138.03405 32.38902 22.56476
0172    3.44028  0.02017  0.04724 -0.00781 187.56334 138.32858 29.10234 15.77636
0173    3.46025  0.01996  0.03937 -0.00781 188.05421 138.47584 24.88379 11.84194
0174    3.48050  0.02024  0.04724 -0.00781 188.44691 138.67219 20.28912  9.51503
0175    3.49936  0.01885  0.04724 -0.00781 188.79053 138.86854 18.08487  9.17508
0176    3.52000  0.02063  0.06299 -0.00781 189.13414 139.06489 17.05443  9.75110
0177    3.54066  0.02065  0.08661 -0.00781 189.37958 139.26124 14.82769  9.89325
0178    3.56009  0.01942  0.12598 -0.00781 189.57592 139.45759 11.96464 10.28928
0179    3.58037  0.02027  0.16535  0.00000 189.67410 139.70303  9.73558 10.58670
0180    3.60016  0.01978  0.23622  0.00000 189.72319 139.85029  8.56522  9.68153
0181    3.62002  0.01984  0.30709  0.00000 189.72319 139.99755  8.56522  8.38432
0182    3.63997  0.01994  0.31496  0.00000 189.72319 140.04664  8.56522  7.54069
0183    3.66125  0.02125  0.32283  0.02362 189.72319 140.04664  8.56522  7.54069
0184    3.68055  0.01930  0.33071  0.05512 189.72319 139.99755  8.56522  7.54069
0185    3.70107  0.02051  0.34646  0.07874 189.67410 139.94846  8.56522  3.37449
0186    3.72057  0.01949  0.37795  0.11024 189.57592 139.85029  1.62718  1.44041
0187    3.74077  0.02019  0.40945  0.14173 189.42866 139.80120  0.00000  0.67258
0188    3.76137  0.02059  0.44094  0.14961 189.33049 139.70303 -0.99468 -0.63059
0189    3.78087  0.01949  0.51969  0.15748 189.13414 139.55576 -6.28890 -2.48131
0190    3.80080  0.01992  0.58268  0.14961 188.93779 139.40850 -8.37578 -5.17246
0191    3.82056  0.01975  0.65354  0.14961 188.69235 139.21215 -11.16809 -7.42498
0192    3.84104  0.02046  0.70079  0.14173 188.34874 139.01580 -14.97586 -8.93656
0193    3.86053  0.01949  0.75591  0.10236 188.00513 138.81945 -17.63074 -10.18239
0194    3.88084  0.02030  0.84252  0.02362 187.56334 138.52493 -20.47257 -12.12561
0195    3.90061  0.01976  0.90551 -0.00781 187.12155 138.23040 -23.32308 -13.97151
0196    3.92068  0.02006  0.96063 -0.00781 186.58159 137.93588 -26.60468 -15.46594
0197    3.94053  0.01984  1.00000 -0.00781 185.99254 137.59226 -29.38975 -15.73663
0198    3.95961  0.01908  1.00000 -0.00781 185.35440 137.29774 -33.14707 -15.62577
0199    3.97984  0.02022  1.00000 -0.00781 184.66718 136.90504 -33.57627 -18.67006
0200    3.99935  0.01950  1.00000 -0.00781 183.97995 136.51234 -35.27592 -20.05630
0201    4.02017  0.02080  1.00000 -0.01563 183.14546 136.07055 -42.94995 -21.64743
0202    4.03979  0.01961  1.00000 -0.01563 182.31097 135.62876 -41.70561 -22.98470
0203    4.05942  0.01962  1.00000 -0.01563 181.47649 135.08880 -44.35143 -25.39479
0204    4.07997  0.02053  1.00000 -0.00781 180.49474 134.54884 -47.78419 -26.38730
0205    4.09970  0.01972  1.00000 -0.00781 179.46390 134.00888 -52.10047 -28.44020
0206    4.12014  0.02042  1.00000  0.00000 178.43306 133.41983 -50.35287 -29.90268
0207    4.14047  0.02032  1.00000 -0.00781 177.40223 132.78169 -50.86919 -31.18508
0208    4.16026  0.01978  1.00000 -0.00781 176.37139 132.14355 -53.89937 -32.40976
0209    4.18055  0.02028  1.00000 -0.01563 175.24238 131.45633 -55.45357 -33.37696
0210    4.20058  0.02003  1.00000 -0.06250 174.11336 130.76910 -57.07484 -33.74477
0211    4.22033  0.01974  1.00000 -0.10156 172.93526 130.18005 -58.47161 -30.21039
0212    4.24026  0.01992  1.00000 -0.14063 171.80625 129.59100 -56.67026 -28.88519
0213    4.26036  0.02008  1.00000 -0.16406 170.57906 129.05104 -62.68236 -28.13078
0214    4.28048  0.02011  1.00000 -0.21094 169.35188 128.51108 -61.04044 -26.76388
0215    4.30533  0.02483  1.00000 -0.22656 167.83016 127.92203 -64.15954 -23.86549
0216    4.32341  0.01807  1.00000 -0.25781 166.55389 127.52933 -71.28335 -22.06929
0217    4.35124  0.02769  1.00000 -0.25781 164.54130 126.94028 -72.18060 -19.94130
0218    4.36375  0.01250  1.00000 -0.29688 163.60864 126.74393 -78.15236 -18.94411
0219    4.38047  0.01671  1.00000 -0.36719 162.18510 126.44940 -82.26771 -17.19620
0220    4.40035  0.01987  1.00000 -0.40625 160.71247 126.10579 -71.26731 -16.42382
0221    4.42033  0.01997  1.00000 -0.42969 159.23985 125.81126 -72.11803 -15.33726
0222    4.44158  0.02124  0.96063 -0.46875 157.61996 125.61491 -77.54984 -12.17726
0223    4.46157  0.01998  0.83465 -0.49219 156.14734 125.51674 -72.70122 -10.41657
0224    4.48138  0.01980  0.77165 -0.51563 154.77289 125.51674 -68.24248 -9.10422
0225    4.50102  0.01963  0.62205 -0.51563 153.39844 125.66400 -68.29993 -2.48640
0226    4.52177  0.02073  0.55906 -0.52344 152.07308 125.86035 -61.04841  2.50076
0227    4.54165  0.01988  0.37795 -0.53125 150.89498 126.15488 -60.87089 12.00506
0228    4.56075  0.01909  0.00787 -0.53125 149.76596 126.59666 -56.60557 21.65144
0229    4.58130  0.02054  0.00000 -0.54688 148.63695 127.08754 -52.46577 23.40174
0230    4.60060  0.01929  0.03150 -0.55469 147.70429 127.62750 -48.61015 28.62971
0231    4.62049  0.01988  0.03150 -0.56250 146.82071 128.16746 -44.18536 27.09599
0232    4.64083  0.02033  0.01575 -0.55469 145.98623 128.41290 -40.80678 16.34425
0233    4.66095  0.02011  0.04724 -0.56250 145.15174 128.65834 -41.18493 11.99434
0234    4.68001  0.01906  0.03150 -0.56250 144.46451 128.85469 -35.98579 11.16233
0235    4.70108  0.02105  0.00787 -0.55469 143.82637 129.10013 -28.24521 11.46911
0236    4.72082  0.01973 -0.01563 -0.55469 143.23733 129.24739 -31.25080 10.24798
0237    4.74037  0.01955 -0.13281 -0.55469 142.64827 129.39465 -30.31449  8.76408
0238    4.76010  0.01972 -0.15625 -0.55469 142.20649 129.64009 -23.12699  8.77742
0239    4.78023  0.02012 -0.26563 -0.55469 141.91196 129.88553 -16.48454 12.41489
0240    4.80035  0.02011 -0.33594 -0.55469 141.61744 130.18005 -17.21212 14.28750
0241    4.82045  0.02009 -0.36719 -0.55469 141.47018 130.57275 -13.26748 16.98670
0242    4.84002  0.01956 -0.36719 -0.55469 141.42109 130.96545 -10.70163 19.28577
0243    4.85988  0.01985 -0.36719 -0.55469 141.51926 131.40724 -5.36330 22.96550
0244    4.88101  0.02112 -0.37500 -0.56250 141.71561 131.89811  0.00000 22.75556
0245    4.90140  0.02038 -0.38281 -0.60156 141.96105 132.38899  6.53134 25.34601
0246    4.92188  0.02048 -0.39063 -0.62500 142.30466 132.97804 14.56181 27.09457
0247    4.94095  0.01906 -0.39063 -0.65625 142.64827 133.51800 18.44175 30.14971
0248    4.96117  0.02021 -0.39063 -0.67188 143.13915 134.25431 22.23977 36.29014
0249    4.98059  0.01942 -0.39063 -0.68750 143.58094 134.94154 23.01460 35.44057
0250    5.00093  0.02032 -0.39844 -0.68750 144.12090 135.67785 27.00194 35.44544
0251    5.01974  0.01880 -0.39844 -0.68750 144.70995 136.31599 31.36622 34.21841
0252    5.04048  0.02073 -0.39844 -0.69531 145.39718 137.00321 34.81432 33.83688
0253    5.06075  0.02026 -0.40625 -0.69531 146.18257 137.73953 36.85732 34.88050
0254    5.08063  0.01987 -0.41406 -0.69531 146.86980 138.42675 36.53214 35.81369
0255    5.10132  0.02068 -0.43750 -0.70313 147.60611 139.16306 35.73574 36.18474
0256    5.12186  0.02053 -0.45313 -0.69531 148.39151 139.99755 36.90179 39.85815
0257    5.14117  0.01930 -0.48438 -0.69531 149.07874 140.83204 36.58714 43.42259
0258    5.16188  0.02070 -0.50781 -0.70313 149.86414 141.76470 37.73407 46.06322
0259    5.18155  0.01966 -0.54688 -0.70313 150.64954 142.74645 40.61433 49.94455
0260    5.20195  0.02039 -0.56250 -0.71094 151.53311 143.77729 43.57717 51.52894
0261    5.22167  0.01971 -0.57031 -0.72656 152.36760 144.80813 44.44842 52.98480
0262    5.24011  0.01842 -0.57031 -0.75000 153.25118 145.78988 48.17577 55.72964
0263    5.26009  0.01998 -0.57031 -0.77344 154.23293 146.96798 47.46193 59.59427
0264    5.28027  0.02017 -0.57031 -0.78906 155.21468 148.19516 50.71023 60.20199
0265    5.30001  0.01972 -0.57031 -0.82813 156.24551 149.42235 50.83811 61.34212
0266    5.32036  0.02035 -0.57031 -0.92969 157.27635 150.64954 52.32595 61.54324
0267    5.34073  0.02035 -0.57031 -0.95313 158.35628 151.97490 51.85308 65.73397
0268    5.36056  0.01982 -0.57031 -0.97656 159.38711 153.30026 54.24902 66.94922
0269    5.38032  0.01974 -0.57031 -0.97656 160.46704 154.62562 52.89744 68.32037
0270    5.40069  0.02036 -0.57031 -0.98438 161.54696 156.09825 56.00623 70.83896
0271    5.41958  0.01887 -0.57031 -0.98438 162.62689 157.42361 55.29677 69.26806
0272    5.44033  0.02074 -0.57031 -0.99219 163.80499 158.89624 57.65233 74.23328
0273    5.45962  0.01928 -0.57031 -0.99219 164.93400 160.36886 57.65470 76.50974
0274    5.47934  0.01971 -0.57031 -0.99219 166.11210 161.89057 60.21196 78.40139
0275    5.49990  0.02054 -0.57031 -0.99219 167.38838 163.55955 64.30831 81.17729
0276    5.52083  0.02092 -0.57813 -0.98438 168.76283 165.32670 65.66450 83.30646
0277    5.54030  0.01946 -0.57813 -0.96094 170.08819 166.94659 66.97114 84.39644
0278    5.56147  0.02116 -0.60938 -0.90625 171.41355 168.71374 62.68317 82.85859
0279    5.58071  0.01923 -0.63281 -0.83594 172.68982 170.28454 64.66752 77.55229
0280    5.60134  0.02061 -0.68750 -0.71875 174.06428 171.85534 67.74661 78.21650
0281    5.62179  0.02044 -0.71875 -0.60938 175.43873 173.52431 69.65088 80.37447
0282    5.64063  0.01883 -0.78125 -0.53125 176.81318 174.99694 72.48009 79.38016
0283    5.66104  0.02040 -0.82813 -0.46875 178.28580 176.61683 74.34402 78.50797
0284    5.68130  0.02025 -0.86719 -0.12500 179.90569 178.23671 80.47659 78.46656
0285    5.70127  0.01996 -0.92188  0.00787 181.52558 179.75843 83.67354 77.51984
0286    5.72174  0.02045 -0.95313  0.00000 183.24364 181.13287 85.42230 61.19224
0287    5.74068  0.01893 -0.95313 -0.01563 184.91261 182.40915 87.91292 69.58226
0288    5.76054  0.01986 -0.96094 -0.01563 186.67976 183.83269 87.96964 71.42286
0289    5.78152  0.02097 -0.96875  0.00000 188.49600 185.35440 87.21085 71.25128
0290    5.80166  0.02013 -0.97656  0.01575 190.31224 186.77794 90.93898 70.04495
0291    5.82188  0.02021 -0.98438  0.05512 192.17756 188.20148 94.01034 71.42286
0292    5.84258  0.02068 -0.99219  0.09449 194.19015 189.62501 97.81699 65.36764
0293    5.86069  0.01810 -0.99219  0.13386 195.95730 190.65585 97.41806 55.86409
0294    5.88100  0.02021 -1.00000  0.14961 197.96989 191.73578 99.36640 53.35714
0295    5.90106  0.02004 -1.00000  0.18110 199.98248 192.76661 100.51705 50.35338
0296    5.92002  0.01895 -1.00000  0.22047 201.89689 193.65019 100.57162 46.29957
0297    5.94010  0.02006 -1.00000  0.25984 203.86039 194.48468 98.46350 41.28573
0298    5.96044  0.02033 -1.00000  0.30709 205.87298 195.27008 98.53267 38.09337
0299    5.98032  0.01987 -1.00000  0.33858 207.83648 196.00639 97.40356 36.92761
0300    6.00074  0.02041 -1.00000  0.38583 209.79998 196.69361 97.75173 33.42321
0301    6.02058  0.01983 -1.00000  0.40945 211.71439 197.33175 98.28803 31.19410
0302    6.04019  0.01960 -1.00000  0.44094 213.62880 197.87171 95.46940 29.36048
0303    6.06072  0.02053 -1.00000  0.44882 215.54321 198.36259 93.73389 24.20232
0304    6.07949  0.01876 -1.00000  0.44882 217.31036 198.75529 94.51718 19.84901
0305    6.09950  0.02000 -1.00000  0.44882 219.22478 199.09890 92.49576 18.47489
0306    6.12060  0.02109 -1.00000  0.45669 221.13919 199.44251 90.68111 17.44685
0307    6.13962  0.01901 -1.00000  0.45669 222.90634 199.73704 91.82614 14.67379
0308    6.16038  0.02075 -1.00000  0.47244 224.77166 199.98248 90.75740 12.76653
0309    6.17962  0.01922 -1.00000  0.47244 226.48973 200.08065 87.39329 11.37068
0310    6.19984  0.02021 -1.00000  0.48031 228.20779 200.17883 85.26132  7.61144
0311    6.22127  0.02142 -1.00000  0.48819 230.07311 200.22791 85.19030  7.01839
0312    6.23988  0.01860 -1.00000  0.48819 231.59483 200.27700 83.08157  6.04591
0313    6.25938  0.01949 -1.00000  0.48819 233.21471 200.27700 81.54476  6.04591
0314    6.28023  0.02083 -1.00000  0.50394 234.93278 200.27700 84.80762  6.04591
0315    6.30000  0.01977 -1.00000  0.51969 236.55266 200.27700 81.24850  6.04591
0316    6.32111  0.02110 -1.00000  0.53543 238.27073 200.27700 79.61448  6.04591
0317    6.34023  0.01910 -1.00000  0.55118 239.74335 200.22791 76.26190  6.04591
0318    6.35999  0.01975 -1.00000  0.55906 241.26506 200.08065 77.05258  0.95977
0319    6.37995  0.01995 -1.00000  0.55118 242.78678 199.93339 76.93483 -0.47910
0320    6.39945  0.01949 -1.00000  0.55118 244.25940 199.83521 74.45171 -1.54427
0321    6.41947  0.02001 -1.00000  0.55118 245.73203 199.68795 73.61377 -6.53416
0322    6.43935  0.01987 -1.00000  0.55118 247.20465 199.58978 77.14037 -6.15057
0323    6.46040  0.02104 -0.99219  0.55118 248.77545 199.49160 73.05775 -5.62372
0324    6.47979  0.01938 -0.99219  0.55118 250.14990 199.34434 71.91570 -5.50303
0325    6.50000  0.02020 -0.99219  0.55118 251.57344 199.14799 70.75013 -7.16194
0326    6.51998  0.01997 -0.99219  0.55118 252.99698 198.90255 70.20122 -11.37097
0327    6.54032  0.02033 -0.99219  0.54331 254.46960 198.70620 72.79826 -11.50432
0328    6.56063  0.02030 -0.99219  0.55118 255.94223 198.55894 71.80157 -9.88064
0329    6.57934  0.01869 -0.99219  0.55118 257.26759 198.41168 73.37225 -8.19652
0330    6.59956  0.02021 -0.99219  0.55118 258.69113 198.26441 67.05164 -7.28969
0331    6.61953  0.01996 -0.99219  0.55118 260.31101 197.96989 91.17207 -9.96475
0332    6.63999  0.02045 -0.99219  0.54331 262.47086 197.67536 109.01308 -17.09077
0333    6.66046  0.02046 -0.98438  0.53543 264.13984 197.47901 63.38205 -12.18795
0334    6.67947  0.01899 -0.98438  0.53543 265.46520 197.28266 71.32582 -10.21546
0335    6.70062  0.02114 -0.96875  0.48819 266.93783 196.74270 70.41016 -25.11435
0336    6.72094  0.02031 -0.93750  0.40945 268.36136 196.15365 68.92763 -28.43320
0337    6.74084  0.01989 -0.89063  0.33071 269.73581 195.66278 69.68944 -24.98397
0338    6.76091  0.02006 -0.81250  0.24409 271.11026 195.36825 67.14290 -18.91261
0339    6.78106  0.02014 -0.70313  0.07874 272.43563 195.17190 67.21415 -13.09450
0340    6.80087  0.01981 -0.61719 -0.20313 273.76099 195.12281 66.31385 -11.15816
0341    6.82049  0.01961 -0.55469 -0.13281 274.93909 195.17190 58.54413 -11.15816
0342    6.84087  0.02036 -0.53125 -0.04688 276.16628 195.22099 57.05228 -4.51391
0343    6.86060  0.01972 -0.24219  0.06299 277.24620 195.31916 56.92822 -1.89043
0344    6.88047  0.01986 -0.10938  0.02362 278.27704 195.41734 49.30320  0.00000
0345    6.90080  0.02032  0.12598 -0.00781 279.25879 195.56460 46.09003  2.31901
0346    6.91997  0.01915  0.04724 -0.00781 279.84784 195.81004 32.95492  7.53180
0347    6.94071  0.02073  0.01575  0.00000 280.38780 196.15365 25.29143 14.97926
0348    6.96074  0.02002 -0.07813 -0.00781 280.97685 196.49726 31.40535 17.93206
0349    6.98026  0.01951 -0.03125 -0.00781 281.56590 196.84087 29.03847 18.12213
0350    7.00056  0.02028  0.02362 -0.00781 282.10586 197.23358 26.95175 17.60248
0351    7.02117  0.02060  0.03150  0.00000 282.59674 197.62628 24.60711 18.51901
0352    7.04004  0.01887  0.01575  0.00000 283.03853 197.96989 22.43790 19.07081
0353    7.06161  0.02156  0.02362 -0.00781 283.43123 198.41168 19.69578 19.78976
0354    7.08008  0.01846  0.02362  0.00000 283.77484 198.75529 18.39665 19.71877
0355    7.09985  0.01976  0.03150  0.00000 284.11845 199.14799 16.67360 19.13511
0356    7.12020  0.02034  0.02362  0.00000 284.46206 199.49160 16.44569 18.81493
0357    7.13950  0.01928  0.02362  0.00000 284.75659 199.83521 16.34664 17.85000
0358    7.15980  0.02029  0.02362  0.00000 285.05111 200.17883 15.69662 16.77451
0359    7.17958  0.01977  0.02362  0.00000 285.34564 200.47335 14.98484 15.81593
0360    7.19932  0.01973  0.02362  0.00000 285.64016 200.76788 14.01643 15.36541
0361    7.22050  0.02116  0.02362  0.00000 285.88560 201.11149 13.42450 14.62574
0362    7.23985  0.01935  0.02362  0.00000 286.18013 201.35693 13.43135 13.77657
0363    7.26002  0.02016  0.02362  0.00000 286.42556 201.60236 12.93296 12.72646
0364    7.27977  0.01974  0.02362  0.00000 286.62191 201.84780 11.78397 12.05094
0365    7.29931  0.01953  0.02362  0.00000 286.81826 202.04415 10.69510 11.66218
0366    7.31946  0.02014  0.02362  0.00000 287.01461 202.24050 10.09444 11.09383
0367    7.33959  0.02011  0.02362  0.00000 287.21096 202.43685  9.81828 10.33707
0368    7.35937  0.01977  0.02362  0.00000 287.40731 202.63320  9.49838  9.38351
0369    7.37932  0.01994  0.02362  0.00000 287.55458 202.78046  8.93866  8.74934
0370    7.39980  0.02048  0.02362  0.00000 287.70184 202.92773  8.08706  8.04783
0371    7.41944  0.01963  0.02362  0.00000 287.80001 203.02590  7.53773  7.45930
0372    7.43925  0.01979  0.02362  0.00000 287.89819 203.12408  6.86048  6.83956
0373    7.45994  0.02068  0.02362  0.00000 288.04545 203.27134  5.95852  5.95262
0374    7.47937  0.01942  0.02362  0.00000 288.09454 203.32043  5.69589  5.69290
0375    7.50029  0.02092  0.03937  0.00000 288.19271 203.41860  5.10017  5.14322
0376    7.51940  0.01909  0.03937  0.00000 288.24180 203.46769  4.79735  4.82372
0377    7.53943  0.02002  0.03937  0.00000 288.29089 203.51678  4.47039  4.46281
0378    7.56047  0.02102  0.06299  0.00000 288.33998 203.56586  3.91229  3.98360
0379    7.58007  0.01960  0.07087  0.00000 288.33998 203.61495  3.91229  3.33573
0380    7.59998  0.01988  0.07874  0.00000 288.33998 203.61495  3.91229  3.33573
0381    7.62053  0.02054  0.11024  0.00000 288.33998 203.61495  3.91229  3.33573
0382    7.63995  0.01942  0.13386  0.00000 288.33998 203.61495  3.91229  3.33573
0383    7.66014  0.02018  0.16535  0.00000 288.29089 203.61495  3.91229  3.33573
0384    7.67957  0.01933  0.16535  0.00000 288.29089 203.56586  3.91229  3.33573
0385    7.69945  0.01987  0.16535  0.00000 288.24180 203.46769  1.53471  1.18838
0386    7.71972  0.02026  0.16535  0.00000 288.14363 203.41860  0.73598  0.76269
0387    7.74039  0.02066  0.14961  0.00000 288.09454 203.36951  0.36537  0.36391
0388    7.76069  0.02030  0.11811  0.00000 287.99636 203.36951 -0.35743  0.36391
0389    7.78036  0.01965  0.10236  0.00000 287.94728 203.32043 -0.70668  0.00000
0390    7.79988  0.01951  0.12598  0.00000 287.89819 203.27134 -1.04521 -0.32747
0391    7.81992  0.02004  0.16535  0.00000 287.84910 203.22225 -1.35045 -0.63468
0392    7.84063  0.02070  0.25984  0.00000 287.80001 203.17316 -1.69388 -0.92667
0393    7.86032  0.01968  0.32283  0.00000 287.75093 203.17316 -2.91952 -0.92667
0394    7.88013  0.01980  0.55118  0.00000 287.70184 203.12408 -2.98619 -1.22233
0395    7.90017  0.02003  0.68504  0.00000 287.55458 203.07499 -3.19728 -1.57519
0396    7.91995  0.01977  0.81102  0.00000 287.35823 203.02590 -4.62371 -2.16658
0397    7.94045  0.02049  0.83465  0.00000 287.16188 202.92773 -8.48351 -2.22489
0398    7.96098  0.02051  0.84252  0.00000 286.86735 202.82955 -11.97474 -2.54307
0399    7.98067  0.01968  0.85827  0.00000 286.57283 202.73137 -14.66853 -3.03612
0400    8.00169  0.02101  0.87402 -0.01563 286.18013 202.58411 -17.75156 -4.47378
0401    8.02179  0.02009  0.92126 -0.02344 285.78743 202.43685 -19.85206 -6.13251
0402    8.04124  0.01943  0.93701 -0.03125 285.34564 202.24050 -22.00695 -8.10067
0403    8.06083  0.01959  0.93701 -0.06250 284.85476 201.99506 -24.14975 -10.12125
0404    8.07993  0.01909  0.93701 -0.07813 284.36389 201.74963 -26.31685 -11.53959
0405    8.10033  0.02039  0.94488 -0.09375 283.77484 201.50419 -30.07932 -12.03652
0406    8.12129  0.02095  0.93701 -0.10938 283.08761 201.25875 -30.84073 -12.25942
0407    8.14019  0.01889  0.93701 -0.14063 282.49856 201.01331 -32.40527 -12.66894
0408    8.16041  0.02021  0.93701 -0.15625 281.81134 200.76788 -33.68965 -13.15627
0409    8.18033  0.01991  0.93701 -0.17969 281.12411 200.47335 -34.79890 -13.37547
0410    8.20011  0.01977  0.93701 -0.21875 280.38780 200.22791 -37.08958 -13.04597
0411    8.22154  0.02141  0.88976 -0.25000 279.60240 199.98248 -37.77705 -12.61534
0412    8.24085  0.01930  0.79528 -0.28125 278.86609 199.73704 -37.56428 -12.32733
0413    8.26117  0.02031  0.73228 -0.33594 278.12978 199.49160 -35.78223 -12.05058
0414    8.27957  0.01839  0.73228 -0.33594 277.44255 199.29525 -36.29229 -11.57504
0415    8.30051  0.02093  0.67717 -0.35938 276.70624 199.09890 -35.42587 -10.47923
0416    8.32083  0.02031  0.46457 -0.40625 276.01901 198.95164 -34.56927 -9.27905
0417    8.34111  0.02027  0.08661 -0.42969 275.38088 198.80438 -31.96571 -7.91731
0418    8.36039  0.01927 -0.17969 -0.44531 274.89000 198.75529 -25.48802 -7.24902
0419    8.37999  0.01959 -0.17969 -0.50781 274.49730 198.70620 -19.58557 -6.55285
0420    8.40198  0.02198 -0.17969 -0.50781 274.44821 198.70620 -18.07468 -6.55285
0421    8.42078  0.01879  0.01575 -0.57813 274.20278 198.75529 -9.79405 -6.55285
0422    8.44099  0.02019  0.11024 -0.60156 273.90825 198.85346 -14.43850 -2.05247
0423    8.46072  0.01972  0.03937 -0.60156 273.71190 199.00073 -12.92516  0.00000
0424    8.48010  0.01936  0.02362 -0.60156 273.51555 199.14799 -11.08736  2.11355
0425    8.50040  0.02029  0.00000 -0.60156 273.31920 199.34434 -9.17719  8.69193
0426    8.52071  0.02030  0.02362 -0.62500 273.27011 199.58978 -8.50143 11.10793
0427    8.53959  0.01888  0.02362 -0.62500 273.27011 199.88430 -8.50143 13.51160
0428    8.56050  0.02090  0.02362 -0.64063 273.31920 200.22791 -8.50143 16.16172
0429    8.57941  0.01890  0.02362 -0.64063 273.41738 200.62061 -2.59467 19.51972
0430    8.60001  0.02056  0.00787 -0.64063 273.56464 201.06240  0.00000 21.69235
0431    8.62055  0.02053  0.00000 -0.64063 273.76099 201.55327  3.31971 23.85500
0432    8.64003  0.01947 -0.02344 -0.64063 273.95734 202.09324  9.01272 26.27473
0433    8.66108  0.02104 -0.04688 -0.64844 274.15369 202.68229 10.03588 28.34029
0434    8.68069  0.01960 -0.06250 -0.64844 274.39912 203.27134 10.31384 30.28821
0435    8.70113  0.02043 -0.07031 -0.65625 274.59548 203.90948 10.61355 31.19132
0436    8.72032  0.01918 -0.07813 -0.65625 274.84091 204.54761 11.05059 32.82841
0437    8.74060  0.02027 -0.08594 -0.65625 275.03726 205.23484 11.21430 34.81050
0438    8.75978  0.01917 -0.08594 -0.65625 275.28270 205.92206 11.41550 36.22961
0439    8.78070  0.02090 -0.09375 -0.65625 275.52814 206.70746 11.97655 37.48396
0440    8.79957  0.01886 -0.09375 -0.65625 275.77358 207.44378 12.54849 38.50891
0441    8.82132  0.02174 -0.10156 -0.66406 276.06810 208.27826 12.83295 40.33617
0442    8.84213  0.02080 -0.10156 -0.66406 276.31354 209.21093 12.27350 43.04901
0443    8.86071  0.01847 -0.10938 -0.67188 276.46080 209.99632 11.41430 43.63508
0444    8.88010  0.01938 -0.10938 -0.68750 276.65715 210.87990  9.87690 44.04323
0445    8.90082  0.02071 -0.10938 -0.70313 276.85350 211.76348  9.68970 44.49778
0446    8.92003  0.01918 -0.10938 -0.71094 277.09894 212.59796 11.13163 43.53716
0447    8.94046  0.02042 -0.11719 -0.71094 277.34438 213.48154 11.86726 43.20893
0448    8.96044  0.01997 -0.12500 -0.71094 277.58981 214.36511 11.86039 42.08985
0449    8.98011  0.01966 -0.14844 -0.71094 277.83525 215.15051 12.37324 42.32466
0450    9.00023  0.02010 -0.16406 -0.71094 278.12978 216.03409 13.23763 42.64918
0451    9.02060  0.02037 -0.19531 -0.71875 278.42430 216.96675 14.59888 45.84596
0452    9.04081  0.02020 -0.21094 -0.71094 278.86609 217.99759 21.55390 53.85413
0453    9.06065  0.01982 -0.25000 -0.71094 279.35696 219.12660 24.74449 56.79583
0454    9.08013  0.01947 -0.26563 -0.71094 279.94601 220.10835 28.33055 51.28346
0455    9.10055  0.02041 -0.30469 -0.68750 280.58415 221.18828 33.37583 52.49018
0456    9.12097  0.02032 -0.33594 -0.66406 281.27138 222.31729 33.42412 55.85488
0457    9.14083  0.01985 -0.35938 -0.62500 281.95860 223.44630 34.94406 57.00690
0458    9.16117  0.02033 -0.39063 -0.57031 282.64583 224.57531 34.25147 55.76351
0459    9.18118  0.02000 -0.43750 -0.53906 283.38214 225.65524 35.38526 54.99938
0460    9.20066  0.01946 -0.48438 -0.49219 284.06936 226.73516 37.31003 52.84391
0461    9.22098  0.02031 -0.50000 -0.46875 284.90385 227.71691 41.35251 49.03307
0462    9.24079  0.01981 -0.51563 -0.45313 285.73834 228.69866 40.88581 49.04140
0463    9.26033  0.01952 -0.51563 -0.44531 286.57283 229.63133 44.09328 47.32785
0464    9.27984  0.01950 -0.51563 -0.44531 287.45640 230.56399 45.88346 48.18192
0465    9.29943  0.01957 -0.51563 -0.44531 288.38906 231.49665 46.37064 46.41822
0466    9.32059  0.02116 -0.51563 -0.45313 289.37081 232.47840 48.12925 46.65913
0467    9.34043  0.01983 -0.51563 -0.46094 290.35256 233.41106 49.89277 47.73981
0468    9.36124  0.02080 -0.51563 -0.46875 291.43249 234.44190 52.03171 51.28239
0469    9.38069  0.01944 -0.51563 -0.47656 292.51241 235.47274 53.91979 54.45726
0470    9.40176  0.02106 -0.51563 -0.50000 293.64142 236.65084 55.83359 55.50405
0471    9.42143  0.01966 -0.51563 -0.50781 294.77044 237.77985 57.19521 57.39516
0472    9.44014  0.01870 -0.51563 -0.53906 295.85036 238.85977 58.22712 58.67184
0473    9.46066  0.02051 -0.51563 -0.57031 297.02846 240.08696 57.08214 58.29142
0474    9.48020  0.01952 -0.51563 -0.58594 298.15748 241.21598 57.78059 60.24152
0475    9.49995  0.01974 -0.51563 -0.60938 299.33558 242.44316 58.59795 60.28443
0476    9.52045  0.02049 -0.51563 -0.62500 300.51368 243.67035 59.76259 61.49736
0477    9.53931  0.01885 -0.51563 -0.62500 301.69178 244.84845 59.54475 62.04223
0478    9.56098  0.02166 -0.50781 -0.65625 302.96805 246.17381 60.44998 60.95933
0479    9.58092  0.01993 -0.50000 -0.66406 304.19524 247.40100 60.57157 63.51245
0480    9.60104  0.02012 -0.49219 -0.67188 305.42243 248.67728 61.84486 63.54451
0481    9.62198  0.02093 -0.48438 -0.67969 306.69870 250.05173 61.78647 65.16977
0482    9.63986  0.01787 -0.48438 -0.68750 307.82771 251.27891 63.18340 67.99341
0483    9.65945  0.01957 -0.48438 -0.68750 309.05490 252.60428 62.81954 70.54018
0484    9.68020  0.02075 -0.47656 -0.68750 310.42935 254.12599 65.21003 71.89095
0485    9.69998  0.01977 -0.47656 -0.69531 311.75471 255.54953 66.60222 73.34867
0486    9.71963  0.01964 -0.47656 -0.69531 313.03099 257.02215 66.53677 75.73069
0487    9.73937  0.01973 -0.47656 -0.69531 314.40544 258.49478 67.63926 73.71381
0488    9.76000  0.02062 -0.47656 -0.68750 315.77989 260.06558 67.72558 76.24414
0489    9.77947  0.01945 -0.47656 -0.68750 317.10525 261.53820 68.25102 76.78140
0490    9.79934  0.01986 -0.47656 -0.68750 318.47970 263.05991 69.53987 77.25449
0491    9.81974  0.02039 -0.47656 -0.68750 319.90324 264.63071 69.37133 76.94267
0492    9.83978  0.02003 -0.47656 -0.68750 321.27769 266.20151 68.89909 77.03383
0493    9.86007  0.02028 -0.47656 -0.67969 322.70123 267.77231 71.37197 78.89598
0494    9.88004  0.01996 -0.47656 -0.67188 324.12476 269.34311 71.45457 80.04419
0495    9.90065  0.02060 -0.47656 -0.66406 325.64648 270.96300 72.43463 78.58464
0496    9.92031  0.01965 -0.47656 -0.64063 327.07001 272.58289 72.84633 81.34342
0497    9.94055  0.02023 -0.46875 -0.61719 328.54264 274.20278 73.51785 80.05724
0498    9.96114  0.02058 -0.46094 -0.53906 330.06435 275.82266 74.59483 80.11081
0499    9.98047  0.01932 -0.45313 -0.50000 331.53698 277.39346 74.50708 79.40263
0500   10.00077  0.02029 -0.44531 -0.44531 333.00960 278.96426 73.81357 77.96493
0501   10.02046  0.01968 -0.44531 -0.40625 334.43314 280.48598 70.66152 75.94100
0502   10.04109  0.02062 -0.43750 -0.35156 335.90576 282.00769 70.92596 74.49577
0503   10.06188  0.02078 -0.42969 -0.30469 337.42748 283.57849 72.78854 73.25017
0504   10.08108  0.01919 -0.42188 -0.24219 338.80193 285.00203 71.51494 77.19860
0505   10.10034  0.01925 -0.42188 -0.23438 340.17638 286.47465 72.41486 71.71555
0506   10.12105  0.02070 -0.42188 -0.25000 341.64900 287.89819 70.35667 69.40713
0507   10.14088  0.01982 -0.41406 -0.28125 343.07254 289.27264 72.07144 69.64594
0508   10.16047  0.01958 -0.41406 -0.31250 344.44699 290.64709 70.52650 68.52781
0509   10.18082  0.02034 -0.41406 -0.35156 345.87053 292.02154 69.38947 67.36958
0510   10.19993  0.01910 -0.41406 -0.39063 347.19589 293.29781 66.91271 65.84507
0511   10.22029  0.02035 -0.41406 -0.42188 348.52125 294.62318 65.55576 65.31024
0512   10.24005  0.01975 -0.41406 -0.43750 349.84661 295.94854 67.06172 66.60900
0513   10.26023  0.02016 -0.41406 -0.45313 351.17198 297.37208 66.68410 70.78431
0514   10.28042  0.02018 -0.41406 -0.46094 352.54643 298.79561 67.21001 71.17328
0515   10.29938  0.01888 -0.41406 -0.46094 353.82270 300.17006 67.00222 72.66893
0516   10.31986  0.02047 -0.41406 -0.46094 355.19715 301.59360 66.75166 70.18215
0517   10.33963  0.01976 -0.41406 -0.46094 356.47343 302.96805 66.28340 68.27143
0518   10.35934  0.01970 -0.41406 -0.46094 357.74970 304.29341 65.15550 69.12613
0519   10.37934  0.02000 -0.41406 -0.46094 359.02598 305.66786 63.43939 67.78122
0520   10.40071  0.02136 -0.41406 -0.45313 360.44951 307.14049 65.21176 69.39340
0521   10.41971  0.01899 -0.41406 -0.45313 361.67670 308.41676 64.60497 66.96977
0522   10.43959  0.01987 -0.41406 -0.45313 362.95298 309.79121 65.81108 67.41214
0523   10.45953  0.01994 -0.41406 -0.45313 364.22925 311.11658 64.34034 67.75923
0524   10.48012  0.02058 -0.41406 -0.46094 365.55461 312.54011 64.44847 67.70550
0525   10.49948  0.01934 -0.41406 -0.46094 366.78180 313.86548 63.38246 68.56131
0526   10.52041  0.02093 -0.41406 -0.46094 368.15625 315.28901 64.54805 68.44802
0527   10.54207  0.02165 -0.41406 -0.46094 369.57979 316.76164 65.41424 68.30088
0528   10.56055  0.01847 -0.41406 -0.47656 370.80697 318.03791 66.16592 69.46361
0529   10.57999  0.01943 -0.41406 -0.48438 372.03416 319.41236 64.57310 70.23788
0530   10.60005  0.02004 -0.41406 -0.49219 373.40861 320.83590 66.46694 69.64050
0531   10.61991  0.01985 -0.41406 -0.49219 374.73398 322.21035 66.71582 71.13048
0532   10.63938  0.01946 -0.41406 -0.49219 376.01025 323.63389 64.97310 71.69512
0533   10.65924  0.01985 -0.41406 -0.49219 377.33561 325.00834 65.54920 70.16710
0534   10.67982  0.02057 -0.41406 -0.49219 378.66098 326.43188 64.88550 69.43659
0535   10.69929  0.01946 -0.41406 -0.49219 379.88816 327.80633 64.83365 68.92473
0536   10.72032  0.02101 -0.41406 -0.48438 381.26261 329.22986 66.15923 68.72305
0537   10.73960  0.01927 -0.41406 -0.48438 382.53889 330.60431 65.32023 69.43315
0538   10.75952  0.01991 -0.41406 -0.48438 383.86425 331.97876 66.29191 70.43441
0539   10.78027  0.02074 -0.40625 -0.48438 385.23870 333.45139 67.10114 70.63204
0540   10.80030  0.02002 -0.40625 -0.46875 386.56406 334.87493 66.19357 70.95877
0541   10.82085  0.02054 -0.40625 -0.45313 387.98760 336.29846 67.60386 71.33308
0542   10.84119  0.02033 -0.39063 -0.43750 389.31296 337.77109 67.24453 70.44856
0543   10.86084  0.01964 -0.38281 -0.41406 390.63833 339.14554 66.32774 69.94514
0544   10.88088  0.02003 -0.36719 -0.37500 391.96369 340.51999 64.80669 68.26621
0545   10.90148  0.02059 -0.33594 -0.32813 393.28905 341.89444 65.31893 67.54061
0546   10.92106  0.01957 -0.32031 -0.28906 394.56533 343.21980 63.64379 67.06950
0547   10.94043  0.01935 -0.28125 -0.21875 395.74343 344.49608 62.27719 66.17037
0548   10.96065  0.02021 -0.25781 -0.16406 397.01970 345.87053 62.10463 65.59694
0549   10.98066  0.02000 -0.18750 -0.01563 398.24689 347.09771 62.35828 63.52149
0550   11.00088  0.02021 -0.10938  0.02362 399.47407 348.37399 59.52417 63.64090
0551   11.02158  0.02069  0.03150  0.00000 400.60309 349.65026 55.86600 60.01064
0552   11.03922  0.01763  0.03150  0.00000 401.63393 350.68110 60.16915 60.79813
0553   11.06141  0.02218  0.02362  0.00787 402.91020 352.05555 57.45058 60.19572
0554   11.08063  0.01920  0.01575  0.00000 403.99013 353.18456 56.37090 59.48198
0555   11.10058  0.01994  0.02362  0.00787 405.11914 354.36266 55.08517 58.52982
0556   11.12071  0.02012  0.03150  0.00787 406.19906 355.54076 54.85740 57.48422
0557   11.13984  0.01912  0.02362  0.00787 407.22990 356.62069 53.71946 56.78039
0558   11.15947  0.01962  0.02362  0.00787 408.26074 357.70061 52.62467 55.50812
0559   11.17982  0.02034  0.02362  0.00787 409.29157 358.82963 51.07456 53.26768
0560   11.19987  0.02004  0.02362  0.00787 410.32241 359.90955 50.37793 54.00848
0561   11.21941  0.01953  0.02362  0.00787 411.30416 360.94039 49.91458 53.17075
0562   11.23995  0.02053  0.02362  0.00787 412.33500 362.02031 49.16592 52.04385
0563   11.25975  0.01979  0.02362  0.00787 413.31675 363.00206 49.38231 50.40276
0564   11.27966  0.01990  0.02362  0.00787 414.24941 364.03290 47.76791 50.54366
0565   11.29960  0.01993  0.02362  0.00787 415.23116 365.01465 47.61755 49.93667
0566   11.31934  0.01974  0.02362  0.00787 416.11474 365.99640 46.66933 48.64604
0567   11.33946  0.02011  0.02362  0.00787 417.04740 366.92906 45.29851 48.18287
0568   11.35944  0.01997  0.02362  0.00787 417.93098 367.91081 45.43225 47.29456
0569   11.37951  0.02006  0.02362  0.00787 418.86364 368.79439 45.65090 45.51840
0570   11.39943  0.01991  0.02362  0.00787 419.74721 369.72705 44.33581 45.50954
0571   11.41916  0.01972  0.02362  0.00787 420.58170 370.61062 42.69963 45.13274
0572   11.43938  0.02021  0.02362  0.00787 421.46528 371.49420 42.00288 43.18422
0573   11.45989  0.02050  0.02362  0.00787 422.29976 372.37778 40.60123 42.52835
0574   11.48018  0.02028  0.02362  0.00787 423.08516 373.21226 40.80712 42.19042
0575   11.49966  0.01948  0.02362  0.00787 423.87056 373.99766 39.31387 40.18921
0576   11.51964  0.01997  0.02362  0.00787 424.65596 374.83215 38.76298 39.74262
0577   11.53982  0.02017  0.02362  0.00787 425.44136 375.61755 39.26545 38.86041
0578   11.56036  0.02053  0.03150  0.00787 426.22676 376.40295 37.27094 38.56034
0579   11.58057  0.02020  0.03937  0.00787 426.96308 377.18835 36.48652 37.98651
0580   11.59983  0.01925  0.04724  0.00787 427.65030 377.87557 35.90643 37.21583
0581   11.62030  0.02046  0.05512  0.00787 428.28844 378.61189 30.60862 35.45721
0582   11.63942  0.01911  0.05512  0.00787 428.82840 379.29911 27.77951 34.67733
0583   11.66001  0.02058  0.04724  0.00787 429.36836 379.98634 28.23782 33.41786
0584   11.67969  0.01968  0.04724  0.00787 429.90833 380.62448 25.21912 31.88639
0585   11.69943  0.01972  0.04724  0.00787 430.39920 381.21353 24.73302 30.53389
0586   11.71966  0.02022  0.04724  0.00787 430.84099 381.80258 23.89552 29.38034
0587   11.73967  0.02000  0.04724  0.00787 431.28278 382.39163 22.61003 28.02662
0588   11.76056  0.02089  0.04724  0.00787 431.72456 382.93159 21.24761 26.64085
0589   11.78030  0.01973  0.03937  0.00787 432.11726 383.42246 20.13582 25.18483
0590   11.79930  0.01898  0.03937  0.00787 432.46088 383.86425 18.61127 23.64301
0591   11.82081  0.02151  0.04724  0.00000 432.85358 384.30604 17.21801 21.48029
0592   11.84024  0.01941  0.03937  0.00000 433.14810 384.69874 15.59745 19.97262
0593   11.85926  0.01902  0.03937  0.00000 433.39354 385.04235 14.49591 18.08178
0594   11.88031  0.02103  0.03937  0.00787 433.68806 385.38596 13.31869 16.10760
0595   11.89972  0.01918  0.03937  0.00787 433.88441 385.63140 12.62919 14.64874
0596   11.91951  0.01977  0.03937  0.00787 434.12985 385.87684 11.79250 13.28849
0597   11.93986  0.02034  0.03937  0.00787 434.32620 386.12228 11.20435 12.10569
0999 9999.00000 9999.00000 999.00000 999.00000 9999.00000 9999.00000 999.00000 999.00000
