0000    0.00057  0.00056  0.00787  0.00787  0.00000  0.00000  0.00000  0.00000
0001    0.01984  0.01911  0.00787  0.00787  0.00000  0.00000  0.00000  0.00000
0002    0.04088  0.02101  0.00000  0.00787  0.00000  0.00000  0.00000  0.00000
0003    0.06078  0.01987 -0.02344  0.00000  0.00000  0.00000  0.00000  0.00000
0004    0.08042  0.01962 -0.04688  0.00000  0.00000  0.00000  0.00000  0.00000
0005    0.10128  0.02083 -0.06250 -0.01563  0.00000  0.00000  0.00000  0.00000
0006    0.12116  0.01985 -0.07813 -0.03125  0.00000  0.00000  0.00000  0.00000
0007    0.14139  0.02020 -0.10156 -0.07031  0.00000  0.00000  0.00000  0.00000
0008    0.16130  0.01987 -0.12500 -0.10938  0.04909  0.00000  0.11703  0.00000
0009    0.18134  0.02002 -0.14844 -0.14844  0.04909  0.00000  0.11703  0.00000
0010    0.20195  0.02057 -0.17969 -0.17969  0.04909  0.04909  0.11703  0.00000
0011    0.22091  0.01890 -0.22656 -0.21875  0.09818  0.04909  0.23407  0.00000
0012    0.24120  0.02025 -0.23438 -0.24219  0.14726  0.09818  0.35110  0.00000
0013    0.26160  0.02037 -0.26563 -0.27344  0.19635  0.14726  0.46813  2.27350
0014    0.28078  0.01916 -0.28125 -0.28906  0.24544  0.19635  0.58517  2.59669
0015    0.30031  0.01950 -0.29688 -0.28906  0.34361  0.24544  0.81924  2.92196
0016    0.32114  0.02076 -0.30469 -0.29688  0.49088  0.39270  1.17034  3.64181
0017    0.34039  0.01922 -0.31250 -0.29688  0.58905  0.49088  3.84156  4.04989
0018    0.36030  0.01989 -0.32031 -0.29688  0.78540  0.63814  6.34324  5.10453
0019    0.38050  0.02017 -0.32031 -0.28906  0.98175  0.78540  8.06323  6.63652
0020    0.40025  0.01972 -0.32813 -0.28906  1.17810  0.98175  9.41841  8.06117
0021    0.42117  0.02089 -0.33594 -0.28906  1.42354  1.17810 10.65902  9.16704
0022    0.44080  0.01960 -0.34375 -0.28906  1.61989  1.37445 11.37020  9.95934
0023    0.46052  0.01966 -0.35156 -0.28906  1.91441  1.61989 12.61158 10.79566
0024    0.48073  0.02018 -0.35156 -0.29688  2.20894  1.86533 13.77033 11.73985
0025    0.50043  0.01967 -0.35938 -0.29688  2.50346  2.15985 14.62631 12.95468
0026    0.52024  0.01978 -0.37500 -0.29688  2.79799  2.40529 15.79458 14.02238
0027    0.54060  0.02033 -0.38281 -0.29688  3.19069  2.74890 17.40568 15.44358
0028    0.55980  0.01916 -0.38281 -0.29688  3.53430  3.09251 19.09147 16.83373
0029    0.58057  0.02074 -0.39063 -0.29688  3.97609  3.43613 20.21097 17.85734
0030    0.59988  0.01928 -0.39063 -0.29688  4.36879  3.82883 21.05246 18.53520
0031    0.61970  0.01980 -0.39063 -0.29688  4.81058  4.22153 22.00656 19.22576
0032    0.64022  0.02049 -0.39063 -0.29688  5.25236  4.61423 21.86667 19.61335
0033    0.65997  0.01973 -0.39063 -0.29688  5.74324  5.00693 23.42576 20.25187
0034    0.68030  0.02026 -0.39063 -0.29688  6.23411  5.44871 24.14719 20.83652
0035    0.70006  0.01973 -0.39063 -0.29688  6.72499  5.84141 25.42584 21.07207
0036    0.71976  0.01968 -0.39063 -0.29688  7.21586  6.28320 25.28101 21.75088
0037    0.74036  0.02057 -0.39844 -0.29688  7.75583  6.72499 26.54175 22.52469
0038    0.75998  0.01959 -0.39844 -0.29688  8.29579  7.21586 27.51495 23.37745
0039    0.78053  0.02052 -0.40625 -0.29688  8.88484  7.70674 28.36698 24.38222
0040    0.79987  0.01931 -0.40625 -0.29688  9.47389  8.19761 29.33802 25.21730
0041    0.82036  0.02047 -0.40625 -0.30469 10.06294  8.73758 30.70540 26.17114
0042    0.84008  0.01969 -0.40625 -0.30469 10.70108  9.27754 31.09993 27.16760
0043    0.86034  0.02022 -0.40625 -0.30469 11.33921  9.81750 32.42892 27.51588
0044    0.88064  0.02027 -0.40625 -0.30469 12.02644 10.35746 32.50031 27.30352
0045    0.90031  0.01964 -0.40625 -0.30469 12.66458 10.94651 32.48107 28.16806
0046    0.92153  0.02118 -0.40625 -0.31250 13.35180 11.53556 32.86478 28.38658
0047    0.93982  0.01817 -0.40625 -0.31250 13.94085 12.07552 33.49231 28.99173
0048    0.95979  0.01994 -0.40625 -0.31250 14.62807 12.66458 34.42007 29.35776
0049    0.98054  0.02072 -0.40625 -0.31250 15.36439 13.30271 34.56927 30.43186
0050    0.99972  0.01911 -0.40625 -0.31250 16.05161 13.84268 35.13226 30.59965
0051    1.01970  0.01995 -0.40625 -0.31250 16.73884 14.48081 35.53409 31.15618
0052    1.04055  0.02082 -0.40625 -0.32031 17.47515 15.16804 35.86144 31.94553
0053    1.05992  0.01934 -0.40625 -0.32031 18.21146 15.80618 36.52425 33.05823
0054    1.08131  0.02136 -0.40625 -0.32813 18.99686 16.49340 38.17350 33.50385
0055    1.09989  0.01855 -0.40625 -0.32813 19.73318 17.13154 37.85498 34.58961
0056    1.12033  0.02041 -0.40625 -0.33594 20.51858 17.86785 38.64610 35.16952
0057    1.14041  0.02005 -0.40625 -0.33594 21.30398 18.55508 39.19537 35.27934
0058    1.16121  0.02078 -0.39844 -0.34375 22.08938 19.29139 39.30711 35.36551
0059    1.17987  0.01863 -0.39844 -0.34375 22.82569 19.97861 39.20132 35.76438
0060    1.20062  0.02072 -0.39844 -0.35156 23.66018 20.71493 39.88519 35.93284
0061    1.22045  0.01980 -0.39844 -0.35938 24.44557 21.45124 39.97891 36.27486
0062    1.23988  0.01940 -0.39844 -0.35938 25.23098 22.13846 39.94946 35.85123
0063    1.26086  0.02095 -0.39844 -0.36719 26.06546 22.87478 40.56701 35.83827
0064    1.28017  0.01928 -0.39844 -0.36719 26.85086 23.61109 40.96360 37.32308
0065    1.30119  0.02100 -0.39844 -0.37500 27.73444 24.39649 40.94788 37.70784
0066    1.32102  0.01980 -0.39844 -0.38281 28.56893 25.18189 41.84283 39.18583
0067    1.34065  0.01960 -0.39844 -0.38281 29.40341 25.96729 42.59219 40.78254
0068    1.36070  0.02002 -0.39844 -0.39063 30.23790 26.80178 42.04245 41.10647
0069    1.38245  0.02171 -0.39844 -0.39063 31.17056 27.68535 43.89416 42.47775
0070    1.39986  0.01738 -0.39844 -0.39063 31.95596 28.42166 44.49616 42.84629
0071    1.42020  0.02031 -0.39844 -0.39063 32.88863 29.30524 44.50605 42.90378
0072    1.44123  0.02100 -0.39844 -0.39844 33.82129 30.23790 44.72156 42.90434
0073    1.45995  0.01868 -0.39844 -0.39844 34.65578 31.02330 44.48588 42.84106
0074    1.48030  0.02027 -0.39844 -0.39844 35.53935 31.90688 43.74220 42.69276
0075    1.49997  0.01965 -0.39844 -0.39844 36.42293 32.74136 45.68489 43.10534
0076    1.52020  0.02020 -0.39844 -0.39844 37.35559 33.62494 44.79604 43.08623
0077    1.54070  0.02047 -0.39844 -0.39844 38.23916 34.50851 45.08880 43.56866
0078    1.56030  0.01957 -0.39844 -0.39844 39.17183 35.39209 46.03104 44.04362
0079    1.58258  0.02222 -0.39063 -0.40625 40.20266 36.37384 46.96425 44.68085
0080    1.60023  0.01761 -0.39063 -0.40625 41.03715 37.15924 47.45344 45.77051
0081    1.62099  0.02073 -0.38281 -0.40625 42.01890 38.14099 47.91549 47.17434
0082    1.64327  0.02224 -0.38281 -0.40625 43.09883 39.17183 46.59535 46.99190
0083    1.66154  0.01825 -0.36719 -0.42188 43.98240 40.05540 48.64363 48.44010
0084    1.68042  0.01885 -0.36719 -0.42188 44.86598 40.93898 46.91398 48.47286
0085    1.70016  0.01971 -0.36719 -0.42188 45.79864 41.92073 48.43197 48.57575
0086    1.72008  0.01989 -0.36719 -0.42188 46.78039 42.85339 48.65399 48.05527
0087    1.74032  0.02021 -0.36719 -0.42188 47.71305 43.83514 46.16633 47.76303
0088    1.76050  0.02014 -0.36719 -0.42188 48.69480 44.81689 47.64250 47.77651
0089    1.78042  0.01990 -0.36719 -0.42188 49.62746 45.74955 47.53731 47.94708
0090    1.80190  0.02145 -0.36719 -0.42188 50.65830 46.78039 47.67350 48.80638
0091    1.81996  0.01803 -0.36719 -0.42188 51.54188 47.66396 48.56374 49.03332
0092    1.84014  0.02014 -0.36719 -0.42188 52.52363 48.64571 49.12951 49.04238
0093    1.86016  0.01999 -0.36719 -0.42188 53.50538 49.67655 48.26981 49.88136
0094    1.88038  0.02019 -0.36719 -0.42188 54.48713 50.70739 48.99857 51.47788
0095    1.89982  0.01941 -0.36719 -0.42188 55.41979 51.68914 48.00405 51.27033
0096    1.92001  0.02017 -0.36719 -0.42188 56.40154 52.76906 49.51406 52.00911
0097    1.93998  0.01994 -0.36719 -0.42188 57.38329 53.79990 49.09928 52.38375
0098    1.96013  0.02012 -0.36719 -0.42188 58.41413 54.83074 49.53680 50.56631
0099    1.98053  0.02037 -0.36719 -0.42188 59.39588 55.86158 49.41313 51.81149
0100    2.00019  0.01964 -0.36719 -0.42188 60.37763 56.89241 48.54453 51.33924
0101    2.02004  0.01982 -0.36719 -0.42188 61.31029 57.87416 48.55557 50.81022
0102    2.04037  0.02030 -0.36719 -0.42188 62.34113 58.95409 48.36135 51.12562
0103    2.06019  0.01980 -0.36719 -0.42188 63.27379 59.93584 48.83041 50.91061
0104    2.08087  0.02065 -0.36719 -0.42188 64.30463 60.96668 48.88731 50.08034
0105    2.10010  0.01920 -0.36719 -0.42188 65.28637 61.99751 50.26470 51.94170
0106    2.12009  0.01996 -0.36719 -0.42188 66.26813 63.02835 49.95116 52.98194
0107    2.14023  0.02011 -0.36719 -0.42188 67.29896 64.10827 50.93597 53.21427
0108    2.15997  0.01971 -0.36719 -0.42188 68.28071 65.13911 50.18120 53.51449
0109    2.18013  0.02013 -0.36719 -0.42188 69.31155 66.26813 52.45232 54.50775
0110    2.20024  0.02004 -0.36719 -0.42188 70.39148 67.34805 51.36019 54.04833
0111    2.22043  0.02017 -0.36719 -0.42188 71.42231 68.42798 52.52022 53.95861
0112    2.24041  0.01994 -0.36719 -0.42188 72.45315 69.50790 51.33092 53.87304
0113    2.26056  0.02012 -0.36719 -0.42188 73.48399 70.58783 50.83048 53.35163
0114    2.28050  0.01991 -0.36719 -0.42188 74.51483 71.66775 51.81887 53.06269
0115    2.30070  0.02017 -0.36719 -0.42188 75.54566 72.69859 50.50440 52.64668
0116    2.32100  0.02028 -0.37500 -0.42188 76.57650 73.72942 50.98623 51.29257
0117    2.34026  0.01923 -0.37500 -0.42188 77.55825 74.76026 52.59450 52.80497
0118    2.36011  0.01968 -0.37500 -0.42188 78.63818 75.84019 52.38039 54.16641
0119    2.37985  0.01971 -0.37500 -0.42188 79.66901 76.87103 53.41113 54.44367
0120    2.40033  0.02046 -0.37500 -0.42188 80.74894 78.00004 51.97359 54.96767
0121    2.42032  0.01995 -0.37500 -0.42188 81.82886 79.12905 54.73873 55.15852
0122    2.44043  0.02007 -0.37500 -0.42188 82.90879 80.25806 54.03672 55.39381
0123    2.45986  0.01939 -0.37500 -0.42188 83.98871 81.28890 55.66991 55.00277
0124    2.47998  0.02009 -0.37500 -0.42188 85.06864 82.41791 54.45394 54.79249
0125    2.50055  0.02041 -0.38281 -0.42188 86.19765 83.54693 54.42767 54.35234
0126    2.51999  0.01941 -0.38281 -0.42188 87.27758 84.57776 54.61175 54.32768
0127    2.54153  0.02152 -0.39063 -0.41406 88.40659 85.75586 52.68228 52.97393
0128    2.55978  0.01822 -0.39063 -0.41406 89.38834 86.73761 52.60324 53.77066
0129    2.58275  0.02294 -0.39063 -0.41406 90.61553 87.96480 53.46931 54.24063
0130    2.60067  0.01789 -0.40625 -0.41406 91.54819 88.94655 53.93727 54.63394
0131    2.62023  0.01953 -0.40625 -0.41406 92.62811 90.02648 54.55409 55.09599
0132    2.64100  0.02074 -0.40625 -0.41406 93.75713 91.15549 55.28245 55.89463
0133    2.65987  0.01883 -0.40625 -0.41406 94.83705 92.23541 55.44104 56.02796
0134    2.67994  0.02004 -0.40625 -0.41406 95.91698 93.36443 55.91182 56.55112
0135    2.70004  0.02008 -0.40625 -0.41406 97.09508 94.49344 56.49417 56.21307
0136    2.72079  0.02071 -0.41406 -0.41406 98.22409 95.62245 54.29192 55.75242
0137    2.74009  0.01927 -0.41406 -0.41406 99.30401 96.70238 56.20020 55.48899
0138    2.76049  0.02038 -0.41406 -0.41406 100.43303 97.83139 55.53733 54.20021
0139    2.78012  0.01960 -0.41406 -0.41406 101.46386 98.91131 54.79800 54.24663
0140    2.80029  0.02014 -0.41406 -0.41406 102.59287 99.99124 56.10545 54.91355
0141    2.82002  0.01970 -0.41406 -0.41406 103.72189 101.12025 55.66738 56.25752
0142    2.84039  0.02034 -0.41406 -0.41406 104.80181 102.24926 55.49181 55.57757
0143    2.86046  0.02004 -0.41406 -0.41406 105.93083 103.37828 55.17898 56.33758
0144    2.88020  0.01971 -0.41406 -0.41406 107.01075 104.45820 56.42922 56.13143
0145    2.89968  0.01946 -0.41406 -0.41406 108.13976 105.58721 57.02379 56.93813
0146    2.92060  0.02089 -0.41406 -0.41406 109.31786 106.76531 57.73540 57.58436
0147    2.94077  0.02014 -0.41406 -0.41406 110.49596 107.94341 56.68892 56.86063
0148    2.96044  0.01964 -0.41406 -0.41406 111.62497 109.07243 56.75512 56.83891
0149    2.98063  0.02016 -0.41406 -0.41406 112.75399 110.20144 56.79254 56.39227
0150    3.00109  0.02043 -0.40625 -0.41406 113.93209 111.37954 57.23055 56.15230
0151    3.02020  0.01909 -0.40625 -0.41406 115.01201 112.45946 56.81752 57.43142
0152    3.04014  0.01991 -0.40625 -0.41406 116.14103 113.58848 56.62189 56.40912
0153    3.06046  0.02029 -0.40625 -0.41406 117.27004 114.71749 55.33074 55.63805
0154    3.08078  0.02029 -0.40625 -0.41406 118.39905 115.84650 54.60355 56.63398
0155    3.09978  0.01898 -0.40625 -0.41406 119.47897 116.97551 56.95993 57.40322
0156    3.12078  0.02097 -0.40625 -0.42188 120.65707 118.15361 56.85964 57.72759
0157    3.14044  0.01963 -0.40625 -0.42188 121.83517 119.33171 58.41177 58.34616
0158    3.16006  0.01959 -0.40625 -0.42188 122.96419 120.46073 57.36062 57.97748
0159    3.17988  0.01978 -0.40625 -0.42188 124.09320 121.58974 58.28208 58.29316
0160    3.20011  0.02020 -0.40625 -0.42188 125.27130 122.81693 58.19364 58.71816
0161    3.22003  0.01989 -0.40625 -0.42188 126.44940 123.94594 58.36489 57.30504
0162    3.24078  0.02073 -0.40625 -0.42188 127.67659 125.17313 59.75241 59.04588
0163    3.25993  0.01912 -0.40625 -0.42188 128.80560 126.30214 58.51308 59.04553
0164    3.28025  0.02025 -0.40625 -0.42188 129.98370 127.48024 59.03062 59.04091
0165    3.30061  0.02033 -0.40625 -0.42188 131.21089 128.70743 58.11682 59.82997
0166    3.32005  0.01942 -0.40625 -0.42188 132.33990 129.88553 60.42171 59.43552
0167    3.34042  0.02033 -0.40625 -0.42188 133.56709 131.06363 60.28480 59.73641
0168    3.36023  0.01979 -0.40625 -0.42188 134.74519 132.24173 60.66739 58.89993
0169    3.37990  0.01964 -0.40625 -0.42188 135.92329 133.41983 59.89019 59.43588
0170    3.39991  0.01999 -0.40625 -0.42188 137.15048 134.64701 61.23958 59.91578
0171    3.41996  0.02002 -0.40625 -0.42188 138.32858 135.82511 59.78661 59.33709
0172    3.44033  0.02034 -0.40625 -0.42188 139.55576 137.00321 59.75714 58.98557
0173    3.45994  0.01958 -0.40625 -0.42188 140.73386 138.18131 60.33481 59.09493
0174    3.48111  0.02114 -0.40625 -0.42188 142.01014 139.45759 60.33444 60.31220
0175    3.50031  0.01916 -0.40625 -0.42188 143.13915 140.58660 59.20434 59.92090
0176    3.52087  0.02054 -0.39844 -0.42188 144.36634 141.86288 60.59288 60.73757
0177    3.53975  0.01885 -0.39844 -0.42188 145.54444 142.99189 58.84592 59.69863
0178    3.56021  0.02043 -0.39063 -0.42188 146.77163 144.21908 60.59288 59.73096
0179    3.58044  0.02020 -0.37500 -0.42188 147.94973 145.39718 58.85544 59.73532
0180    3.60041  0.01994 -0.36719 -0.42188 149.12783 146.62436 59.02529 61.01237
0181    3.62043  0.01997 -0.35156 -0.42188 150.35501 147.80246 59.00862 60.55924
0182    3.64097  0.02051 -0.33594 -0.42188 151.53311 149.02965 57.28130 59.84383
0183    3.66065  0.01965 -0.32031 -0.42188 152.66213 150.20775 58.07213 59.60548
0184    3.68087  0.02020 -0.29688 -0.42188 153.84023 151.43494 56.97117 60.11242
0185    3.70109  0.02020 -0.27344 -0.42188 154.96924 152.66213 55.12507 59.29301
0186    3.72114  0.02002 -0.27344 -0.42969 156.04916 153.84023 53.69126 59.47765
0187    3.74146  0.02030 -0.26563 -0.42969 157.12909 155.01833 54.69542 59.67432
0188    3.76064  0.01914 -0.25781 -0.42969 158.15993 156.19643 53.04864 59.21469
0189    3.78044  0.01978 -0.23438 -0.42969 159.23985 157.37453 52.80099 59.16866
0190    3.80056  0.02009 -0.23438 -0.43750 160.31978 158.55263 53.37338 58.62384
0191    3.82089  0.02029 -0.21094 -0.44531 161.39970 159.73073 52.92339 59.04446
0192    3.84036  0.01942 -0.20313 -0.44531 162.43054 160.90883 53.05753 59.14976
0193    3.86125  0.02086 -0.17969 -0.45313 163.51046 162.13601 52.24353 58.88333
0194    3.88052  0.01923 -0.14844 -0.45313 164.49221 163.26503 51.83967 59.96445
0195    3.89979  0.01923 -0.14844 -0.45313 165.47396 164.44313 50.00637 60.08703
0196    3.92036  0.02055 -0.12500 -0.45313 166.50480 165.67031 48.53373 59.42221
0197    3.94235  0.02189 -0.12500 -0.45313 167.53564 166.94659 46.74065 59.16473
0198    3.96127  0.01883 -0.06250 -0.46094 168.41921 168.07560 46.22240 58.52075
0199    3.98117  0.01988 -0.02344 -0.46094 169.30279 169.20461 44.79502 57.57727
0200    4.00033  0.01913  0.00000 -0.46094 170.18636 170.33362 48.33826 57.87051
0201    4.02097  0.02061  0.00787 -0.46094 171.16811 171.51172 47.83914 57.15126
0202    4.03982  0.01883  0.00787 -0.46094 172.05169 172.59165 46.14116 56.98142
0203    4.05985  0.01999  0.00787 -0.46094 172.98435 173.72066 44.81935 55.67244
0204    4.07990  0.02003  0.00787 -0.46094 173.86792 174.80059 45.43330 55.82058
0205    4.09975  0.01981  0.00787 -0.46094 174.80059 175.92960 46.48305 56.62810
0206    4.12023  0.02046 -0.00781 -0.46094 175.73325 177.10770 45.12009 56.63724
0207    4.14075  0.02048 -0.03906 -0.46094 176.66591 178.23671 45.06107 56.20953
0208    4.16096  0.02018 -0.07031 -0.46094 177.54949 179.41481 45.38143 56.76660
0209    4.18086  0.01987 -0.07813 -0.46094 178.43306 180.54383 42.20584 56.58012
0210    4.19983  0.01894 -0.07813 -0.46094 179.16938 181.57466 40.45134 56.70889
0211    4.22027  0.02042 -0.07031 -0.46094 180.00386 182.75276 39.95548 56.28010
0212    4.24016  0.01986 -0.07031 -0.46094 180.78926 183.83269 39.19647 55.40162
0213    4.26062  0.02043 -0.03906 -0.46094 181.57466 185.01079 37.05668 55.62481
0214    4.28028  0.01963  0.00787 -0.46094 182.26189 186.09071 36.63397 54.68384
0215    4.30625  0.02595  0.00787 -0.46094 183.24364 187.51425 37.86637 54.99846
0216    4.32850  0.02222  0.01575 -0.46094 184.07813 188.74144 37.84754 55.37506
0217    4.34986  0.02132  0.02362 -0.46094 184.91261 189.91954 39.58191 54.81728
0218    4.36329  0.01340  0.03150 -0.46094 185.45258 190.65585 39.15317 54.33700
0219    4.38133  0.01802  0.03937 -0.46875 186.13980 191.63760 38.11171 54.41922
0220    4.40101  0.01965  0.04724 -0.46875 186.92520 192.71753 38.96112 54.77018
0221    4.42177  0.02073  0.04724 -0.47656 187.66151 193.79745 35.82088 53.62908
0222    4.44078  0.01897  0.04724 -0.47656 188.25056 194.82829 31.06725 53.09541
0223    4.46113  0.02032  0.06299 -0.47656 188.88870 195.90821 30.81421 52.75163
0224    4.48052  0.01936  0.07874 -0.47656 189.47775 196.88996 30.81450 51.01643
0225    4.50173  0.02119  0.10236 -0.48438 190.11589 197.96989 29.68182 50.35338
0226    4.52100  0.01923  0.11024 -0.48438 190.65585 198.95164 28.97428 50.18607
0227    4.54061  0.01959  0.13386 -0.48438 191.19581 199.93339 27.59709 49.16198
0228    4.56029  0.01965  0.14961 -0.48438 191.73578 200.86605 25.91669 49.42482
0229    4.58050  0.02018  0.15748 -0.48438 192.17756 201.89689 24.13384 49.28860
0230    4.60049  0.01996  0.16535 -0.48438 192.66844 202.87864 22.63813 47.91432
0231    4.62027  0.01975  0.17323 -0.48438 193.06114 203.81130 20.64599 46.88463
0232    4.64039  0.02003  0.18110 -0.48438 193.40475 204.74396 18.22913 46.43864
0233    4.65971  0.01929  0.18110 -0.48438 193.69928 205.57845 16.63033 44.31600
0234    4.68000  0.02027  0.18110 -0.48438 193.99380 206.46202 15.31407 42.88298
0235    4.70051  0.02047  0.17323 -0.48438 194.28833 207.29651 13.75744 40.90352
0236    4.71976  0.01922  0.17323 -0.48438 194.53376 208.08191 13.48769 40.81628
0237    4.74050  0.02071  0.17323 -0.48438 194.82829 208.91640 14.11662 39.45100
0238    4.76071  0.02018  0.16535 -0.48438 195.12281 209.70180 13.32086 39.06328
0239    4.78011  0.01937  0.16535 -0.48438 195.31916 210.43811 12.69971 37.27971
0240    4.79978  0.01957  0.16535 -0.48438 195.56460 211.17442 12.22516 36.54505
0241    4.82043  0.02062  0.15748 -0.48438 195.81004 211.91074 11.86114 35.62254
0242    4.84029  0.01983  0.14961 -0.48438 196.05548 212.59796 11.56975 34.93660
0243    4.86055  0.02023  0.11811 -0.48438 196.25183 213.28519 11.13336 34.28556
0244    4.88050  0.01992  0.07874 -0.48438 196.44818 213.97241 10.40279 33.47883
0245    4.90051  0.01994  0.04724 -0.48438 196.69361 214.61055 10.34032 32.31418
0246    4.92033  0.01979  0.03937 -0.48438 196.88996 215.24869 10.81220 31.66251
0247    4.93982  0.01947  0.03937 -0.48438 197.13540 215.83774 11.45839 31.25756
0248    4.96008  0.02023  0.03937 -0.48438 197.38084 216.47588 11.76890 31.82705
0249    4.97979  0.01968  0.03937 -0.48438 197.57719 217.11401 11.70804 32.12596
0250    4.99984  0.02001  0.03937 -0.48438 197.82263 217.75215 11.55349 31.58621
0251    5.02020  0.02034  0.03937 -0.48438 198.06806 218.39029 11.33124 31.12517
0252    5.03991  0.01968  0.03937 -0.48438 198.26441 218.97934 11.33928 30.79961
0253    5.05988  0.01994  0.03937 -0.48438 198.50985 219.56839 11.76265 30.18095
0254    5.08074  0.02084  0.03937 -0.48438 198.75529 220.20653 12.31590 29.81406
0255    5.10009  0.01932  0.03937 -0.48438 199.00073 220.79557 12.54985 29.55245
0256    5.12097  0.02085  0.03937 -0.49219 199.29525 221.38463 12.97460 29.40868
0257    5.14019  0.01919  0.03937 -0.49219 199.54069 221.97368 13.33957 29.38201
0258    5.16023  0.02001  0.03937 -0.49219 199.83521 222.56273 13.73117 29.08854
0259    5.18108  0.02082  0.03937 -0.50000 200.12974 223.15178 13.58243 28.93090
0260    5.20009  0.01898  0.03937 -0.50000 200.37517 223.69174 13.45504 28.16386
0261    5.22071  0.02059  0.03937 -0.50781 200.66970 224.28079 13.32167 28.07190
0262    5.24017  0.01944  0.03937 -0.50781 200.91514 224.86984 13.41168 29.26936
0263    5.26031  0.02011  0.03937 -0.51563 201.16058 225.45889 13.50262 29.36347
0264    5.28037  0.02002  0.03937 -0.52344 201.45510 226.04794 13.26453 30.48118
0265    5.29988  0.01949  0.03937 -0.52344 201.70054 226.63699 13.28202 30.84868
0266    5.32109  0.02118  0.04724 -0.53125 201.99506 227.32421 13.26652 31.36752
0267    5.34073  0.01959  0.03937 -0.53125 202.24050 227.96235 13.10776 31.87759
0268    5.36029  0.01953  0.03937 -0.53906 202.48594 228.55140 12.75865 31.83108
0269    5.38030  0.01999  0.03937 -0.54688 202.73137 229.23862 12.74677 33.64670
0270    5.40101  0.02068  0.04724 -0.54688 203.02590 229.92585 12.75940 33.80752
0271    5.42138  0.02034  0.07087 -0.55469 203.27134 230.61308 12.69965 34.28760
0272    5.44054  0.01913  0.08661 -0.55469 203.51678 231.30030 12.35145 34.91958
0273    5.46078  0.02020  0.08661 -0.56250 203.71313 232.03661 11.76924 36.65380
0274    5.48017  0.01936  0.07874 -0.56250 203.90948 232.77293 11.08074 36.99106
0275    5.50042  0.02022  0.04724 -0.56250 204.10583 233.50924 10.35026 37.23136
0276    5.52059  0.02014  0.04724 -0.55469 204.30218 234.24555  9.84539 38.06649
0277    5.54032  0.01970  0.01575 -0.55469 204.49853 235.03095  9.24425 38.27441
0278    5.56049  0.02013  0.03150 -0.55469 204.69488 235.81635  9.24673 38.57867
0279    5.58029  0.01977  0.00787 -0.55469 204.89123 236.55266  9.40638 38.67746
0280    5.60133  0.02101 -0.02344 -0.54688 205.03849 237.43624  9.84140 41.55520
0281    5.62129  0.01994 -0.09375 -0.54688 205.23484 238.27073  9.15507 42.59348
0282    5.63961  0.01829 -0.09375 -0.54688 205.43119 239.05613  9.59529 43.07659
0283    5.66076  0.02112 -0.13281 -0.53906 205.67663 239.98879 10.83074 43.85318
0284    5.68109  0.02030 -0.16406 -0.52344 205.92206 240.87236 11.47609 43.98443
0285    5.70089  0.01977 -0.19531 -0.51563 206.16750 241.75594 12.43999 44.01637
0286    5.72096  0.02003 -0.20313 -0.50781 206.51111 242.63951 14.48812 43.62790
0287    5.74098  0.02000 -0.21094 -0.50000 206.90381 243.47400 19.78808 43.43008
0288    5.76035  0.01934 -0.21094 -0.49219 207.34560 244.35758 21.50230 44.27622
0289    5.78103  0.02065 -0.21094 -0.48438 207.78739 245.24115 21.39402 44.57091
0290    5.80069  0.01963 -0.21094 -0.47656 208.22918 246.12472 21.82229 45.09626
0291    5.82097  0.02026 -0.21094 -0.47656 208.67096 247.05739 22.13841 45.37828
0292    5.84179  0.02079 -0.21875 -0.43750 209.16184 247.99005 23.65121 44.91717
0293    5.86133  0.01951 -0.23438 -0.42969 209.60363 248.87363 23.44080 43.71104
0294    5.88133  0.01998 -0.24219 -0.41406 210.09450 249.70811 24.68340 43.51131
0295    5.90162  0.02026 -0.25000 -0.39063 210.63446 250.64078 24.84342 44.83450
0296    5.92150  0.01985 -0.25781 -0.37500 211.12534 251.52435 26.15803 44.27922
0297    5.94126  0.01973 -0.27344 -0.35156 211.66530 252.35884 27.01204 43.63896
0298    5.96044  0.01915 -0.27344 -0.34375 212.20526 253.19333 29.06262 43.07659
0299    5.98053  0.02005 -0.27344 -0.32813 212.84340 254.07690 30.02734 42.60698
0300    6.00223  0.02168 -0.28125 -0.32031 213.53063 254.96048 31.77544 41.85603
0301    6.02078  0.01852 -0.28125 -0.30469 214.11968 255.74587 32.94098 41.03740
0302    6.04084  0.02003 -0.28125 -0.28906 214.80690 256.53128 34.23260 40.04462
0303    6.06083  0.01996 -0.28125 -0.28125 215.49413 257.31668 35.47643 39.22810
0304    6.08142  0.02057 -0.28906 -0.26563 216.23044 258.15116 35.27605 38.79637
0305    6.10296  0.02151 -0.28906 -0.26563 217.01584 258.93656 35.75604 37.21964
0306    6.12094  0.01794 -0.28906 -0.25000 217.65398 259.57470 35.84966 36.67434
0307    6.14046  0.01949 -0.28906 -0.24219 218.34120 260.26193 35.26515 35.12359
0308    6.16037  0.01989 -0.28906 -0.22656 219.02843 260.99824 34.26355 35.13365
0309    6.17993  0.01953 -0.28906 -0.22656 219.71565 261.68546 36.13307 35.19763
0310    6.20027  0.02031 -0.28906 -0.21875 220.45196 262.37269 36.10065 33.21481
0311    6.22031  0.02001 -0.28906 -0.21094 221.18828 263.05991 36.15876 34.10287
0312    6.24061  0.02027 -0.28906 -0.20313 221.92459 263.74714 36.60774 34.64576
0313    6.25992  0.01928 -0.28906 -0.20313 222.61181 264.38528 36.39171 34.12836
0314    6.28098  0.02104 -0.29688 -0.20313 223.39721 265.12159 36.22520 34.43094
0315    6.29974  0.01873 -0.29688 -0.20313 224.08444 265.75973 35.84049 34.23141
0316    6.31988  0.02011 -0.29688 -0.20313 224.77166 266.44695 35.70428 33.94299
0317    6.34119  0.02129 -0.28906 -0.21094 225.55706 267.18326 35.57246 33.62019
0318    6.35972  0.01849 -0.28906 -0.21094 226.19520 267.77231 35.47528 33.10572
0319    6.38036  0.02061 -0.28906 -0.21875 226.93151 268.45954 34.59375 32.92441
0320    6.40051  0.02012 -0.28906 -0.22656 227.61874 269.14676 34.48173 32.56327
0321    6.42059  0.02006 -0.28906 -0.25000 228.30596 269.78490 34.89290 32.62875
0322    6.44108  0.02046 -0.27344 -0.28125 229.04228 270.42304 34.54446 32.72685
0323    6.46143  0.02031 -0.26563 -0.29688 229.72950 271.11026 34.18338 33.46651
0324    6.48108  0.01963 -0.24219 -0.31250 230.41672 271.79749 34.32044 33.86816
0325    6.50185  0.02073 -0.23438 -0.34375 231.10395 272.48471 32.31216 34.05130
0326    6.52142  0.01955 -0.21094 -0.35938 231.69300 273.17194 32.28750 34.61425
0327    6.54082  0.01937 -0.20313 -0.37500 232.33114 273.85916 32.57029 34.98391
0328    6.56086  0.02002 -0.20313 -0.39844 232.96928 274.54639 31.91635 34.63256
0329    6.58117  0.02027 -0.19531 -0.41406 233.60741 275.28270 31.11313 37.00904
0330    6.60073  0.01953 -0.19531 -0.42188 234.24555 276.01901 31.85587 37.24958
0331    6.62107  0.02032 -0.19531 -0.43750 234.88369 276.80441 31.58540 38.62876
0332    6.64020  0.01910 -0.19531 -0.43750 235.47274 277.58981 30.37593 39.89881
0333    6.66063  0.02040 -0.19531 -0.45313 236.06179 278.37521 29.87948 40.72435
0334    6.68017  0.01952 -0.19531 -0.45313 236.65084 279.16061 29.50085 40.16159
0335    6.70071  0.02050 -0.19531 -0.46875 237.23989 280.04419 29.08742 41.67427
0336    6.72069  0.01996 -0.19531 -0.47656 237.87803 280.87868 29.89158 41.83213
0337    6.74047  0.01975 -0.19531 -0.48438 238.46708 281.71316 29.94080 43.39495
0338    6.76019  0.01969 -0.19531 -0.49219 239.05613 282.59674 29.59003 43.92185
0339    6.78048  0.02027 -0.19531 -0.50000 239.64518 283.48031 29.88011 45.47813
0340    6.80038  0.01986 -0.19531 -0.50781 240.23423 284.41298 29.40040 45.80917
0341    6.82000  0.01960 -0.19531 -0.50781 240.82328 285.29655 30.15721 46.75891
0342    6.84063  0.02060 -0.19531 -0.51563 241.41233 286.27830 29.33794 47.35525
0343    6.85979  0.01913 -0.19531 -0.51563 242.00138 287.16188 29.24765 46.79858
0344    6.87973  0.01991 -0.19531 -0.51563 242.59042 288.14363 29.21823 49.12336
0345    6.90008  0.02032 -0.19531 -0.51563 243.17948 289.17446 29.56526 49.54005
0346    6.92174  0.02163 -0.20313 -0.51563 243.81761 290.25439 29.56669 50.34331
0347    6.94015  0.01838 -0.20313 -0.51563 244.40666 291.18705 31.53123 50.45457
0348    6.95985  0.01967 -0.20313 -0.51563 244.99571 292.16880 32.36425 50.47688
0349    6.98036  0.02047 -0.21875 -0.51563 245.68294 293.19964 33.56743 50.43228
0350    7.00054  0.02015 -0.22656 -0.51563 246.37016 294.23048 34.13928 51.58607
0351    7.02090  0.02034 -0.24219 -0.50781 247.10648 295.31040 35.52444 52.38850
0352    7.04085  0.01992 -0.25781 -0.50000 247.84279 296.34124 36.48326 52.35274
0353    7.06121  0.02033 -0.27344 -0.49219 248.57910 297.37208 36.74627 51.92549
0354    7.08107  0.01983 -0.28125 -0.48438 249.31541 298.40291 36.27606 51.40591
0355    7.10103  0.01994 -0.30469 -0.46875 250.14990 299.43375 43.68129 49.60312
0356    7.12123  0.02017 -0.32031 -0.44531 250.98439 300.41550 41.88639 51.16052
0357    7.14090  0.01964 -0.33594 -0.43750 251.72070 301.39725 37.34949 49.82870
0358    7.16192  0.02100 -0.35156 -0.42188 252.55519 302.47718 41.78389 48.67064
0359    7.18127  0.01932 -0.35938 -0.41406 253.38967 303.40984 42.98004 49.23397
0360    7.20121  0.01991 -0.37500 -0.39063 254.27325 304.39159 43.42048 48.42958
0361    7.22151  0.02027 -0.38281 -0.38281 255.15683 305.37334 44.78153 47.59169
0362    7.24090  0.01936 -0.39844 -0.36719 256.04040 306.25691 45.80425 47.68207
0363    7.26037  0.01943 -0.39844 -0.35938 256.92398 307.18958 46.48107 47.38038
0364    7.28159  0.02119 -0.39844 -0.35938 257.95481 308.22041 48.43675 47.12543
0365    7.30093  0.01931 -0.40625 -0.35156 258.88748 309.10399 46.54895 46.61548
0366    7.31985  0.01889 -0.40625 -0.35156 259.77105 309.98756 49.00199 47.15712
0367    7.34028  0.02036 -0.40625 -0.35156 260.80189 310.96931 49.10493 46.84391
0368    7.36027  0.01997 -0.40625 -0.35156 261.78364 311.90198 48.98512 45.97370
0369    7.38064  0.02034 -0.40625 -0.35156 262.76539 312.83464 50.13610 46.80862
0370    7.40047  0.01980 -0.40625 -0.35156 263.74714 313.76730 48.19091 46.85196
0371    7.42071  0.02021 -0.40625 -0.35156 264.72889 314.69996 49.28637 46.59911
0372    7.44001  0.01927 -0.40625 -0.35156 265.66155 315.63263 49.26189 47.39136
0373    7.45983  0.01979 -0.40625 -0.35156 266.64330 316.56529 49.59811 47.16301
0374    7.47979  0.01994 -0.40625 -0.35156 267.67414 317.49795 50.12432 48.70637
0375    7.50156  0.02174 -0.39844 -0.35938 268.75406 318.57788 49.93642 48.97461
0376    7.51967  0.01808 -0.39844 -0.35938 269.63764 319.46145 48.30757 48.77922
0377    7.53991  0.02021 -0.39844 -0.35938 270.66848 320.44320 50.66286 49.06493
0378    7.55997  0.02004 -0.39844 -0.35938 271.65023 321.42495 50.10053 48.24704
0379    7.57971  0.01971 -0.39844 -0.35938 272.68106 322.35761 51.13654 48.37232
0380    7.60043  0.02069 -0.39844 -0.36719 273.66281 323.38845 48.62869 48.04069
0381    7.62003  0.01958 -0.39844 -0.36719 274.64456 324.32111 50.29560 47.27748
0382    7.64051  0.02045 -0.39844 -0.38281 275.67540 325.25378 49.55255 47.96605
0383    7.66088  0.02034 -0.39844 -0.39063 276.70624 326.28461 49.63397 48.82021
0384    7.68024  0.01933 -0.39844 -0.39844 277.63890 327.21728 50.45431 49.65581
0385    7.69980  0.01954 -0.39844 -0.39844 278.66974 328.19903 51.81094 51.36959
0386    7.72069  0.02086 -0.39844 -0.40625 279.70058 329.27895 51.08891 50.60332
0387    7.74045  0.01973 -0.39844 -0.41406 280.73141 330.30979 52.50618 52.67380
0388    7.76033  0.01984 -0.39844 -0.42188 281.76225 331.34063 51.17759 52.00911
0389    7.77994  0.01958 -0.39844 -0.42188 282.79309 332.37146 52.52753 53.31628
0390    7.80033  0.02036 -0.39844 -0.42969 283.82393 333.45139 50.31880 52.59760
0391    7.82159  0.02123 -0.39844 -0.42969 284.95294 334.58040 52.22074 52.68086
0392    7.84032  0.01870 -0.39844 -0.42969 285.88560 335.56215 51.11844 52.41507
0393    7.85995  0.01959 -0.39844 -0.42969 286.91644 336.59299 50.14275 52.00112
0394    7.88100  0.02103 -0.39063 -0.42969 287.94728 337.62383 51.46088 49.21645
0395    7.90030  0.01927 -0.38281 -0.42969 288.92902 338.65466 50.03670 53.18457
0396    7.91990  0.01957 -0.38281 -0.42969 289.91078 339.68550 50.05966 52.43215
0397    7.94070  0.02077 -0.37500 -0.42969 290.99070 340.76543 52.04358 52.48989
0398    7.95988  0.01915 -0.37500 -0.42969 291.97245 341.79626 51.57252 54.32497
0399    7.97968  0.01977 -0.37500 -0.42969 293.00329 342.92528 53.31425 55.98323
0400    7.99998  0.02027 -0.37500 -0.42969 294.13230 344.05429 53.52470 58.00659
0401    8.01993  0.01992 -0.37500 -0.42969 295.21223 345.23239 54.82707 59.12447
0402    8.04032  0.02036 -0.38281 -0.42969 296.29215 346.45958 53.84586 58.51134
0403    8.06011  0.01976 -0.38281 -0.42969 297.37208 347.58859 54.61935 56.43961
0404    8.08042  0.02029 -0.38281 -0.42969 298.50109 348.71760 52.83396 56.36184
0405    8.10063  0.02018 -0.38281 -0.42969 299.53193 349.84661 52.48933 55.39225
0406    8.12109  0.02043 -0.37500 -0.42969 300.61185 350.97563 53.37716 56.23529
0407    8.14014  0.01902 -0.37500 -0.42969 301.59360 352.05555 51.25829 55.58764
0408    8.16192  0.02175 -0.37500 -0.42969 302.72261 353.28274 52.35330 56.53646
0409    8.17976  0.01781 -0.37500 -0.42969 303.65528 354.31358 52.65854 56.52474
0410    8.19982  0.02003 -0.37500 -0.42969 304.68611 355.44259 51.41452 56.94209
0411    8.22067  0.02083 -0.38281 -0.42969 305.76604 356.62069 52.76637 57.40221
0412    8.23980  0.01910 -0.38281 -0.42969 306.79688 357.74970 52.13782 58.26202
0413    8.25968  0.01985 -0.38281 -0.42969 307.82771 358.92780 53.93905 60.26149
0414    8.28146  0.02176 -0.38281 -0.42969 309.00581 360.20408 54.07333 59.10027
0415    8.30057  0.01907 -0.38281 -0.41406 310.08574 361.38218 55.50969 60.01797
0416    8.32005  0.01946 -0.38281 -0.41406 311.16566 362.51119 53.68304 57.38812
0417    8.34078  0.02070 -0.38281 -0.39844 312.19650 363.68929 50.25569 58.63469
0418    8.36085  0.02004 -0.38281 -0.39063 313.22734 364.86739 52.64978 57.78773
0419    8.38011  0.01923 -0.38281 -0.39063 314.20909 365.99640 51.66181 57.54183
0420    8.40110  0.02095 -0.38281 -0.39063 315.33810 367.17450 54.06529 57.64353
0421    8.42030  0.01917 -0.38281 -0.37500 316.36894 368.30351 53.02858 57.04333
0422    8.44057  0.02024 -0.38281 -0.36719 317.44886 369.43253 53.83877 55.98100
0423    8.46052  0.01992 -0.38281 -0.35938 318.52879 370.56154 53.45475 55.46736
0424    8.48050  0.01995 -0.38281 -0.35156 319.60871 371.64146 52.75928 55.36975
0425    8.50012  0.01959 -0.38281 -0.35156 320.63955 372.72139 54.73812 55.46830
0426    8.51978  0.01962 -0.38281 -0.35156 321.71948 373.80131 54.84882 55.73502
0427    8.54047  0.02067 -0.38281 -0.34375 322.84849 374.97941 55.76446 56.34793
0428    8.55986  0.01936 -0.38281 -0.34375 323.92841 376.05934 55.25445 56.02700
0429    8.58083  0.02094 -0.38281 -0.35156 325.10651 377.23744 55.45388 56.15905
0430    8.60095  0.02009 -0.38281 -0.34375 326.23553 378.36645 55.61598 55.94113
0431    8.61977  0.01879 -0.38281 -0.34375 327.26636 379.39729 55.06540 54.92216
0432    8.63970  0.01990 -0.38281 -0.34375 328.39538 380.52630 55.05984 54.26552
0433    8.66062  0.02089 -0.38281 -0.33594 329.52439 381.65531 54.80962 53.91180
0434    8.68060  0.01996 -0.38281 -0.32813 330.65340 382.73524 54.73110 54.32016
0435    8.70019  0.01956 -0.38281 -0.32031 331.68424 383.76608 54.77232 54.14520
0436    8.72032  0.02010 -0.38281 -0.30469 332.76416 384.84600 54.33429 54.23074
0437    8.74094  0.02059 -0.39063 -0.28906 333.94226 385.97501 54.12878 54.04624
0438    8.76152  0.02055 -0.40625 -0.26563 335.07128 387.10403 55.14675 54.39360
0439    8.78140  0.01985 -0.41406 -0.24219 336.20029 388.13486 55.84312 51.74377
0440    8.80152  0.02009 -0.42969 -0.19531 337.28021 389.21479 54.64367 53.90292
0441    8.82139  0.01984 -0.44531 -0.14063 338.36014 390.29471 55.71161 52.40864
0442    8.84198  0.02057 -0.46094 -0.10156 339.48915 391.32555 54.99661 51.14453
0443    8.86174  0.01973 -0.47656 -0.01563 340.61816 392.30730 55.68507 49.14156
0444    8.88171  0.01994 -0.48438  0.01575 341.74717 393.28905 56.10385 48.73321
0445    8.90143  0.01969 -0.50000  0.02362 342.82710 394.22171 55.84725 48.35802
0446    8.92120  0.01975 -0.51563  0.01575 343.95611 395.15438 56.38126 46.32885
0447    8.94048  0.01924 -0.53125  0.01575 344.98695 396.08704 55.53670 47.75072
0448    8.96040  0.01990 -0.53906  0.01575 346.16505 397.06879 59.45244 48.21410
0449    8.98103  0.02060 -0.54688  0.03150 347.39224 398.05054 59.10845 48.03905
0450    9.00071  0.01964 -0.55469  0.04724 348.57034 398.98320 60.03119 47.79070
0451    9.02053  0.01979 -0.55469  0.05512 349.74844 399.86678 59.42545 44.26984
0452    9.04038  0.01982 -0.55469  0.05512 350.92654 400.55400 60.53272 33.36948
0453    9.06123  0.02082 -0.56250  0.06299 352.20281 401.24123 59.82013 33.92680
0454    9.08043  0.01917 -0.56250  0.07087 353.38091 401.92845 60.84109 34.38066
0455    9.10073  0.02017 -0.56250  0.08661 354.60810 402.61568 59.50288 33.11521
0456    9.12040  0.01964 -0.56250  0.09449 355.78620 403.20473 60.67526 30.60060
0457    9.14047  0.02004 -0.56250  0.11811 356.96430 403.79378 58.86427 29.24355
0458    9.16075  0.02025 -0.56250  0.15748 358.19149 404.38282 61.35056 28.14045
0459    9.18045  0.01967 -0.56250  0.17323 359.36959 404.92279 59.07182 27.14281
0460    9.20148  0.02100 -0.57031  0.20472 360.64586 405.46275 61.33254 25.40596
0461    9.22074  0.01923 -0.57031  0.21260 361.82396 405.90454 61.29808 23.28320
0462    9.24131  0.02054 -0.57813  0.22835 363.10024 406.24815 60.85466 19.80964
0463    9.26245  0.02110 -0.58594  0.24409 364.32743 406.59176 58.94768 16.72510
0464    9.28135  0.01887 -0.60156  0.25984 365.45644 406.83720 57.99323 14.70355
0465    9.30119  0.01981 -0.60156  0.26772 366.58545 407.08264 58.23955 12.51088
0466    9.32100  0.01978 -0.60938  0.26772 367.66538 407.32808 54.77262 11.40729
0467    9.34055  0.01953 -0.60938  0.27559 368.69621 407.52443 53.27404 11.56341
0468    9.36756  0.02697 -0.60938  0.27559 370.11975 407.91713 51.76177 13.32077
0469    9.39032  0.02265 -0.60938  0.28346 371.29785 408.26074 50.35571 14.09910
0470    9.42522  0.03488 -0.60156  0.29134 373.01591 408.65344 49.81126 12.07492
0471    9.43119  0.00594 -0.60156  0.29921 373.31044 408.70253 49.82010 11.36791
0472    9.44242  0.01120 -0.60156  0.29921 373.85040 408.75161 48.33374 10.47946
0473    9.46110  0.01865 -0.60156  0.30709 374.73398 408.84979 47.76140  8.02309
0474    9.48131  0.02017 -0.60156  0.31496 375.71573 408.84979 47.25632  8.02309
0475    9.50067  0.01934 -0.60156  0.31496 376.55021 408.89888 43.62461  6.00848
0476    9.52167  0.02097 -0.59375  0.32283 377.43379 408.94796 41.68542  4.51016
0477    9.54133  0.01963 -0.58594  0.32283 378.21919 409.04614 40.25710  4.02349
0478    9.56196  0.02060 -0.57813  0.33071 379.05368 409.14431 39.72364  3.70786
0479    9.58169  0.01971 -0.57813  0.33071 379.83908 409.24249 38.54747  3.50398
0480    9.60257  0.02085 -0.56250  0.33858 380.62448 409.29157 37.97123  3.22487
0481    9.62079  0.01819 -0.56250  0.34646 381.31170 409.29157 36.86299  3.22487
0482    9.64155  0.02074 -0.55469  0.35433 382.04801 409.29157 35.22137  3.22487
0483    9.66143  0.01985 -0.54688  0.36220 382.73524 409.29157 34.47689  3.22487
0484    9.68119  0.01972 -0.53906  0.37008 383.37338 409.29157 32.86258  3.22487
0485    9.70138  0.02016 -0.53125  0.38583 384.01151 409.29157 31.47714  3.22487
0486    9.72141  0.02000 -0.52344  0.39370 384.60056 409.24249 29.29373  3.22487
0487    9.74127  0.01982 -0.51563  0.40157 385.18961 409.24249 29.43602  3.22487
0488    9.76103  0.01973 -0.51563  0.41732 385.77866 409.19340 29.62003  1.36079
0489    9.78122  0.02016 -0.50781  0.42520 386.36771 409.14431 28.81373  1.03757
0490    9.80158  0.02033 -0.50000  0.44094 386.90768 409.09522 28.06628  0.72073
0491    9.82200  0.02040 -0.49219  0.45669 387.44764 409.09522 26.24382  0.72073
0492    9.84262  0.02059 -0.49219  0.45669 387.98760 409.09522 24.82226  0.72073
0493    9.86115  0.01850 -0.48438  0.47244 388.42939 409.09522 23.89471  0.72073
0494    9.88153  0.02035 -0.47656  0.48031 388.87118 409.09522 21.81473  0.72073
0495    9.90058  0.01902 -0.47656  0.50394 389.26388 409.04614 21.01677  0.26336
0496    9.92158  0.02095 -0.48438  0.51181 389.65658 409.04614 20.09247  0.26336
0497    9.94049  0.01888 -0.48438  0.51181 390.00019 409.04614 18.23973  0.26336
0498    9.96079  0.02027 -0.48438  0.52756 390.34380 409.04614 16.31847  0.26336
0499    9.98109  0.02027 -0.48438  0.54331 390.63833 408.99705 14.94128  0.00000
0500   10.00023  0.01911 -0.48438  0.54331 390.88376 408.94796 14.05804 -3.11190
0501   10.02110  0.02084 -0.48438  0.55906 391.17829 408.94796 13.21777 -3.11190
0502   10.04173  0.02059 -0.49219  0.56693 391.42373 408.89888 12.74594 -4.13064
0503   10.06040  0.01865 -0.50000  0.56693 391.62008 408.84979 12.18528 -4.72090
0504   10.08149  0.02106 -0.50781  0.57480 391.86551 408.80070 11.29389 -5.56141
0505   10.10077  0.01926 -0.52344  0.57480 392.06186 408.75161 10.59866 -7.25983
0506   10.12085  0.02005 -0.53906  0.57480 392.25821 408.65344 10.03268 -1.40482
0507   10.14090  0.02002 -0.56250  0.57480 392.45456 408.55526  9.85103 -2.07247
0508   10.16019  0.01926 -0.56250  0.57480 392.65091 408.45709 10.26828 -3.09504
0509   10.18133  0.02111 -0.57813  0.58268 392.89635 408.30983 10.62452 -4.32795
0510   10.20137  0.02001 -0.60156  0.58268 393.09270 408.21165 10.73415 -5.20304
0511   10.22125  0.01986 -0.63281  0.58268 393.33814 408.06439 11.08069 -5.92338
0512   10.24140  0.02012 -0.65625  0.58268 393.58358 407.91713 11.88075 -6.52728
0513   10.26077  0.01935 -0.67188  0.58268 393.82901 407.76986 12.92392 -7.33025
0514   10.28050  0.01970 -0.69531  0.58268 394.12354 407.57351 14.38325 -8.52460
0515   10.30051  0.01998 -0.70313  0.58268 394.46715 407.37716 15.63774 -9.40504
0516   10.32110  0.02056 -0.71875  0.58268 394.81076 407.13173 16.48617 -10.35949
0517   10.34080  0.01967 -0.71875  0.57480 395.20346 406.88629 19.34060 -11.64004
0518   10.36030  0.01947 -0.72656  0.57480 395.64525 406.64085 24.35881 -13.03652
0519   10.38031  0.01998 -0.72656  0.55906 396.18521 406.29724 24.94271 -14.58585
0520   10.40039  0.02004 -0.72656  0.53543 396.72518 405.95363 27.08291 -16.36760
0521   10.42065  0.02012 -0.72656  0.51969 397.36331 405.61001 31.04495 -17.81631
0522   10.44059  0.01992 -0.72656  0.50394 397.95236 405.21731 32.11576 -18.54503
0523   10.46039  0.01978 -0.72656  0.48819 398.63959 404.82461 34.40186 -19.85837
0524   10.48000  0.01948 -0.72656  0.48819 399.37590 404.43191 37.71899 -20.33813
0525   10.50096  0.02093 -0.72656  0.48031 400.21039 403.99013 39.53648 -21.20832
0526   10.52042  0.01944 -0.72656  0.47244 400.99579 403.54834 41.57914 -21.78539
0527   10.54130  0.02085 -0.71875  0.46457 401.87936 403.10655 42.22599 -22.01801
0528   10.56121  0.01989 -0.71875  0.45669 402.76294 402.71385 44.51816 -21.45531
0529   10.58169  0.02045 -0.69531  0.43307 403.69560 402.27206 44.61527 -19.58701
0530   10.60184  0.02011 -0.67969  0.41732 404.57918 401.92845 45.59556 -18.79149
0531   10.62106  0.01919 -0.65625  0.39370 405.46275 401.58484 45.53466 -17.97883
0532   10.64106  0.01997 -0.62500  0.37008 406.39541 401.24123 44.87015 -16.63197
0533   10.66148  0.02040 -0.57031  0.29921 407.22990 400.94670 42.51749 -15.42858
0534   10.68262  0.02111 -0.52344  0.23622 408.16256 400.65218 42.85340 -14.75158
0535   10.70121  0.01856 -0.46094  0.16535 408.94796 400.45583 42.57206 -13.31343
0536   10.72169  0.02045 -0.41406  0.03937 409.78245 400.25948 40.52665 -10.59259
0537   10.74139  0.01967 -0.35156  0.00787 410.51876 400.16130 37.96125 -8.78901
0538   10.76134  0.01991 -0.30469  0.01575 411.25508 400.11221 36.11287 -7.40843
0539   10.78195  0.02059 -0.26563  0.00787 411.94230 400.11221 32.90609 -7.40843
0540   10.80054  0.01856 -0.22656  0.00787 412.53135 400.16130 31.17726 -7.40843
0541   10.82142  0.02085 -0.18750  0.00000 413.12040 400.25948 28.85209 -2.32862
0542   10.84114  0.01969 -0.09375  0.00000 413.61128 400.40674 25.28023  0.00000
0543   10.86132  0.02016 -0.03125  0.00787 414.00397 400.60309 20.25375  3.19441
0544   10.88067  0.01931  0.02362  0.00787 414.29850 400.84853 16.81162 10.81782
0545   10.90206  0.02136  0.03150  0.01575 414.64211 401.14305 15.09393 12.87105
0546   10.92014  0.01805  0.03150  0.01575 414.88755 401.33940 14.12175 13.07610
0547   10.94120  0.02104  0.03150  0.00787 415.08390 401.63393 12.52569 12.93255
0548   10.96090  0.01966  0.03150  0.00000 415.32934 401.87936 11.48762 12.79930
0549   10.98112  0.02020  0.04724 -0.01563 415.57478 402.12480 11.72421 12.73649
0550   11.00138  0.02019  0.07087 -0.05469 415.77113 402.41933 10.40237 12.71870
0551   11.02151  0.02002  0.11024 -0.09375 415.86930 402.66476  8.50828 12.36355
0552   11.04143  0.01988  0.14961 -0.14063 415.96748 402.86111  7.25966 11.49069
0553   11.06171  0.02025  0.16535 -0.14844 416.01656 403.00838  6.77571 10.44778
0554   11.08200  0.02026  0.22047 -0.21094 416.11474 403.15564  5.05238  8.96120
0555   11.10249  0.02029  0.25197 -0.22656 416.11474 403.35199  5.05238  7.94686
0556   11.12282  0.02030  0.31496 -0.25781 416.11474 403.45016  5.05238  7.47051
0557   11.14151  0.01866  0.36220 -0.26563 416.11474 403.59743  5.05238  6.99605
0558   11.16266  0.02112  0.38583 -0.27344 416.11474 403.69560  5.05238  6.83967
0559   11.18195  0.01926  0.39370 -0.28125 416.06565 403.84286  5.05238  6.17211
0560   11.20023  0.01825  0.39370 -0.28906 416.01656 403.89195  1.90230  5.98422
0561   11.22130  0.02104  0.39370 -0.28125 415.96748 403.99013  1.33138  5.46876
0562   11.23989  0.01856  0.39370 -0.28125 415.91839 404.03921  0.85160  5.07642
0563   11.26109  0.02117  0.38583 -0.28125 415.86930 404.08830  0.41116  4.60518
0564   11.28106  0.01994  0.37795 -0.28125 415.77113 404.13739 -0.39094  3.80466
0565   11.30113  0.02004  0.35433 -0.28125 415.72204 404.13739 -0.75301  3.80466
0566   11.32139  0.02023  0.34646 -0.27344 415.72204 404.13739 -0.75301  3.80466
0567   11.34094  0.01952  0.34646 -0.27344 415.67295 404.13739 -1.06134  3.80466
0568   11.36145  0.02048  0.33071 -0.27344 415.67295 404.13739 -1.06134  3.80466
0569   11.38151  0.02003  0.31496 -0.26563 415.67295 404.13739 -1.06134  3.80466
0570   11.40203  0.02048  0.29921 -0.25781 415.62386 404.13739 -1.22561  3.80466
0571   11.42150  0.01944  0.25197 -0.25000 415.62386 404.13739 -1.22561  3.80466
0572   11.44127  0.01975  0.24409 -0.24219 415.62386 404.13739 -1.22561  0.00000
0573   11.46025  0.01894  0.24409 -0.24219 415.62386 404.13739 -1.22561  0.00000
0574   11.48172  0.02132  0.24409 -0.24219 415.62386 404.13739 -1.22561  0.00000
0575   11.50152  0.01977  0.24409 -0.25000 415.62386 404.13739 -1.22561  0.00000
0576   11.52138  0.01983  0.24409 -0.25781 415.62386 404.13739 -1.22561  0.00000
0577   11.54181  0.02040  0.24409 -0.27344 415.62386 404.13739 -1.22561  0.00000
0578   11.56222  0.02038  0.25197 -0.28906 415.62386 404.13739  0.00000  0.00000
0579   11.58117  0.01892  0.25197 -0.30469 415.62386 404.13739  0.00000  0.00000
0580   11.60098  0.01978  0.25197 -0.32031 415.62386 404.13739  0.00000  0.00000
0581   11.62091  0.01990  0.25197 -0.33594 415.62386 404.13739  0.00000  0.00000
0582   11.64016  0.01922  0.25197 -0.34375 415.62386 404.13739  0.00000  0.00000
0583   11.66083  0.02064  0.24409 -0.35938 415.62386 404.18648  0.00000  0.00000
0584   11.68075  0.01988  0.24409 -0.36719 415.62386 404.18648  0.00000  0.00000
0585   11.70116  0.02036  0.22835 -0.37500 415.62386 404.18648  0.00000  0.00000
0586   11.72157  0.02039  0.20472 -0.38281 415.62386 404.23556  0.00000  1.03614
0587   11.74101  0.01941  0.18110 -0.39063 415.62386 404.28465  0.00000  1.36554
0588   11.76099  0.01996  0.16535 -0.40625 415.62386 404.33374  0.00000  1.62794
0589   11.78244  0.02142  0.13386 -0.41406 415.62386 404.43191  0.00000  2.04692
0590   11.80082  0.01835  0.06299 -0.42969 415.62386 404.53009  0.00000  2.43825
0591   11.82106  0.02021  0.03937 -0.43750 415.67295 404.62826  0.00000  2.77988
0592   11.84055  0.01946  0.03937 -0.45313 415.67295 404.77553  0.00000  4.50810
0593   11.86190  0.02129  0.03937 -0.45313 415.72204 404.97188  0.00000  6.81674
0594   11.88242  0.02049  0.03937 -0.45313 415.77113 405.16823  1.71779  8.81313
0595   11.90182  0.01937  0.03937 -0.45313 415.77113 405.41366  1.71779 10.89366
0596   11.92098  0.01913  0.03150 -0.44531 415.82021 405.65910  1.49887 12.53146
0597   11.94050  0.01949  0.01575 -0.44531 415.82021 405.95363  1.49887 13.70841
0598   11.96086  0.02033  0.01575 -0.43750 415.86930 406.24815  1.33649 14.73787
0599   11.98019  0.01931  0.01575 -0.43750 415.86930 406.59176  1.33649 15.60263
0600   12.00130  0.02108  0.01575 -0.42188 415.91839 406.93537  1.37585 16.55892
0601   12.02020  0.01887  0.01575 -0.40625 415.96748 407.27899  1.42871 17.44781
0602   12.04065  0.02042  0.01575 -0.39063 416.01656 407.62260  1.53800 18.28696
0603   12.06076  0.01999  0.01575 -0.36719 416.06565 408.01530  1.64099 18.61014
0604   12.08084  0.02005  0.01575 -0.34375 416.11474 408.35891  1.74768 18.32091
0605   12.10025  0.01938  0.01575 -0.31250 416.21291 408.70253  1.99520 18.00725
0606   12.12045  0.02017  0.01575 -0.27344 416.36017 409.04614  3.04275 17.18711
0607   12.14034  0.01986  0.01575 -0.21875 416.50744 409.38975  4.93454 16.11299
0608   12.16053  0.02016  0.01575 -0.17969 416.70379 409.68428  7.28571 14.94092
0609   12.18092  0.02036  0.01575 -0.14844 416.90014 409.92971  8.87650 13.80213
0610   12.20123  0.02028  0.01575 -0.14844 417.09649 410.17515  9.81332 12.62394
0611   12.22168  0.02040  0.01575 -0.07031 417.29284 410.42059 10.26108 11.45309
0612   12.24128  0.01957  0.01575 -0.01563 417.48919 410.61694 10.23148 10.55569
0613   12.26091  0.01960  0.01575  0.00000 417.68554 410.76420  9.91589  9.86714
0614   12.28116  0.02022  0.01575  0.01575 417.88189 410.91146  9.45506  9.11191
0615   12.29971  0.01852  0.01575  0.01575 418.02915 411.05873  8.96190  8.38521
0616   12.31979  0.02005  0.01575  0.01575 418.17641 411.20599  8.40075  7.54804
0617   12.34056  0.02074  0.01575  0.01575 418.32368 411.30416  7.67892  6.89441
0618   12.35995  0.01936  0.01575  0.01575 418.42185 411.40234  6.90651  6.41951
0619   12.37971  0.01973  0.01575  0.01575 418.52003 411.50051  6.18475  5.96635
0620   12.40040  0.02066  0.02362  0.01575 418.61820 411.59869  5.40849  5.44584
0621   12.42019  0.01976  0.02362  0.01575 418.66729 411.69686  5.05346  4.83947
0622   12.44018  0.01995  0.02362  0.01575 418.71637 411.74595  4.60237  4.47591
0623   12.45965  0.01944  0.02362  0.01575 418.76546 411.79504  4.08849  4.06317
0624   12.47959  0.01991  0.02362  0.01575 418.76546 411.79504  4.08849  4.06317
0625   12.50020  0.02059  0.02362  0.01575 418.76546 411.79504  4.08849  4.06317
0626   12.51998  0.01967  0.02362  0.01575 418.76546 411.79504  4.08849  4.06317
0627   12.53974  0.01974  0.02362  0.01575 418.76546 411.79504  4.08849  4.06317
0628   12.56063  0.02086  0.03150  0.01575 418.76546 411.79504  4.08849  4.06317
0629   12.58030  0.01965  0.02362  0.01575 418.76546 411.79504  4.08849  4.06317
0630   12.60048  0.02016  0.03150  0.01575 418.76546 411.74595  4.08849  4.06317
0631   12.61978  0.01927  0.03150  0.01575 418.71637 411.74595  0.00000  0.00000
0632   12.64012  0.02032  0.03150  0.01575 418.71637 411.74595  0.00000  0.00000
0633   12.66138  0.02124  0.03150  0.01575 418.71637 411.69686  0.00000  0.00000
0634   12.67959  0.01819  0.03150  0.01575 418.71637 411.69686  0.00000  0.00000
0635   12.70010  0.02049  0.03150  0.01575 418.66729 411.64777  0.00000 -0.94427
0636   12.72039  0.02024  0.03150  0.01575 418.66729 411.64777  0.00000 -0.94427
0637   12.74035  0.01992  0.02362  0.01575 418.66729 411.64777  0.00000 -0.94427
0638   12.75979  0.01933  0.02362  0.01575 418.66729 411.59869  0.00000 -0.92150
0639   12.78153  0.02171  0.01575  0.00787 418.61820 411.59869 -0.60995 -0.92150
0640   12.80028  0.01873  0.00787  0.00787 418.61820 411.59869 -0.60995 -0.92150
0641   12.82039  0.02008 -0.00781  0.00787 418.61820 411.54960 -0.60995 -0.86893
0642   12.84089  0.02048 -0.03906  0.01575 418.61820 411.54960 -0.60995 -0.86893
0643   12.86067  0.01975 -0.04688  0.01575 418.61820 411.54960 -0.60995 -0.86893
0644   12.88125  0.02056 -0.07031  0.00787 418.61820 411.50051 -0.60995 -0.85412
0645   12.90094  0.01967 -0.09375  0.01575 418.61820 411.50051 -0.60995 -0.85412
0646   12.92038  0.01943 -0.11719  0.01575 418.56911 411.50051 -0.42115 -0.85412
0647   12.94058  0.02018 -0.13281  0.01575 418.56911 411.50051 -0.42115 -0.85412
0648   12.96081  0.02021 -0.15625  0.01575 418.56911 411.50051 -0.42115 -0.85412
0649   12.98126  0.02043 -0.17969  0.01575 418.61820 411.45143 -0.42115 -0.77114
0650   13.00140  0.02011 -0.19531  0.01575 418.66729 411.45143 -0.15303 -0.77114
0651   13.02098  0.01956 -0.21094  0.01575 418.66729 411.45143 -0.15303 -0.77114
0652   13.04140  0.02027 -0.22656  0.00787 418.71637 411.45143  0.00000 -0.77114
0653   13.06134  0.01991 -0.23438  0.00000 418.76546 411.45143  0.13224 -0.77114
0654   13.08051  0.01915 -0.23438  0.00000 418.81455 411.45143  0.25225 -0.77114
0655   13.10059  0.02006 -0.23438 -0.00781 418.91272 411.45143 812.20269 -0.77114
0656   13.12095  0.02034 -0.22656 -0.01563 418.96181 411.50051 20.75660 -0.77114
0657   13.14034  0.01937 -0.22656 -0.03125 419.05999 411.54960  1.04339  0.00000
0658   13.16073  0.02037 -0.21875 -0.03125 419.15816 411.59869  3.10458  3.42589
0659   13.18155  0.02080 -0.20313 -0.03906 419.25634 411.69686  3.90998  4.05688
0660   13.20042  0.01884 -0.18750 -0.03906 419.40360 411.79504  4.96823  4.53228
0661   13.22092  0.02049 -0.16406 -0.03906 419.55086 411.94230  6.06179  4.94032
0662   13.24046  0.01951 -0.13281 -0.03906 419.69813 412.04048  7.13969  5.21150
0663   13.26023  0.01976 -0.10938 -0.03906 419.84539 412.18774  7.43644  6.31586
0664   13.28065  0.02040 -0.07813 -0.03906 419.99265 412.38409  7.17874  7.14420
0665   13.30026  0.01959 -0.07031 -0.03906 420.09083 412.53135  7.02864  7.48243
0666   13.32099  0.02071 -0.04688 -0.03125 420.23809 412.67861  6.78720  7.33368
0667   13.33960  0.01849 -0.04688 -0.03125 420.38535 412.77679  6.57728  7.06934
0668   13.36018  0.02056 -0.03906 -0.03125 420.48353 412.87496  6.44560  6.73263
0669   13.38005  0.01985 -0.03906 -0.03125 420.58170 412.97314  5.95551  6.22648
0670   13.39969  0.01962 -0.03906 -0.03125 420.63079 413.02223  5.40450  5.63009
0671   13.41982  0.02011 -0.03906 -0.03125 420.67988 413.07131  4.95530  5.07545
0672   13.44058  0.02074 -0.03906 -0.02344 420.77805 413.16949  4.35916  4.21929
0673   13.46066  0.02006 -0.03125 -0.02344 420.82714 413.21858  4.11789  3.93168
0674   13.48143  0.02075 -0.02344 -0.01563 420.92531 413.26766  3.74030  3.75052
0675   13.49978  0.01832 -0.02344 -0.01563 420.97440 413.36584  3.61311  3.44500
0676   13.52088  0.02108 -0.01563 -0.00781 421.07258 413.41493  3.45664  3.29897
0677   13.54013  0.01923 -0.01563 -0.00781 421.12166 413.46401  3.39536  3.18708
0678   13.56161  0.02146 -0.01563  0.00000 421.12166 413.51310  3.39536  3.09813
0679   13.57982  0.01819 -0.01563  0.00000 421.12166 413.56219  3.39536  2.86091
0680   13.59980  0.01997 -0.01563  0.00000 421.12166 413.56219  3.39536  2.86091
0681   13.62043  0.02061 -0.02344  0.00000 421.12166 413.56219  3.39536  2.86091
0682   13.64104  0.02059 -0.04688  0.00000 421.12166 413.51310  3.39536  2.86091
0683   13.66106  0.01999 -0.06250  0.00000 421.12166 413.51310  3.39536  2.86091
0684   13.68033  0.01925 -0.10938  0.00000 421.07258 413.46401  3.39536  1.55533
0685   13.70054  0.02019 -0.14063  0.00000 421.07258 413.46401  0.00000  1.55533
0686   13.72090  0.02034 -0.20313  0.00000 421.12166 413.46401  0.00000  1.55533
0687   13.74123  0.02031 -0.24219 -0.03125 421.12166 413.46401  0.00000  1.55533
0688   13.76145  0.02020 -0.25781 -0.05469 421.21984 413.46401  2.74812  1.55533
0689   13.78176  0.02028 -0.28125 -0.08594 421.26892 413.56219  3.16414  1.16295
0690   13.80142  0.01964 -0.28906 -0.11719 421.36710 413.66036  3.86655  1.19117
0691   13.82216  0.02070 -0.30469 -0.13281 421.51436 413.75854  4.65253  1.21580
0692   13.84124  0.01905 -0.31250 -0.14844 421.71071 413.80763  6.15954  1.23103
0693   13.86078  0.01953 -0.31250 -0.17188 421.85798 413.95489  7.85763  1.37518
0694   13.88128  0.02048 -0.31250 -0.17969 422.05433 414.10215  9.34545  5.20920
0695   13.90062  0.01931 -0.31250 -0.18750 422.25068 414.20033  9.68548  5.68912
0696   13.92069  0.02005 -0.31250 -0.19531 422.49611 414.29850 10.14692  5.84871
0697   13.93995  0.01924 -0.31250 -0.19531 422.69246 414.44576 11.03378  6.23457
0698   13.95966  0.01969 -0.31250 -0.19531 422.93790 414.54394 11.98098  5.98344
0699   13.98102  0.02135 -0.32031 -0.20313 423.23243 414.69120 12.61732  6.06222
0700   13.99963  0.01858 -0.32031 -0.20313 423.47786 414.83846 13.79713  6.92365
0701   14.02087  0.02122 -0.32813 -0.21094 423.82148 415.03481 15.09319  7.62587
0702   14.04147  0.02058 -0.32031 -0.21875 424.11600 415.23116 15.00495  8.43353
0703   14.05971  0.01822 -0.32031 -0.21875 424.41053 415.42751 15.29422  9.31151
0704   14.07969  0.01996 -0.32031 -0.21875 424.75414 415.62386 15.92122  9.96625
0705   14.10058  0.02087 -0.32031 -0.21875 425.09775 415.86930 16.21816 10.82773
0706   14.12011  0.01951 -0.32031 -0.21875 425.39228 416.06565 16.83287 11.38514
0707   14.14086  0.02073 -0.32031 -0.22656 425.78498 416.31109 17.60879 11.40118
0708   14.15981  0.01893 -0.32031 -0.22656 426.12859 416.55652 18.23706 11.88915
0709   14.17982  0.01999 -0.32031 -0.22656 426.47220 416.80196 17.98034 12.02437
0710   14.19976  0.01991 -0.32031 -0.22656 426.86490 417.04740 18.04615 12.47647
0711   14.21996  0.02018 -0.32031 -0.22656 427.20851 417.34193 18.86446 14.13051
0712   14.23971  0.01973 -0.32031 -0.22656 427.60121 417.68554 19.25344 15.95615
0713   14.25986  0.02012 -0.32031 -0.22656 428.04300 418.02915 20.28153 17.20853
0714   14.27996  0.02008 -0.32031 -0.22656 428.48479 418.42185 22.14685 18.53989
0715   14.30052  0.02054 -0.28906 -0.22656 428.97566 418.81455 23.61571 19.84580
0716   14.32000  0.01946 -0.28906 -0.22656 429.46654 419.25634 24.93637 21.36757
0717   14.34095  0.02093 -0.27344 -0.22656 429.95741 419.69813 25.52559 22.82131
0718   14.36051  0.01954 -0.24219 -0.22656 430.49738 420.18900 26.47154 23.80237
0719   14.38079  0.02026 -0.21094 -0.22656 431.03734 420.67988 26.18503 24.34304
0720   14.40051  0.01970 -0.15625 -0.22656 431.52821 421.17075 25.90171 24.65984
0721   14.42542  0.02488 -0.09375 -0.22656 432.11726 421.80889 24.06315 25.05027
0722   14.44162  0.01618 -0.06250 -0.22656 432.50996 422.20159 23.40442 24.93131
0723   14.46206  0.02042 -0.06250 -0.22656 433.00084 422.69246 22.92378 24.70793
0724   14.48626  0.02418  0.00000 -0.22656 433.49171 423.28151 20.42874 24.01594
0725   14.50217  0.01589  0.02362 -0.23438 433.73715 423.67421 18.82973 23.63755
0726   14.52118  0.01899  0.01575 -0.23438 434.12985 424.06691 18.74603 23.21987
0727   14.53993  0.01873  0.01575 -0.23438 434.47346 424.50870 18.19440 22.45905
0728   14.56041  0.02046  0.02362 -0.23438 434.81708 424.95049 17.48417 21.41572
0729   14.57970  0.01927  0.02362 -0.23438 435.16069 425.34319 17.18203 20.86308
0730   14.60020  0.02049  0.02362 -0.23438 435.50430 425.78498 17.09859 20.26881
0731   14.62002  0.01980  0.02362 -0.23438 435.84791 426.17767 17.14383 20.19293
0732   14.64109  0.02105  0.03150 -0.24219 436.19153 426.57038 17.38441 19.53109
0733   14.65995  0.01883  0.03150 -0.24219 436.53514 426.91399 17.64884 19.49712
0734   14.68040  0.02042  0.03150 -0.25000 436.87875 427.35578 17.72902 19.72352
0735   14.70325  0.02282  0.03150 -0.25000 437.32054 427.79756 17.96698 20.07566
0736   14.72017  0.01690  0.03150 -0.25000 437.61506 428.14118 18.28815 20.36648
0737   14.74023  0.02004  0.03150 -0.25000 438.00776 428.58296 18.73933 20.48637
0738   14.76141  0.02116  0.03937 -0.25781 438.40046 429.02475 19.35215 20.91188
0739   14.77969  0.01826  0.03937 -0.25781 438.74408 429.36836 18.97376 21.12235
0740   14.79972  0.02001  0.03937 -0.25781 439.13678 429.81015 18.57686 21.10310
0741   14.82006  0.02032  0.03937 -0.25781 439.48039 430.25194 18.33330 21.38083
0742   14.84031  0.02024  0.04724 -0.25781 439.87309 430.69373 18.39534 20.95437
0743   14.86186  0.02153  0.04724 -0.25781 440.21670 431.13551 16.69155 20.57042
0744   14.87985  0.01796  0.04724 -0.25781 440.41305 431.47913 14.35049 20.16680
0745   14.89974  0.01988  0.04724 -0.25781 440.70758 431.87183 13.16592 19.41606
0746   14.91991  0.02014  0.04724 -0.25781 440.95301 432.21544 12.91691 18.15913
0747   14.94050  0.02057  0.03937 -0.25781 441.19845 432.55905 12.08674 16.79687
0748   14.96078  0.02026  0.03937 -0.25000 441.44389 432.85358 11.74774 15.68476
0749   14.98020  0.01940  0.03937 -0.25000 441.64024 433.14810 11.25856 14.93815
0750   15.00064  0.02041  0.03937 -0.24219 441.83659 433.44263 10.79787 14.40661
0751   15.02039  0.01974  0.03937 -0.21875 442.03294 433.68806 10.32809 13.96614
0752   15.04082  0.02041  0.03937 -0.17969 442.22929 433.98259 10.08944 13.12661
0753   15.06082  0.01998  0.03937 -0.14844 442.47473 434.17894 10.00185 12.36942
0754   15.08032  0.01948  0.03937 -0.10156 442.62199 434.42438  9.83212 11.16982
0755   15.10053  0.02019  0.03937 -0.05469 442.81834 434.57164  9.37301 10.25918
0756   15.12189  0.02134  0.03937 -0.05469 442.96560 434.76799  8.66652  9.22189
0757   15.14097  0.01906  0.01575  0.01575 443.11286 434.91525  7.83428  8.50849
0758   15.16140  0.02041  0.01575  0.02362 443.26013 435.06251  7.23617  7.82614
0759   15.18056  0.01914  0.01575  0.01575 443.35830 435.16069  6.82067  7.28651
0760   15.20042  0.01984  0.01575  0.01575 443.50556 435.30795  6.43366  6.52504
0761   15.22016  0.01971  0.01575  0.01575 443.60374 435.35704  6.16297  6.23510
0762   15.24062  0.02044  0.01575  0.01575 443.70191 435.45521  5.66970  5.37055
0763   15.26187  0.02123  0.01575  0.01575 443.75100 435.55339  5.20233  4.81196
0764   15.28074  0.01885  0.01575  0.00787 443.80009 435.60247  4.68040  4.49454
0765   15.29975  0.01899  0.01575  0.00787 443.84918 435.65156  4.12149  4.11068
0766   15.31971  0.01994  0.01575  0.00787 443.84918 435.70065  4.12149  3.64494
0767   15.33972  0.01999  0.01575  0.00787 443.84918 435.74974  4.12149  3.37771
0768   15.35970  0.01993  0.01575  0.00787 443.84918 435.79882  4.12149  3.14362
0769   15.38013  0.02041  0.01575  0.00787 443.84918 435.79882  4.12149  3.14362
0770   15.39973  0.01958  0.01575  0.00787 443.84918 435.79882  4.12149  3.14362
0771   15.41982  0.02007  0.01575  0.00787 443.84918 435.74974  4.12149  3.14362
0772   15.44153  0.02169  0.02362  0.01575 443.84918 435.74974  4.12149  3.14362
0773   15.46049  0.01894  0.02362  0.00787 443.80009 435.70065  0.00000  1.67372
0774   15.47990  0.01939  0.02362  0.00787 443.75100 435.70065  0.00000  1.67372
0775   15.50086  0.02094  0.03150  0.01575 443.75100 435.65156  0.00000  1.12996
0776   15.51975  0.01887  0.03150  0.01575 443.75100 435.65156  0.00000  1.12996
0777   15.53979  0.02001  0.03150  0.01575 443.75100 435.65156  0.00000  1.12996
0778   15.56047  0.02066  0.03150  0.02362 443.75100 435.65156  0.00000  1.12996
0779   15.58027  0.01978  0.03150  0.05512 443.75100 435.65156  0.00000  1.12996
0780   15.60046  0.02017  0.03150  0.08661 443.75100 435.65156  0.00000  1.12996
0781   15.62061  0.02011  0.04724  0.13386 443.75100 435.65156  0.00000  1.12996
0782   15.64033  0.01970  0.04724  0.14173 443.75100 435.65156  0.00000  1.12996
0783   15.66126  0.02091  0.09449  0.17323 443.75100 435.65156  0.00000  0.00000
0784   15.68117  0.01989  0.12598  0.18898 443.70191 435.60247 -0.24379  0.00000
0785   15.70114  0.01995  0.15748  0.21260 443.70191 435.55339 -0.24379 -1.76392
0786   15.72111  0.01995  0.17323  0.22047 443.60374 435.50430 -0.61276 -2.02625
0787   15.74119  0.02006  0.21260  0.22835 443.55465 435.40613 -0.76601 -2.63342
0788   15.76141  0.02020  0.22835  0.24409 443.45648 435.35704 -1.05057 -2.86779
0789   15.78173  0.02030  0.24409  0.26772 443.35830 435.25886 -1.30857 -3.21200
0790   15.80021  0.01845  0.25197  0.26772 443.26013 435.11160 -1.54861 -3.67738
0791   15.82057  0.02034  0.25197  0.27559 443.11286 435.01343 -4.96950 -4.91785
0792   15.84028  0.01969  0.25197  0.28346 442.96560 434.86616 -6.20419 -5.89891
0793   15.86038  0.02009  0.25197  0.29134 442.81834 434.66981 -7.07614 -7.25163
0794   15.88064  0.02023  0.25197  0.29921 442.62199 434.47346 -7.99845 -8.42670
0795   15.89995  0.01930  0.25197  0.29921 442.47473 434.27711 -8.59975 -9.50766
0796   15.92131  0.02134  0.25984  0.29921 442.22929 434.03168 -9.52428 -10.62253
0797   15.94193  0.02060  0.26772  0.30709 442.03294 433.78624 -10.44946 -11.38716
0798   15.96083  0.01889  0.26772  0.31496 441.78750 433.58989 -11.60333 -11.83583
0799   15.98202  0.02117  0.27559  0.32283 441.49298 433.29536 -12.48979 -12.62987
0800   16.00124  0.01919  0.28346  0.33071 441.24754 433.04993 -13.38690 -13.43468
0801   16.02042  0.01916  0.28346  0.33858 440.95301 432.75540 -14.04794 -14.46793
0802   16.04006  0.01962  0.28346  0.33858 440.65849 432.41179 -14.81934 -15.60015
0803   16.06149  0.02141  0.28346  0.33858 440.31488 432.06818 -16.13802 -16.58588
0804   16.07981  0.01830  0.28346  0.33858 440.02035 431.72456 -16.64612 -17.41547
0805   16.09990  0.02007  0.28346  0.33858 439.67674 431.38095 -17.35252 -18.21614
0806   16.11998  0.02007  0.28346  0.33858 439.28404 430.98825 -18.23618 -19.35593
0807   16.13991  0.01991  0.28346  0.33858 438.89134 430.54646 -19.29991 -20.50820
0808   16.15992  0.01999  0.28346  0.33858 438.49864 430.15376 -20.16556 -21.38283
0809   16.17969  0.01975  0.28346  0.33858 438.05685 429.71198 -20.84975 -22.16841
0810   16.19997  0.02024  0.28346  0.33858 437.61506 429.22110 -21.57104 -22.83256
0811   16.21975  0.01976  0.28346  0.33858 437.17328 428.77931 -22.19261 -23.48325
0812   16.24030  0.02053  0.28346  0.33071 436.73149 428.28844 -23.33095 -24.38985
0813   16.25988  0.01956  0.28346  0.33071 436.24061 427.74848 -24.28529 -25.28159
0814   16.28069  0.02080  0.28346  0.33858 435.70065 427.25760 -25.17927 -25.45253
0815   16.29983  0.01912  0.28346  0.33858 435.25886 426.71764 -25.12122 -26.40625
0816   16.32069  0.02084  0.28346  0.33071 434.71890 426.17767 -25.44389 -26.85297
0817   16.33975  0.01904  0.28346  0.33071 434.22803 425.63771 -25.71743 -27.39869
0818   16.36037  0.02057  0.28346  0.33071 433.68806 425.09775 -25.93264 -28.10147
0819   16.38031  0.01992  0.28346  0.33071 433.14810 424.50870 -26.56645 -27.87510
0820   16.39968  0.01934  0.28346  0.33071 432.60814 423.96874 -26.78082 -28.15361
0821   16.42001  0.02024  0.28346  0.33071 432.06818 423.42878 -27.75846 -28.30784
0822   16.43969  0.01966  0.28346  0.33071 431.52821 422.83973 -27.45547 -28.60427
0823   16.45973  0.02003  0.28346  0.33071 430.98825 422.29976 -27.42525 -28.18116
0824   16.47988  0.02006  0.28346  0.33071 430.39920 421.71071 -28.04215 -28.76923
0825   16.50034  0.02043  0.28346  0.31496 429.81015 421.07258 -28.38691 -29.66442
0826   16.52110  0.02065  0.25197  0.30709 429.22110 420.48353 -29.02482 -29.85694
0827   16.54126  0.02014  0.23622  0.29921 428.63205 419.84539 -29.15913 -30.28149
0828   16.56121  0.01991  0.18898  0.28346 428.04300 419.25634 -29.20693 -30.12658
0829   16.58133  0.02010  0.16535  0.27559 427.50304 418.66729 -28.56923 -30.65851
0830   16.60144  0.02009  0.13386  0.22835 426.91399 418.02915 -28.25847 -30.55156
0831   16.62126  0.01980  0.08661  0.19685 426.32494 417.44010 -28.49923 -29.64534
0832   16.64126  0.01998  0.03937  0.14173 425.78498 416.85105 -28.11676 -28.78982
0833   16.66094  0.01966  0.03937  0.10236 425.29410 416.31109 -25.83607 -27.94556
0834   16.68080  0.01984  0.03937  0.02362 424.80323 415.77113 -23.37795 -27.52521
0835   16.70097  0.02015  0.03937  0.01575 424.36144 415.23116 -22.01539 -26.83315
0836   16.71972  0.01873  0.03937  0.01575 423.96874 414.74029 -22.19075 -25.19265
0837   16.73958  0.01983  0.03937  0.01575 423.52695 414.29850 -22.08274 -23.57018
0838   16.75996  0.02037  0.03937  0.01575 423.08516 413.80763 -20.71229 -23.17596
0839   16.78097  0.02099  0.03937  0.00787 422.69246 413.36584 -19.66316 -21.78481
0840   16.79999  0.01900  0.03937  0.00787 422.34885 412.97314 -18.94155 -21.64710
0841   16.82037  0.02036  0.03937  0.00787 421.95615 412.53135 -17.99781 -20.71163
0842   16.83969  0.01930  0.03937  0.00787 421.66163 412.18774 -16.64042 -19.65780
0843   16.85982  0.02011  0.03937  0.00787 421.31801 411.79504 -16.07395 -18.64240
0844   16.88082  0.02097  0.03937  0.00787 421.02349 411.40234 -15.86144 -18.07302
0845   16.89970  0.01884  0.03937  0.00787 420.72896 411.10781 -15.58868 -17.20624
0846   16.91983  0.02011  0.03937  0.00787 420.38535 410.76420 -15.36342 -16.27281
0847   16.93972  0.01983  0.03937  0.00787 420.13991 410.46968 -14.74349 -16.09437
0848   16.95979  0.02005  0.03937  0.00787 419.84539 410.12606 -13.98887 -15.68043
0849   16.97987  0.02006  0.03937  0.00787 419.55086 409.88063 -13.89038 -14.66264
0850   16.99993  0.02004  0.03937  0.00787 419.25634 409.58610 -14.04205 -13.38402
0851   17.01980  0.01985  0.03937  0.00787 419.01090 409.38975 -14.02564 -12.40133
0852   17.04049  0.02067  0.03937  0.00787 418.71637 409.14431 -13.82271 -11.58854
0853   17.05978  0.01927  0.03937  0.00787 418.52003 408.94796 -12.52376 -11.16290
0854   17.07966  0.01985  0.03937  0.00787 418.37276 408.65344 -10.32635 -11.86104
0855   17.09985  0.02018  0.03937  0.00787 418.22550 408.35891 -8.34899 -14.40228
0856   17.11955  0.01967  0.03937  0.00787 418.07824 408.16256 -7.37970 -12.57749
0857   17.13986  0.02029  0.03937  0.00787 417.88189 408.01530 -8.05531 -9.90042
0858   17.16082  0.02094  0.03937  0.00787 417.63645 407.91713 -10.58760 -7.89712
0859   17.18034  0.01950  0.03937  0.01575 417.48919 407.76986 -10.67872 -6.73365
0860   17.20029  0.01994  0.03937  0.01575 417.39101 407.62260 -8.97100 -6.72859
0861   17.22010  0.01978  0.03937  0.01575 417.29284 407.47534 -6.92488 -6.93524
0862   17.24045  0.02033  0.03937  0.01575 417.24375 407.37716 -6.04793 -7.20874
0863   17.26108  0.02061  0.03937  0.00787 417.14558 407.27899 -5.13606 -6.28690
0864   17.27993  0.01883  0.03937  0.00787 417.04740 407.22990 -4.41921 -5.47335
0865   17.30295  0.02300  0.03937  0.00787 416.99831 407.18081 -4.18092 -4.84402
0866   17.32249  0.01952  0.03937  0.00787 416.94923 407.13173 -3.81781 -4.16617
0867   17.34000  0.01748  0.03937  0.00787 416.94923 407.13173 -3.81781 -4.16617
0868   17.36330  0.02327  0.03937  0.00787 416.90014 407.08264 -3.25270 -3.31505
0869   17.38472  0.02140  0.03937  0.01575 416.90014 407.08264 -3.25270 -3.31505
0870   17.40170  0.01695  0.03937  0.00787 416.90014 407.08264 -3.25270 -3.31505
0871   17.42124  0.01952  0.03937  0.01575 416.90014 407.08264 -3.25270 -3.31505
0872   17.44307  0.02181  0.03937  0.01575 416.90014 407.08264 -3.25270 -3.31505
0873   17.46451  0.02143  0.03937  0.00787 416.90014 407.08264 -3.25270 -3.31505
0874   17.48073  0.01620  0.03937  0.01575 416.90014 407.08264 -3.25270 -3.31505
0875   17.50004  0.01929  0.03937  0.01575 416.90014 407.13173 -3.25270 -3.31505
0876   17.51999  0.01993  0.03937  0.01575 416.90014 407.13173  0.00000  0.00000
0877   17.54002  0.02001  0.03937  0.01575 416.90014 407.13173  0.00000  0.00000
0878   17.56001  0.01996  0.03937  0.01575 416.94923 407.13173  0.00000  0.00000
0879   17.58036  0.02033  0.03937  0.01575 416.94923 407.13173  0.00000  0.00000
0880   17.60072  0.02034  0.03937  0.01575 416.94923 407.18081  0.00000  0.00000
0881   17.61995  0.01913  0.03937  0.01575 416.99831 407.18081  0.00000  0.00000
0882   17.64017  0.02020  0.03937  0.01575 416.99831 407.18081  0.00000  0.00000
0883   17.66096  0.02076  0.03150  0.01575 416.99831 407.22990  0.00000  0.94265
0884   17.68043  0.01945  0.03150  0.01575 417.04740 407.22990  0.82197  0.94265
0885   17.70024  0.01980  0.03150  0.01575 417.04740 407.22990  0.82197  0.94265
0886   17.72041  0.02014  0.03150  0.01575 417.04740 407.22990  0.82197  0.94265
0887   17.73973  0.01930  0.03150  0.01575 417.04740 407.27899  0.82197  0.72376
0888   17.75984  0.02009  0.03150  0.01575 417.04740 407.27899  0.82197  0.72376
0889   17.78047  0.02060  0.03150  0.01575 417.04740 407.22990  0.82197  0.72376
0890   17.80065  0.02016  0.03150  0.01575 417.04740 407.22990  0.82197  0.72376
0891   17.82071  0.02004  0.03150  0.01575 417.04740 407.22990  0.82197  0.72376
0892   17.84076  0.02003  0.03150  0.01575 417.04740 407.22990  0.00000  0.72376
0893   17.86023  0.01945  0.03150  0.01575 417.04740 407.22990  0.00000  0.72376
0894   17.88125  0.02098  0.03150  0.01575 417.04740 407.22990  0.00000  0.72376
0895   17.90027  0.01900  0.03150  0.01575 417.04740 407.22990  0.00000  0.00000
0896   17.92017  0.01988  0.03150  0.01575 417.04740 407.22990  0.00000  0.00000
0897   17.94083  0.02064  0.03150  0.01575 417.04740 407.22990  0.00000  0.00000
0898   17.96120  0.02035  0.03150  0.01575 417.04740 407.22990  0.00000  0.00000
0899   17.98069  0.01947  0.03150  0.01575 417.04740 407.22990  0.00000  0.00000
0900   18.00116  0.02045  0.03150  0.01575 417.04740 407.22990  0.00000  0.00000
0901   18.02114  0.01996  0.03150  0.00787 417.04740 407.27899  0.00000  0.00000
0902   18.04087  0.01971  0.03150  0.00787 417.04740 407.27899  0.00000  0.00000
0903   18.06039  0.01950  0.03150  0.00787 417.04740 407.27899  0.00000  0.00000
0904   18.08057  0.02016  0.03150  0.00787 417.04740 407.22990  0.00000  0.00000
0905   18.10050  0.01991  0.03150  0.00787 417.04740 407.22990  0.00000  0.00000
0906   18.12040  0.01987  0.03150  0.00787 416.99831 407.22990  0.00000  0.00000
0907   18.14005  0.01963  0.03150  0.00787 416.99831 407.22990  0.00000  0.00000
0908   18.16173  0.02166  0.03937  0.00787 416.99831 407.22990  0.00000  0.00000
0909   18.17991  0.01816  0.03937  0.00787 416.99831 407.22990  0.00000  0.00000
0910   18.20057  0.02065  0.03937  0.00787 416.99831 407.22990  0.00000  0.00000
0911   18.22042  0.01983  0.03937  0.00787 416.99831 407.22990  0.00000  0.00000
0912   18.24054  0.02008  0.03150  0.00787 416.99831 407.22990  0.00000  0.00000
0913   18.26153  0.02097  0.03937  0.00787 416.99831 407.22990  0.00000  0.00000
0914   18.28247  0.02092  0.03937  0.00787 417.04740 407.22990  0.00000  0.00000
0915   18.30006  0.01757  0.03937  0.00787 417.04740 407.22990  0.00000  0.00000
0916   18.32016  0.02008  0.03937  0.00787 417.04740 407.27899  0.00000  0.00000
0917   18.33990  0.01971  0.03937  0.00787 417.04740 407.27899  0.00000  0.00000
0918   18.36016  0.02024  0.03937  0.00787 417.04740 407.27899  0.00000  0.00000
0919   18.38017  0.01999  0.03937  0.00787 417.04740 407.27899  0.00000  0.00000
0920   18.39994  0.01975  0.03937  0.00787 417.04740 407.27899  0.00000  0.00000
0921   18.42128  0.02132  0.03150  0.00787 417.04740 407.27899  0.00000  0.00000
0922   18.44097  0.01966  0.03937  0.00787 417.04740 407.27899  0.00000  0.00000
0923   18.46083  0.01984  0.03937  0.00787 417.04740 407.27899  0.00000  0.00000
0924   18.48007  0.01921  0.03937  0.00787 417.04740 407.22990  0.00000  0.00000
0925   18.50027  0.02018  0.03937  0.00787 417.04740 407.22990  0.00000  0.00000
0926   18.51970  0.01941  0.03937  0.00787 417.04740 407.22990  0.00000  0.00000
0927   18.53994  0.02022  0.03937  0.00787 417.04740 407.22990  0.00000  0.00000
0928   18.56011  0.02015  0.03937  0.00787 417.04740 407.22990  0.00000  0.00000
0929   18.58000  0.01987  0.03937  0.00787 417.04740 407.22990  0.00000  0.00000
0930   18.60031  0.02029  0.03937  0.00787 417.04740 407.22990  0.00000  0.00000
0931   18.62034  0.02001  0.03937  0.00787 417.04740 407.22990  0.00000  0.00000
0932   18.64020  0.01984  0.03937  0.00787 417.04740 407.22990  0.00000  0.00000
0933   18.66058  0.02036  0.03937  0.00787 417.04740 407.22990  0.00000  0.00000
0934   18.68098  0.02038  0.03937  0.00787 417.04740 407.27899  0.00000  0.00000
0935   18.69971  0.01871  0.03937  0.00787 417.04740 407.27899  0.00000  0.00000
0936   18.72032  0.02059  0.03937  0.00787 417.04740 407.27899  0.00000  0.00000
0937   18.73994  0.01960  0.03937  0.00787 417.04740 407.27899  0.00000  0.00000
0938   18.76047  0.02051  0.03937  0.00787 417.04740 407.27899  0.00000  0.00000
0939   18.78063  0.02013  0.03937  0.00787 417.04740 407.22990  0.00000  0.00000
0940   18.80025  0.01960  0.03937  0.00787 417.04740 407.22990  0.00000  0.00000
0941   18.82006  0.01979  0.03937  0.00787 417.04740 407.22990  0.00000  0.00000
0942   18.84012  0.02004  0.03937  0.00787 417.04740 407.22990  0.00000  0.00000
0943   18.86043  0.02029  0.03937  0.00787 417.04740 407.22990  0.00000  0.00000
0944   18.88074  0.02028  0.03937  0.00787 417.04740 407.22990  0.00000  0.00000
0945   18.90033  0.01958  0.03937  0.00787 417.04740 407.27899  0.00000  0.00000
0946   18.92001  0.01966  0.03937  0.00787 417.04740 407.27899  0.00000  0.00000
0947   18.94035  0.02031  0.03937  0.00787 417.04740 407.27899  0.00000  0.00000
0948   18.96014  0.01978  0.03937  0.00787 417.04740 407.27899  0.00000  0.00000
0949   18.97977  0.01960  0.03937  0.00787 417.04740 407.27899  0.00000  0.00000
0950   19.00055  0.02076  0.03937  0.00787 417.04740 407.22990  0.00000  0.00000
0951   19.01971  0.01914  0.03937  0.00787 417.04740 407.22990  0.00000  0.00000
0952   19.03998  0.02025  0.03937  0.00787 417.04740 407.27899  0.00000  0.00000
0953   19.06010  0.02010  0.03937  0.00787 417.04740 407.27899  0.00000  0.00000
0954   19.08160  0.02148  0.03937  0.00787 417.04740 407.27899  0.00000  0.00000
0955   19.09999  0.01836  0.03937  0.00787 417.04740 407.22990  0.00000  0.00000
0956   19.12047  0.02046  0.03937  0.00787 417.04740 407.22990  0.00000  0.00000
0957   19.14022  0.01974  0.03937  0.00787 417.04740 407.22990  0.00000  0.00000
0958   19.16082  0.02058  0.03937  0.00787 417.04740 407.22990  0.00000  0.00000
0959   19.17998  0.01914  0.03937  0.00787 417.04740 407.22990  0.00000  0.00000
0960   19.19995  0.01995  0.03937  0.00787 417.04740 407.27899  0.00000  0.00000
0961   19.22089  0.02091  0.03937  0.00787 417.04740 407.27899  0.00000  0.00000
0962   19.24007  0.01916  0.03937  0.00787 417.04740 407.27899  0.00000  0.00000
0963   19.26034  0.02026  0.03937  0.00787 417.04740 407.27899  0.00000  0.00000
0964   19.28024  0.01988  0.03937  0.00787 417.04740 407.27899  0.00000  0.00000
0965   19.30050  0.02024  0.03937  0.00787 417.04740 407.27899  0.00000  0.00000
0966   19.32005  0.01953  0.03937  0.00787 417.04740 407.27899  0.00000  0.00000
0967   19.34050  0.02043  0.03937  0.00787 417.04740 407.27899  0.00000  0.00000
0968   19.36011  0.01958  0.03937  0.00787 417.04740 407.22990  0.00000  0.00000
0969   19.38076  0.02064  0.03150  0.00787 417.04740 407.27899  0.00000  0.00000
0970   19.40119  0.02040  0.03937  0.00787 417.04740 407.27899  0.00000  0.00000
0971   19.42075  0.01954  0.03937  0.00787 417.04740 407.27899  0.00000  0.00000
0972   19.44080  0.02003  0.03937  0.00787 417.04740 407.27899  0.00000  0.00000
0973   19.46061  0.01978  0.03937  0.00787 417.04740 407.27899  0.00000  0.00000
0974   19.48169  0.02106  0.03937  0.00787 417.04740 407.27899  0.00000  0.00000
0975   19.50134  0.01964  0.03937  0.00787 417.04740 407.27899  0.00000  0.00000
0976   19.52160  0.02024  0.03937  0.00787 417.04740 407.27899  0.00000  0.00000
0977   19.54577  0.02415  0.03937  0.00787 417.04740 407.27899  0.00000  0.00000
0978   19.56032  0.01453  0.03937  0.00787 417.04740 407.27899  0.00000  0.00000
0979   19.57966  0.01933  0.03937  0.00787 417.04740 407.27899  0.00000  0.00000
0980   19.59970  0.02001  0.03937  0.00787 417.04740 407.27899  0.00000  0.00000
0981   19.61972  0.02000  0.03937  0.00787 417.04740 407.27899  0.00000  0.00000
0982   19.63983  0.02010  0.03937  0.00787 417.04740 407.27899  0.00000  0.00000
0983   19.66058  0.02073  0.03937  0.00787 417.04740 407.27899  0.00000  0.00000
0984   19.67999  0.01939  0.03937  0.00787 417.04740 407.27899  0.00000  0.00000
0985   19.69970  0.01969  0.03937  0.00787 417.04740 407.27899  0.00000  0.00000
0986   19.72049  0.02077  0.03937  0.00787 417.04740 407.27899  0.00000  0.00000
0987   19.74019  0.01967  0.03937  0.00787 417.04740 407.27899  0.00000  0.00000
0988   19.76026  0.02005  0.03937  0.00787 417.04740 407.27899  0.00000  0.00000
0989   19.78000  0.01972  0.03937  0.00787 417.04740 407.27899  0.00000  0.00000
0990   19.79974  0.01972  0.03937  0.00787 417.04740 407.27899  0.00000  0.00000
0991   19.81960  0.01985  0.03937  0.00787 417.04740 407.27899  0.00000  0.00000
0992   19.84008  0.02046  0.03937  0.00787 417.04740 407.27899  0.00000  0.00000
0993   19.86014  0.02004  0.03937  0.00787 417.04740 407.27899  0.00000  0.00000
0994   19.87969  0.01953  0.03937  0.00787 417.04740 407.22990  0.00000  0.00000
0995   19.89968  0.01996  0.03937  0.00787 417.04740 407.22990  0.00000  0.00000
0996   19.91973  0.02003  0.03937  0.00787 417.04740 407.27899  0.00000  0.00000
0997   19.94023  0.02049  0.03937  0.00787 417.04740 407.27899  0.00000  0.00000
0998   19.96012  0.01987  0.03937  0.00787 417.09649 407.27899  0.00000  0.00000
0999   19.98014  0.02000  0.03937  0.00787 417.09649 407.32808  0.00000  0.00000
1000   20.00046  0.02029  0.03937  0.00787 417.09649 407.32808  0.00000  0.00000
1001   20.02023  0.01976  0.03937  0.00787 417.09649 407.37716  0.00000  1.09043
1002   20.04005  0.01979  0.03937  0.00787 417.14558 407.37716  0.71874  1.09043
1003   20.06075  0.02068  0.03937  0.00787 417.14558 407.37716  0.71874  1.09043
1004   20.08002  0.01925  0.03937  0.00787 417.14558 407.37716  0.71874  1.09043
1005   20.10084  0.02080  0.03150  0.00787 417.14558 407.37716  0.71874  1.09043
1006   20.12078  0.01993  0.02362  0.00787 417.14558 407.37716  0.71874  1.09043
1007   20.14007  0.01926  0.02362  0.00787 417.14558 407.37716  0.71874  1.09043
1008   20.16057  0.02049  0.02362  0.00787 417.14558 407.37716  0.71874  1.09043
1009   20.17995  0.01936  0.02362  0.00787 417.14558 407.32808  0.71874  0.00000
1010   20.20043  0.02046  0.02362  0.00000 417.09649 407.27899  0.00000  0.00000
1011   20.22078  0.02032  0.02362  0.00000 417.04740 407.13173  0.00000 -5.32436
1012   20.24054  0.01975  0.02362  0.00787 416.94923 407.08264 -3.18271 -5.46396
1013   20.25968  0.01912  0.02362  0.00787 416.94923 406.98446 -3.18271 -5.04145
1014   20.28010  0.02040  0.02362  0.00787 416.85105 406.98446 -2.91624 -5.04145
1015   20.29967  0.01955  0.02362  0.00787 416.70379 406.88629 -3.89274 -3.77985
1016   20.31968  0.01998  0.02362  0.00787 416.55652 406.78811 -4.56620 -4.06282
1017   20.34090  0.02118  0.02362  0.00000 416.40926 406.64085 -6.38911 -4.10207
1018   20.35977  0.01885  0.02362  0.00000 416.31109 406.59176 -6.75182 -4.01422
1019   20.38004  0.02025  0.02362  0.00000 416.26200 406.49359 -6.13999 -3.85547
1020   20.39991  0.01985  0.02362  0.00000 416.26200 406.49359 -6.13999 -3.85547
1021   20.42032  0.02039  0.01575  0.00000 416.31109 406.54268 -6.13999 -3.85547
1022   20.44117  0.02083  0.02362  0.00787 416.36017 406.54268 -2.76131 -3.85547
1023   20.45998  0.01879  0.02362  0.00787 416.36017 406.54268 -2.76131 -3.85547
1024   20.47991  0.01990  0.02362  0.00787 416.36017 406.54268 -2.76131 -3.85547
1025   20.50039  0.02046  0.02362  0.00787 416.36017 406.59176 -2.76131 -1.82979
1026   20.52109  0.02067  0.01575  0.00000 416.36017 406.59176 -2.76131 -1.82979
1027   20.53968  0.01857  0.01575  0.00000 416.36017 406.59176 -2.76131 -1.82979
1028   20.56094  0.02124  0.02362  0.00000 416.36017 406.54268 -2.76131 -1.82979
1029   20.58031  0.01935  0.01575  0.00000 416.36017 406.54268 -2.76131 -1.82979
1030   20.59981  0.01948  0.01575  0.00000 416.36017 406.54268  0.00000 -1.82979
1031   20.61966  0.01983  0.01575  0.00000 416.36017 406.54268  0.00000 -1.82979
1032   20.63957  0.01990  0.01575  0.00000 416.36017 406.54268  0.00000 -1.82979
1033   20.66022  0.02062  0.01575  0.00000 416.36017 406.59176  0.00000  0.00000
1034   20.68048  0.02024  0.01575  0.00000 416.36017 406.59176  0.00000  0.00000
1035   20.70031  0.01981  0.01575  0.00000 416.36017 406.64085  0.00000  0.00000
1036   20.72095  0.02063  0.01575  0.00000 416.40926 406.59176  0.00000  0.00000
1037   20.74009  0.01911  0.01575  0.00000 416.40926 406.59176  0.00000  0.00000
1038   20.76005  0.01994  0.01575  0.00000 416.40926 406.59176  0.00000  0.00000
1039   20.78093  0.02085  0.01575  0.00000 416.40926 406.59176  0.00000  0.00000
1040   20.79974  0.01879  0.01575  0.00000 416.40926 406.59176  0.00000  0.00000
1041   20.81966  0.01990  0.01575  0.00000 416.40926 406.59176  0.00000  0.00000
1042   20.83982  0.02014  0.01575  0.00000 416.40926 406.59176  0.00000  0.00000
1043   20.85980  0.01996  0.01575  0.00000 416.40926 406.59176  0.00000  0.00000
1044   20.87977  0.01994  0.01575  0.00000 416.40926 406.59176  0.00000  0.00000
1045   20.90011  0.02032  0.01575  0.00000 416.40926 406.59176  0.00000  0.00000
1046   20.91998  0.01985  0.01575  0.00000 416.40926 406.59176  0.00000  0.00000
1047   20.94040  0.02040  0.01575  0.00000 416.40926 406.59176  0.00000  0.00000
1048   20.95968  0.01926  0.01575  0.00000 416.40926 406.59176  0.00000  0.00000
1049   20.98042  0.02072  0.01575  0.00000 416.40926 406.59176  0.00000  0.00000
1050   20.99990  0.01946  0.01575  0.00000 416.40926 406.59176  0.00000  0.00000
1051   21.01967  0.01975  0.01575  0.00000 416.40926 406.59176  0.00000  0.00000
1052   21.04012  0.02042  0.01575  0.00000 416.40926 406.59176  0.00000  0.00000
1053   21.06031  0.02017  0.01575  0.00000 416.40926 406.59176  0.00000  0.00000
1054   21.07974  0.01941  0.01575  0.00000 416.40926 406.59176  0.00000  0.00000
1055   21.09981  0.02005  0.01575  0.00000 416.40926 406.59176  0.00000  0.00000
1056   21.11972  0.01990  0.01575  0.00000 416.40926 406.59176  0.00000  0.00000
1057   21.13992  0.02016  0.01575  0.00000 416.40926 406.59176  0.00000  0.00000
1058   21.16012  0.02017  0.01575  0.00000 416.40926 406.59176  0.00000  0.00000
1059   21.18021  0.02007  0.01575  0.00000 416.40926 406.59176  0.00000  0.00000
1060   21.19969  0.01946  0.01575  0.00000 416.40926 406.59176  0.00000  0.00000
1061   21.21992  0.02021  0.01575  0.00000 416.40926 406.59176  0.00000  0.00000
1062   21.23965  0.01971  0.01575  0.00000 416.40926 406.59176  0.00000  0.00000
1063   21.25984  0.02017  0.01575  0.00000 416.40926 406.59176  0.00000  0.00000
1064   21.27979  0.01993  0.01575  0.00000 416.40926 406.59176  0.00000  0.00000
1065   21.29971  0.01990  0.01575  0.00000 416.40926 406.59176  0.00000  0.00000
1066   21.31987  0.02015  0.01575  0.00000 416.40926 406.59176  0.00000  0.00000
1067   21.33983  0.01993  0.01575  0.00000 416.40926 406.59176  0.00000  0.00000
1068   21.35969  0.01984  0.01575  0.00000 416.40926 406.59176  0.00000  0.00000
1069   21.38004  0.02033  0.01575  0.00000 416.40926 406.59176  0.00000  0.00000
1070   21.39995  0.01989  0.01575  0.00000 416.40926 406.59176  0.00000  0.00000
1071   21.42065  0.02068  0.02362  0.00000 416.40926 406.59176  0.00000  0.00000
1072   21.44143  0.02076  0.01575  0.00000 416.40926 406.59176  0.00000  0.00000
1073   21.45990  0.01846  0.01575  0.00000 416.40926 406.59176  0.00000  0.00000
1074   21.47987  0.01994  0.01575  0.00000 416.40926 406.59176  0.00000  0.00000
1075   21.50045  0.02056  0.01575  0.00000 416.40926 406.59176  0.00000  0.00000
1076   21.51981  0.01935  0.01575  0.00000 416.40926 406.59176  0.00000  0.00000
1077   21.53966  0.01982  0.01575  0.00000 416.40926 406.59176  0.00000  0.00000
1078   21.55996  0.02028  0.01575  0.00000 416.40926 406.59176  0.00000  0.00000
1079   21.57971  0.01973  0.01575  0.00000 416.40926 406.59176  0.00000  0.00000
1080   21.60012  0.02039  0.01575  0.00000 416.40926 406.59176  0.00000  0.00000
1081   21.62000  0.01986  0.01575  0.00000 416.40926 406.59176  0.00000  0.00000
1082   21.64004  0.02002  0.01575  0.00000 416.40926 406.59176  0.00000  0.00000
1083   21.65990  0.01984  0.01575  0.00000 416.40926 406.59176  0.00000  0.00000
1084   21.67967  0.01974  0.01575  0.00000 416.40926 406.59176  0.00000  0.00000
1085   21.69987  0.02019  0.01575  0.00000 416.40926 406.59176  0.00000  0.00000
1086   21.72002  0.02013  0.01575  0.00000 416.40926 406.59176  0.00000  0.00000
1087   21.73964  0.01960  0.01575  0.00000 416.40926 406.59176  0.00000  0.00000
1088   21.75961  0.01995  0.01575  0.00000 416.40926 406.59176  0.00000  0.00000
1089   21.78003  0.02041  0.01575  0.00000 416.40926 406.59176  0.00000  0.00000
9999 9999.00000 9999.00000 999.00000 999.00000 9999.00000 9999.00000 999.00000 999.00000
