DT    0.00073  0.00787  0.00787 0
EL    0.00119  0.00000  0.00000 0
DT    0.01971  0.00787  0.00787 0
DT    0.04075  0.00000  0.00787 0
DT    0.06065 -0.02344  0.00000 0
DT    0.08029 -0.04688  0.00000 0
DT    0.10115 -0.06250 -0.01563 0
DT    0.12103 -0.07813 -0.03125 0
DT    0.14127 -0.10156 -0.07031 0
DT    0.16117 -0.12500 -0.10938 0
DT    0.18122 -0.14844 -0.14844 0
DT    0.20187 -0.17969 -0.17969 0
DT    0.22079 -0.22656 -0.21875 0
DT    0.24107 -0.23438 -0.24219 0
DT    0.26147 -0.26563 -0.27344 0
DT    0.28066 -0.28125 -0.28906 0
DT    0.30023 -0.29688 -0.28906 0
DT    0.32101 -0.30469 -0.29688 0
DT    0.34026 -0.31250 -0.29688 0
DT    0.36018 -0.32031 -0.29688 0
DT    0.38037 -0.32031 -0.28906 0
DT    0.40012 -0.32813 -0.28906 0
DT    0.42104 -0.33594 -0.28906 0
DT    0.44071 -0.34375 -0.28906 0
DT    0.46040 -0.35156 -0.28906 0
DT    0.48061 -0.35156 -0.29688 0
DT    0.50031 -0.35938 -0.29688 0
DT    0.52012 -0.37500 -0.29688 0
DT    0.54048 -0.38281 -0.29688 0
DT    0.55967 -0.38281 -0.29688 0
DT    0.58044 -0.39063 -0.29688 0
DT    0.59975 -0.39063 -0.29688 0
DT    0.61958 -0.39063 -0.29688 0
DT    0.64009 -0.39063 -0.29688 0
DT    0.65989 -0.39063 -0.29688 0
DT    0.68018 -0.39063 -0.29688 0
DT    0.69993 -0.39063 -0.29688 0
DT    0.71964 -0.39063 -0.29688 0
DT    0.74024 -0.39844 -0.29688 0
DT    0.75985 -0.39844 -0.29688 0
DT    0.78040 -0.40625 -0.29688 0
DT    0.79974 -0.40625 -0.29688 0
DT    0.82024 -0.40625 -0.30469 0
DT    0.83996 -0.40625 -0.30469 0
DT    0.86021 -0.40625 -0.30469 0
DT    0.88051 -0.40625 -0.30469 0
DT    0.90030 -0.40625 -0.30469 0
DT    0.92150 -0.40625 -0.31250 0
DT    0.93970 -0.40625 -0.31250 0
DT    0.95967 -0.40625 -0.31250 0
DT    0.98045 -0.40625 -0.31250 0
DT    0.99959 -0.40625 -0.31250 0
DT    1.01958 -0.40625 -0.31250 0
DT    1.04043 -0.40625 -0.32031 0
DT    1.05980 -0.40625 -0.32031 0
DT    1.08118 -0.40625 -0.32813 0
DT    1.09976 -0.40625 -0.32813 0
DT    1.12020 -0.40625 -0.33594 0
DT    1.14028 -0.40625 -0.33594 0
DT    1.16109 -0.39844 -0.34375 0
DT    1.17974 -0.39844 -0.34375 0
DT    1.20050 -0.39844 -0.35156 0
DT    1.22033 -0.39844 -0.35938 0
DT    1.23976 -0.39844 -0.35938 0
DT    1.26074 -0.39844 -0.36719 0
DT    1.28004 -0.39844 -0.36719 0
DT    1.30107 -0.39844 -0.37500 0
DT    1.32090 -0.39844 -0.38281 0
DT    1.34052 -0.39844 -0.38281 0
DT    1.36058 -0.39844 -0.39063 0
DT    1.38232 -0.39844 -0.39063 0
DT    1.39974 -0.39844 -0.39063 0
DT    1.42007 -0.39844 -0.39063 0
DT    1.44112 -0.39844 -0.39844 0
DT    1.45987 -0.39844 -0.39844 0
DT    1.48017 -0.39844 -0.39844 0
DT    1.49985 -0.39844 -0.39844 0
DT    1.52008 -0.39844 -0.39844 0
DT    1.54057 -0.39844 -0.39844 0
DT    1.56020 -0.39844 -0.39844 0
DT    1.58246 -0.39063 -0.40625 0
DT    1.60010 -0.39063 -0.40625 0
DT    1.62087 -0.38281 -0.40625 0
DT    1.64314 -0.38281 -0.40625 0
DT    1.66142 -0.36719 -0.42188 0
DT    1.68030 -0.36719 -0.42188 0
DT    1.70004 -0.36719 -0.42188 0
DT    1.71996 -0.36719 -0.42188 0
DT    1.74020 -0.36719 -0.42188 0
DT    1.76037 -0.36719 -0.42188 0
DT    1.78030 -0.36719 -0.42188 0
DT    1.80178 -0.36719 -0.42188 0
DT    1.81984 -0.36719 -0.42188 0
DT    1.84001 -0.36719 -0.42188 0
DT    1.86003 -0.36719 -0.42188 0
DT    1.88025 -0.36719 -0.42188 0
DT    1.89969 -0.36719 -0.42188 0
DT    1.91989 -0.36719 -0.42188 0
DT    1.93986 -0.36719 -0.42188 0
DT    1.96000 -0.36719 -0.42188 0
DT    1.98040 -0.36719 -0.42188 0
DT    2.00007 -0.36719 -0.42188 0
DT    2.01994 -0.36719 -0.42188 0
DT    2.04024 -0.36719 -0.42188 0
DT    2.06007 -0.36719 -0.42188 0
DT    2.08074 -0.36719 -0.42188 0
DT    2.09998 -0.36719 -0.42188 0
DT    2.11997 -0.36719 -0.42188 0
DT    2.14011 -0.36719 -0.42188 0
DT    2.15984 -0.36719 -0.42188 0
DT    2.18005 -0.36719 -0.42188 0
DT    2.20011 -0.36719 -0.42188 0
DT    2.22031 -0.36719 -0.42188 0
DT    2.24028 -0.36719 -0.42188 0
DT    2.26043 -0.36719 -0.42188 0
DT    2.28037 -0.36719 -0.42188 0
DT    2.30057 -0.36719 -0.42188 0
DT    2.32088 -0.37500 -0.42188 0
DT    2.34028 -0.37500 -0.42188 0
DT    2.35999 -0.37500 -0.42188 0
DT    2.37972 -0.37500 -0.42188 0
DT    2.40021 -0.37500 -0.42188 0
DT    2.42019 -0.37500 -0.42188 0
DT    2.44031 -0.37500 -0.42188 0
DT    2.45974 -0.37500 -0.42188 0
DT    2.47998 -0.37500 -0.42188 0
DT    2.50042 -0.38281 -0.42188 0
DT    2.51986 -0.38281 -0.42188 0
DT    2.54141 -0.39063 -0.41406 0
DT    2.55966 -0.39063 -0.41406 0
DT    2.58263 -0.39063 -0.41406 0
DT    2.60055 -0.40625 -0.41406 0
DT    2.62011 -0.40625 -0.41406 0
DT    2.64088 -0.40625 -0.41406 0
DT    2.65974 -0.40625 -0.41406 0
DT    2.67981 -0.40625 -0.41406 0
DT    2.69992 -0.40625 -0.41406 0
DT    2.72066 -0.41406 -0.41406 0
DT    2.73996 -0.41406 -0.41406 0
DT    2.76037 -0.41406 -0.41406 0
DT    2.78000 -0.41406 -0.41406 0
DT    2.80016 -0.41406 -0.41406 0
DT    2.81990 -0.41406 -0.41406 0
DT    2.84027 -0.41406 -0.41406 0
DT    2.86033 -0.41406 -0.41406 0
DT    2.88007 -0.41406 -0.41406 0
DT    2.89956 -0.41406 -0.41406 0
DT    2.92048 -0.41406 -0.41406 0
DT    2.94065 -0.41406 -0.41406 0
DT    2.96031 -0.41406 -0.41406 0
DT    2.98050 -0.41406 -0.41406 0
DT    3.00096 -0.40625 -0.41406 0
DT    3.02008 -0.40625 -0.41406 0
DT    3.04002 -0.40625 -0.41406 0
DT    3.06034 -0.40625 -0.41406 0
DT    3.08085 -0.40625 -0.41406 0
DT    3.09966 -0.40625 -0.41406 0
DT    3.12065 -0.40625 -0.42188 0
DT    3.14032 -0.40625 -0.42188 0
DT    3.15994 -0.40625 -0.42188 0
DT    3.17975 -0.40625 -0.42188 0
DT    3.19998 -0.40625 -0.42188 0
DT    3.21990 -0.40625 -0.42188 0
DT    3.24066 -0.40625 -0.42188 0
DT    3.25985 -0.40625 -0.42188 0
DT    3.28013 -0.40625 -0.42188 0
DT    3.30048 -0.40625 -0.42188 0
DT    3.31993 -0.40625 -0.42188 0
DT    3.34029 -0.40625 -0.42188 0
DT    3.36011 -0.40625 -0.42188 0
DT    3.37977 -0.40625 -0.42188 0
DT    3.39979 -0.40625 -0.42188 0
DT    3.41984 -0.40625 -0.42188 0
DT    3.44021 -0.40625 -0.42188 0
DT    3.45982 -0.40625 -0.42188 0
DT    3.48099 -0.40625 -0.42188 0
DT    3.50018 -0.40625 -0.42188 0
DT    3.52075 -0.39844 -0.42188 0
DT    3.53963 -0.39844 -0.42188 0
DT    3.56008 -0.39063 -0.42188 0
DT    3.58031 -0.37500 -0.42188 0
DT    3.60031 -0.36719 -0.42188 0
DT    3.62031 -0.35156 -0.42188 0
DT    3.64084 -0.33594 -0.42188 0
DT    3.66052 -0.32031 -0.42188 0
DT    3.68074 -0.29688 -0.42188 0
DT    3.70097 -0.27344 -0.42188 0
DT    3.72101 -0.27344 -0.42969 0
DT    3.74134 -0.26563 -0.42969 0
DT    3.76051 -0.25781 -0.42969 0
DT    3.78032 -0.23438 -0.42969 0
DT    3.80044 -0.23438 -0.43750 0
DT    3.82079 -0.21094 -0.44531 0
DT    3.84024 -0.20313 -0.44531 0
DT    3.86115 -0.17969 -0.45313 0
DT    3.88040 -0.14844 -0.45313 0
DT    3.89966 -0.14844 -0.45313 0
DT    3.92024 -0.12500 -0.45313 0
DT    3.94229 -0.12500 -0.45313 0
DT    3.96114 -0.06250 -0.46094 0
DT    3.98105 -0.02344 -0.46094 0
DT    4.00020  0.00000 -0.46094 0
DT    4.02084  0.00787 -0.46094 0
DT    4.03970  0.00787 -0.46094 0
DT    4.05972  0.00787 -0.46094 0
DT    4.07978  0.00787 -0.46094 0
DT    4.09962  0.00787 -0.46094 0
DT    4.12011 -0.00781 -0.46094 0
DT    4.14062 -0.03906 -0.46094 0
DT    4.16083 -0.07031 -0.46094 0
DT    4.18073 -0.07813 -0.46094 0
DT    4.19970 -0.07813 -0.46094 0
DT    4.22015 -0.07031 -0.46094 0
DT    4.24004 -0.07031 -0.46094 0
DT    4.26049 -0.03906 -0.46094 0
DT    4.28015  0.00787 -0.46094 0
DT    4.30613  0.00787 -0.46094 0
DT    4.32838  0.01575 -0.46094 0
DT    4.34973  0.02362 -0.46094 0
DT    4.36316  0.03150 -0.46094 0
DT    4.38121  0.03937 -0.46875 0
DT    4.40089  0.04724 -0.46875 0
DT    4.42165  0.04724 -0.47656 0
DT    4.44066  0.04724 -0.47656 0
DT    4.46100  0.06299 -0.47656 0
DT    4.48040  0.07874 -0.47656 0
DT    4.50161  0.10236 -0.48438 0
DT    4.52087  0.11024 -0.48438 0
DT    4.54049  0.13386 -0.48438 0
DT    4.56017  0.14961 -0.48438 0
DT    4.58038  0.15748 -0.48438 0
DT    4.60037  0.16535 -0.48438 0
DT    4.62023  0.17323 -0.48438 0
DT    4.64027  0.18110 -0.48438 0
DT    4.65958  0.18110 -0.48438 0
DT    4.67988  0.18110 -0.48438 0
DT    4.70038  0.17323 -0.48438 0
DT    4.71963  0.17323 -0.48438 0
DT    4.74037  0.17323 -0.48438 0
DT    4.76058  0.16535 -0.48438 0
DT    4.78006  0.16535 -0.48438 0
DT    4.79966  0.16535 -0.48438 0
DT    4.82031  0.15748 -0.48438 0
DT    4.84016  0.14961 -0.48438 0
DT    4.86042  0.11811 -0.48438 0
DT    4.88041  0.07874 -0.48438 0
DT    4.90039  0.04724 -0.48438 0
DT    4.92020  0.03937 -0.48438 0
DT    4.93970  0.03937 -0.48438 0
DT    4.95995  0.03937 -0.48438 0
DT    4.97967  0.03937 -0.48438 0
DT    4.99971  0.03937 -0.48438 0
DT    5.02007  0.03937 -0.48438 0
DT    5.03979  0.03937 -0.48438 0
DT    5.05975  0.03937 -0.48438 0
DT    5.08062  0.03937 -0.48438 0
DT    5.09997  0.03937 -0.48438 0
DT    5.12085  0.03937 -0.49219 0
DT    5.14006  0.03937 -0.49219 0
DT    5.16011  0.03937 -0.49219 0
DT    5.18096  0.03937 -0.50000 0
DT    5.19996  0.03937 -0.50000 0
DT    5.22058  0.03937 -0.50781 0
DT    5.24005  0.03937 -0.50781 0
DT    5.26019  0.03937 -0.51563 0
DT    5.28024  0.03937 -0.52344 0
DT    5.29976  0.03937 -0.52344 0
DT    5.32099  0.04724 -0.53125 0
DT    5.34060  0.03937 -0.53125 0
DT    5.36016  0.03937 -0.53906 0
DT    5.38018  0.03937 -0.54688 0
DT    5.40089  0.04724 -0.54688 0
DT    5.42125  0.07087 -0.55469 0
DT    5.44042  0.08661 -0.55469 0
DT    5.46065  0.08661 -0.56250 0
DT    5.48005  0.07874 -0.56250 0
DT    5.50032  0.04724 -0.56250 0
DT    5.52047  0.04724 -0.55469 0
DT    5.54020  0.01575 -0.55469 0
DT    5.56036  0.03150 -0.55469 0
DT    5.58016  0.00787 -0.55469 0
DT    5.60122 -0.02344 -0.54688 0
DT    5.62117 -0.09375 -0.54688 0
DT    5.63949 -0.09375 -0.54688 0
DT    5.66063 -0.13281 -0.53906 0
DT    5.68097 -0.16406 -0.52344 0
DT    5.70077 -0.19531 -0.51563 0
DT    5.72085 -0.20313 -0.50781 0
DT    5.74088 -0.21094 -0.50000 0
DT    5.76023 -0.21094 -0.49219 0
DT    5.78090 -0.21094 -0.48438 0
DT    5.80056 -0.21094 -0.47656 0
DT    5.82085 -0.21094 -0.47656 0
DT    5.84167 -0.21875 -0.43750 0
DT    5.86120 -0.23438 -0.42969 0
DT    5.88121 -0.24219 -0.41406 0
DT    5.90150 -0.25000 -0.39063 0
DT    5.92138 -0.25781 -0.37500 0
DT    5.94114 -0.27344 -0.35156 0
DT    5.96032 -0.27344 -0.34375 0
DT    5.98040 -0.27344 -0.32813 0
DT    6.00211 -0.28125 -0.32031 0
DT    6.02065 -0.28125 -0.30469 0
DT    6.04071 -0.28125 -0.28906 0
DT    6.06070 -0.28125 -0.28125 0
DT    6.08130 -0.28906 -0.26563 0
DT    6.10284 -0.28906 -0.26563 0
DT    6.12081 -0.28906 -0.25000 0
DT    6.14033 -0.28906 -0.24219 0
DT    6.16024 -0.28906 -0.22656 0
DT    6.17981 -0.28906 -0.22656 0
DT    6.20015 -0.28906 -0.21875 0
DT    6.22019 -0.28906 -0.21094 0
DT    6.24049 -0.28906 -0.20313 0
DT    6.25979 -0.28906 -0.20313 0
DT    6.28086 -0.29688 -0.20313 0
DT    6.29962 -0.29688 -0.20313 0
DT    6.31975 -0.29688 -0.20313 0
DT    6.34107 -0.28906 -0.21094 0
DT    6.35959 -0.28906 -0.21094 0
DT    6.38023 -0.28906 -0.21875 0
DT    6.40038 -0.28906 -0.22656 0
DT    6.42047 -0.28906 -0.25000 0
DT    6.44096 -0.27344 -0.28125 0
DT    6.46130 -0.26563 -0.29688 0
DT    6.48096 -0.24219 -0.31250 0
DT    6.50172 -0.23438 -0.34375 0
DT    6.52130 -0.21094 -0.35938 0
DT    6.54069 -0.20313 -0.37500 0
DT    6.56074 -0.20313 -0.39844 0
DT    6.58105 -0.19531 -0.41406 0
DT    6.60060 -0.19531 -0.42188 0
DT    6.62095 -0.19531 -0.43750 0
DT    6.64007 -0.19531 -0.43750 0
DT    6.66051 -0.19531 -0.45313 0
DT    6.68005 -0.19531 -0.45313 0
DT    6.70058 -0.19531 -0.46875 0
DT    6.72057 -0.19531 -0.47656 0
DT    6.74035 -0.19531 -0.48438 0
DT    6.76006 -0.19531 -0.49219 0
DT    6.78036 -0.19531 -0.50000 0
DT    6.80025 -0.19531 -0.50781 0
DT    6.81988 -0.19531 -0.50781 0
DT    6.84051 -0.19531 -0.51563 0
DT    6.85967 -0.19531 -0.51563 0
DT    6.87961 -0.19531 -0.51563 0
DT    6.89995 -0.19531 -0.51563 0
DT    6.92162 -0.20313 -0.51563 0
DT    6.94003 -0.20313 -0.51563 0
DT    6.95973 -0.20313 -0.51563 0
DT    6.98023 -0.21875 -0.51563 0
DT    7.00041 -0.22656 -0.51563 0
DT    7.02078 -0.24219 -0.50781 0
DT    7.04072 -0.25781 -0.50000 0
DT    7.06108 -0.27344 -0.49219 0
DT    7.08095 -0.28125 -0.48438 0
DT    7.10091 -0.30469 -0.46875 0
DT    7.12111 -0.32031 -0.44531 0
DT    7.14077 -0.33594 -0.43750 0
DT    7.16180 -0.35156 -0.42188 0
DT    7.18115 -0.35938 -0.41406 0
DT    7.20109 -0.37500 -0.39063 0
DT    7.22138 -0.38281 -0.38281 0
DT    7.24077 -0.39844 -0.36719 0
DT    7.26025 -0.39844 -0.35938 0
DT    7.28147 -0.39844 -0.35938 0
DT    7.30080 -0.40625 -0.35156 0
DT    7.31976 -0.40625 -0.35156 0
DT    7.34015 -0.40625 -0.35156 0
DT    7.36015 -0.40625 -0.35156 0
DT    7.38052 -0.40625 -0.35156 0
DT    7.40035 -0.40625 -0.35156 0
DT    7.42058 -0.40625 -0.35156 0
DT    7.43989 -0.40625 -0.35156 0
DT    7.45970 -0.40625 -0.35156 0
DT    7.47967 -0.40625 -0.35156 0
DT    7.50144 -0.39844 -0.35938 0
DT    7.51954 -0.39844 -0.35938 0
DT    7.53978 -0.39844 -0.35938 0
DT    7.55985 -0.39844 -0.35938 0
DT    7.57958 -0.39844 -0.35938 0
DT    7.60030 -0.39844 -0.36719 0
DT    7.61991 -0.39844 -0.36719 0
DT    7.64038 -0.39844 -0.38281 0
DT    7.66075 -0.39844 -0.39063 0
DT    7.68011 -0.39844 -0.39844 0
DT    7.69968 -0.39844 -0.39844 0
DT    7.72056 -0.39844 -0.40625 0
DT    7.74033 -0.39844 -0.41406 0
DT    7.76020 -0.39844 -0.42188 0
DT    7.77981 -0.39844 -0.42188 0
DT    7.80021 -0.39844 -0.42969 0
DT    7.82147 -0.39844 -0.42969 0
DT    7.84020 -0.39844 -0.42969 0
DT    7.85982 -0.39844 -0.42969 0
DT    7.88088 -0.39063 -0.42969 0
DT    7.90018 -0.38281 -0.42969 0
DT    7.91978 -0.38281 -0.42969 0
DT    7.94057 -0.37500 -0.42969 0
DT    7.95976 -0.37500 -0.42969 0
DT    7.97956 -0.37500 -0.42969 0
DT    7.99986 -0.37500 -0.42969 0
DT    8.01980 -0.37500 -0.42969 0
DT    8.04019 -0.38281 -0.42969 0
DT    8.06000 -0.38281 -0.42969 0
DT    8.08029 -0.38281 -0.42969 0
DT    8.10051 -0.38281 -0.42969 0
DT    8.12097 -0.37500 -0.42969 0
DT    8.14002 -0.37500 -0.42969 0
DT    8.16179 -0.37500 -0.42969 0
DT    8.17964 -0.37500 -0.42969 0
DT    8.19969 -0.37500 -0.42969 0
DT    8.22055 -0.38281 -0.42969 0
DT    8.23967 -0.38281 -0.42969 0
DT    8.25955 -0.38281 -0.42969 0
DT    8.28134 -0.38281 -0.42969 0
DT    8.30044 -0.38281 -0.41406 0
DT    8.31993 -0.38281 -0.41406 0
DT    8.34065 -0.38281 -0.39844 0
DT    8.36073 -0.38281 -0.39063 0
DT    8.37998 -0.38281 -0.39063 0
DT    8.40105 -0.38281 -0.39063 0
DT    8.42018 -0.38281 -0.37500 0
DT    8.44045 -0.38281 -0.36719 0
DT    8.46039 -0.38281 -0.35938 0
DT    8.48037 -0.38281 -0.35156 0
DT    8.50000 -0.38281 -0.35156 0
DT    8.51965 -0.38281 -0.35156 0
DT    8.54035 -0.38281 -0.34375 0
DT    8.55974 -0.38281 -0.34375 0
DT    8.58070 -0.38281 -0.35156 0
DT    8.60083 -0.38281 -0.34375 0
DT    8.61964 -0.38281 -0.34375 0
DT    8.63958 -0.38281 -0.34375 0
DT    8.66049 -0.38281 -0.33594 0
DT    8.68048 -0.38281 -0.32813 0
DT    8.70006 -0.38281 -0.32031 0
DT    8.72020 -0.38281 -0.30469 0
DT    8.74081 -0.39063 -0.28906 0
DT    8.76139 -0.40625 -0.26563 0
DT    8.78128 -0.41406 -0.24219 0
DT    8.80140 -0.42969 -0.19531 0
DT    8.82126 -0.44531 -0.14063 0
DT    8.84186 -0.46094 -0.10156 0
DT    8.86162 -0.47656 -0.01563 0
DT    8.88159 -0.48438  0.01575 0
DT    8.90130 -0.50000  0.02362 0
DT    8.92109 -0.51563  0.01575 0
DT    8.94035 -0.53125  0.01575 0
DT    8.96028 -0.53906  0.01575 0
DT    8.98091 -0.54688  0.03150 0
DT    9.00058 -0.55469  0.04724 0
DT    9.02040 -0.55469  0.05512 0
DT    9.04026 -0.55469  0.05512 0
DT    9.06111 -0.56250  0.06299 0
DT    9.08042 -0.56250  0.07087 0
DT    9.10061 -0.56250  0.08661 0
DT    9.12028 -0.56250  0.09449 0
DT    9.14035 -0.56250  0.11811 0
DT    9.16063 -0.56250  0.15748 0
DT    9.18032 -0.56250  0.17323 0
DT    9.20135 -0.57031  0.20472 0
DT    9.22062 -0.57031  0.21260 0
DT    9.24119 -0.57813  0.22835 0
DT    9.26232 -0.58594  0.24409 0
DT    9.28122 -0.60156  0.25984 0
DT    9.30106 -0.60156  0.26772 0
DT    9.32088 -0.60938  0.26772 0
DT    9.34043 -0.60938  0.27559 0
DT    9.36752 -0.60938  0.27559 0
DT    9.39030 -0.60938  0.28346 0
DT    9.42510 -0.60156  0.29134 0
DT    9.43106 -0.60156  0.29921 0
DT    9.44230 -0.60156  0.29921 0
DT    9.46098 -0.60156  0.30709 0
DT    9.48118 -0.60156  0.31496 0
DT    9.50055 -0.60156  0.31496 0
DT    9.52154 -0.59375  0.32283 0
DT    9.54121 -0.58594  0.32283 0
DT    9.56183 -0.57813  0.33071 0
DT    9.58157 -0.57813  0.33071 0
DT    9.60244 -0.56250  0.33858 0
DT    9.62066 -0.56250  0.34646 0
DT    9.64143 -0.55469  0.35433 0
DT    9.66131 -0.54688  0.36220 0
DT    9.68106 -0.53906  0.37008 0
DT    9.70125 -0.53125  0.38583 0
DT    9.72128 -0.52344  0.39370 0
DT    9.74115 -0.51563  0.40157 0
DT    9.76090 -0.51563  0.41732 0
DT    9.78110 -0.50781  0.42520 0
DT    9.80145 -0.50000  0.44094 0
DT    9.82187 -0.49219  0.45669 0
DT    9.84250 -0.49219  0.45669 0
DT    9.86103 -0.48438  0.47244 0
DT    9.88140 -0.47656  0.48031 0
DT    9.90048 -0.47656  0.50394 0
DT    9.92146 -0.48438  0.51181 0
DT    9.94037 -0.48438  0.51181 0
DT    9.96067 -0.48438  0.52756 0
DT    9.98097 -0.48438  0.54331 0
DT   10.00011 -0.48438  0.54331 0
DT   10.02098 -0.48438  0.55906 0
DT   10.04160 -0.49219  0.56693 0
DT   10.06028 -0.50000  0.56693 0
DT   10.08136 -0.50781  0.57480 0
DT   10.10065 -0.52344  0.57480 0
DT   10.12073 -0.53906  0.57480 0
DT   10.14078 -0.56250  0.57480 0
DT   10.16007 -0.56250  0.57480 0
DT   10.18121 -0.57813  0.58268 0
DT   10.20124 -0.60156  0.58268 0
DT   10.22113 -0.63281  0.58268 0
DT   10.24127 -0.65625  0.58268 0
DT   10.26065 -0.67188  0.58268 0
DT   10.28038 -0.69531  0.58268 0
DT   10.30038 -0.70313  0.58268 0
DT   10.32097 -0.71875  0.58268 0
DT   10.34068 -0.71875  0.57480 0
DT   10.36018 -0.72656  0.57480 0
DT   10.38019 -0.72656  0.55906 0
DT   10.40037 -0.72656  0.53543 0
DT   10.42052 -0.72656  0.51969 0
DT   10.44046 -0.72656  0.50394 0
DT   10.46037 -0.72656  0.48819 0
DT   10.47988 -0.72656  0.48819 0
DT   10.50083 -0.72656  0.48031 0
DT   10.52030 -0.72656  0.47244 0
DT   10.54117 -0.71875  0.46457 0
DT   10.56109 -0.71875  0.45669 0
DT   10.58157 -0.69531  0.43307 0
DT   10.60171 -0.67969  0.41732 0
DT   10.62093 -0.65625  0.39370 0
DT   10.64093 -0.62500  0.37008 0
DT   10.66136 -0.57031  0.29921 0
DT   10.68250 -0.52344  0.23622 0
DT   10.70109 -0.46094  0.16535 0
DT   10.72157 -0.41406  0.03937 0
DT   10.74127 -0.35156  0.00787 0
DT   10.76121 -0.30469  0.01575 0
DT   10.78183 -0.26563  0.00787 0
DT   10.80042 -0.22656  0.00787 0
DT   10.82129 -0.18750  0.00000 0
DT   10.84101 -0.09375  0.00000 0
DT   10.86120 -0.03125  0.00787 0
DT   10.88054  0.02362  0.00787 0
DT   10.90194  0.03150  0.01575 0
DT   10.92001  0.03150  0.01575 0
DT   10.94108  0.03150  0.00787 0
DT   10.96077  0.03150  0.00000 0
DT   10.98105  0.04724 -0.01563 0
DT   11.00137  0.07087 -0.05469 0
DT   11.02139  0.11024 -0.09375 0
DT   11.04130  0.14961 -0.14063 0
EL   11.04143  0.05469  0.00000 0
DT   11.06158  0.16535 -0.14844 0
EL   11.06160  0.10156  0.00000 0
DT   11.08187  0.22047 -0.21094 0
EL   11.08189  0.13281  0.00000 0
DT   11.10237  0.25197 -0.22656 0
EL   11.10238  0.17969  0.00000 0
DT   11.12269  0.31496 -0.25781 0
EL   11.12271  0.19531  0.00000 0
DT   11.14162  0.36220 -0.26563 0
EL   11.14178  0.21094  0.00000 0
DT   11.16254  0.38583 -0.27344 0
EL   11.16255  0.21875  0.00000 0
DT   11.18182  0.39370 -0.28125 0
EL   11.18184  0.22656  0.00000 0
DT   11.20011  0.39370 -0.28906 0
EL   11.20012  0.22656  0.00000 0
DT   11.22118  0.39370 -0.28125 0
EL   11.22119  0.23438  0.00000 0
DT   11.23977  0.39370 -0.28125 0
EL   11.23978  0.23438  0.00000 0
DT   11.26097  0.38583 -0.28125 0
EL   11.26098  0.26563  0.00000 0
DT   11.28094  0.37795 -0.28125 0
EL   11.28095  0.27344  0.00000 0
DT   11.30100  0.35433 -0.28125 0
EL   11.30102  0.29688  0.00000 0
DT   11.32126  0.34646 -0.27344 0
EL   11.32128  0.29688  0.00000 0
DT   11.34081  0.34646 -0.27344 0
EL   11.34083  0.29688  0.00000 0
DT   11.36132  0.33071 -0.27344 0
EL   11.36134  0.29688  0.00000 0
DT   11.38139  0.31496 -0.26563 0
EL   11.38141  0.30469  0.00000 0
DT   11.40190  0.29921 -0.25781 0
EL   11.40192  0.32031  0.00000 0
DT   11.42137  0.25197 -0.25000 0
EL   11.42139  0.32031  0.00000 0
DT   11.44115  0.24409 -0.24219 0
EL   11.44116  0.32031  0.00000 0
DT   11.46025  0.24409 -0.24219 0
EL   11.46027  0.32031  0.00000 0
DT   11.48159  0.24409 -0.24219 0
EL   11.48161  0.32031  0.00000 0
DT   11.50140  0.24409 -0.25000 0
EL   11.50141  0.32031  0.00000 0
DT   11.52126  0.24409 -0.25781 0
EL   11.52127  0.33594  0.00000 0
DT   11.54169  0.24409 -0.27344 0
EL   11.54170  0.35156  0.00000 0
DT   11.56210  0.25197 -0.28906 0
EL   11.56212  0.36719  0.00000 0
DT   11.58105  0.25197 -0.30469 0
EL   11.58109  0.37500  0.00000 0
DT   11.60086  0.25197 -0.32031 0
EL   11.60088  0.39063  0.00000 0
DT   11.62079  0.25197 -0.33594 0
EL   11.62081  0.39844  0.00000 0
DT   11.64004  0.25197 -0.34375 0
EL   11.64005  0.39844  0.00000 0
DT   11.66071  0.24409 -0.35938 0
EL   11.66073  0.39844  0.00000 0
DT   11.68064  0.24409 -0.36719 0
EL   11.68066  0.39844  0.00000 0
DT   11.70103  0.22835 -0.37500 0
EL   11.70105  0.39844  0.00000 0
DT   11.72145  0.20472 -0.38281 0
EL   11.72146  0.39844  0.00000 0
DT   11.74089  0.18110 -0.39063 0
EL   11.74090  0.39844  0.00000 0
DT   11.76087  0.16535 -0.40625 0
EL   11.76089  0.39844  0.00000 0
DT   11.78231  0.13386 -0.41406 0
EL   11.78233  0.39844  0.00000 0
DT   11.80069  0.06299 -0.42969 0
EL   11.80071  0.39844  0.00000 0
DT   11.82093  0.03937 -0.43750 0
EL   11.82095  0.39844  0.00000 0
DT   11.84045  0.03937 -0.45313 0
EL   11.84046  0.39844  0.00000 0
DT   11.86177  0.03937 -0.45313 0
EL   11.86179  0.39844  0.00000 0
DT   11.88230  0.03937 -0.45313 0
EL   11.88231  0.39844  0.00000 0
DT   11.90169  0.03937 -0.45313 0
EL   11.90171  0.39844  0.00000 0
DT   11.92085  0.03150 -0.44531 0
EL   11.92087  0.39844  0.00000 0
DT   11.94037  0.01575 -0.44531 0
EL   11.94039  0.39844  0.00000 0
DT   11.96073  0.01575 -0.43750 0
EL   11.96077  0.39844  0.00000 0
DT   11.98007  0.01575 -0.43750 0
EL   11.98008  0.39844  0.00000 0
DT   12.00117  0.01575 -0.42188 0
EL   12.00119  0.39844  0.00000 0
DT   12.02008  0.01575 -0.40625 0
EL   12.02009  0.39844  0.00000 0
DT   12.04052  0.01575 -0.39063 0
EL   12.04054  0.39844  0.00000 0
DT   12.06063  0.01575 -0.36719 0
EL   12.06065  0.39844  0.00000 0
DT   12.08071  0.01575 -0.34375 0
EL   12.08073  0.39844  0.00000 0
DT   12.10012  0.01575 -0.31250 0
EL   12.10014  0.39844  0.00000 0
DT   12.12032  0.01575 -0.27344 0
EL   12.12034  0.39844  0.00000 0
DT   12.14021  0.01575 -0.21875 0
EL   12.14023  0.39844  0.00000 0
DT   12.16041  0.01575 -0.17969 0
EL   12.16042  0.39844  0.00000 0
DT   12.18079  0.01575 -0.14844 0
EL   12.18081  0.39844  0.00000 0
DT   12.20111  0.01575 -0.14844 0
EL   12.20112  0.39844  0.00000 0
DT   12.22156  0.01575 -0.07031 0
EL   12.22163  0.39844  0.00000 0
DT   12.24116  0.01575 -0.01563 0
EL   12.24117  0.39844  0.00000 0
DT   12.26078  0.01575  0.00000 0
EL   12.26080  0.39844  0.00000 0
DT   12.28103  0.01575  0.01575 0
EL   12.28105  0.39844  0.00000 0
DT   12.29959  0.01575  0.01575 0
EL   12.29961  0.39844  0.00000 0
DT   12.31967  0.01575  0.01575 0
EL   12.31968  0.39844  0.00000 0
DT   12.34044  0.01575  0.01575 0
EL   12.34045  0.39844  0.00000 0
DT   12.35983  0.01575  0.01575 0
EL   12.35984  0.39844  0.00000 0
DT   12.37959  0.01575  0.01575 0
EL   12.37960  0.39844  0.00000 0
DT   12.40028  0.02362  0.01575 0
EL   12.40029  0.39844  0.00000 0
DT   12.42009  0.02362  0.01575 0
EL   12.42011  0.39844  0.00000 0
DT   12.44005  0.02362  0.01575 0
EL   12.44007  0.39844  0.00000 0
DT   12.45953  0.02362  0.01575 0
EL   12.45954  0.39844  0.00000 0
DT   12.47946  0.02362  0.01575 0
EL   12.47948  0.39844  0.00000 0
DT   12.50016  0.02362  0.01575 0
EL   12.50020  0.39844  0.00000 0
DT   12.51985  0.02362  0.01575 0
EL   12.51986  0.39844  0.00000 0
DT   12.53961  0.02362  0.01575 0
EL   12.53963  0.39844  0.00000 0
DT   12.56050  0.03150  0.01575 0
EL   12.56051  0.39844  0.00000 0
DT   12.58017  0.02362  0.01575 0
EL   12.58018  0.39844  0.00000 0
DT   12.60035  0.03150  0.01575 0
EL   12.60037  0.39844  0.00000 0
DT   12.61964  0.03150  0.01575 0
EL   12.61966  0.39844  0.00000 0
DT   12.63999  0.03150  0.01575 0
EL   12.64000  0.39844  0.00000 0
FB   12.65870  0.00000  0.00000 1
DT   12.66125  0.03150  0.01575 0
EL   12.66126  0.39844  0.00000 0
DT   12.67946  0.03150  0.01575 0
EL   12.67947  0.39844  0.00000 0
DT   12.69999  0.03150  0.01575 0
EL   12.70000  0.39844  0.00000 0
DT   12.72028  0.03150  0.01575 0
EL   12.72029  0.39844  0.00000 0
DT   12.74032  0.02362  0.01575 0
EL   12.74035  0.39844  0.00000 0
DT   12.75966  0.02362  0.01575 0
EL   12.75968  0.39844  0.00000 0
DT   12.78140  0.01575  0.00787 0
EL   12.78141  0.39844  0.00000 0
DT   12.80015  0.00787  0.00787 0
EL   12.80016  0.39844  0.00000 0
DT   12.82026 -0.00781  0.00787 0
EL   12.82027  0.39844  0.00000 0
DT   12.84076 -0.03906  0.01575 0
EL   12.84077  0.39844  0.00000 0
DT   12.86053 -0.04688  0.01575 0
EL   12.86055  0.39844  0.00000 0
DT   12.88111 -0.07031  0.00787 0
EL   12.88113  0.39844  0.00000 0
DT   12.90080 -0.09375  0.01575 0
EL   12.90082  0.39844  0.00000 0
DT   12.92025 -0.11719  0.01575 0
EL   12.92026  0.39844  0.00000 0
DT   12.94045 -0.13281  0.01575 0
EL   12.94046  0.39844  0.00000 0
DT   12.96068 -0.15625  0.01575 0
EL   12.96069  0.39844  0.00000 0
DT   12.98113 -0.17969  0.01575 0
EL   12.98115  0.39844  0.00000 0
DT   13.00127 -0.19531  0.01575 0
EL   13.00128  0.39844  0.00000 0
DT   13.02085 -0.21094  0.01575 0
EL   13.02086  0.39844  0.00000 0
DT   13.04140 -0.22656  0.00787 0
EL   13.04141  0.39844  0.00000 0
DT   13.06120 -0.23438  0.00000 0
EL   13.06122  0.39844  0.00000 0
DT   13.08037 -0.23438  0.00000 0
EL   13.08039  0.39844  0.00000 0
DT   13.10045 -0.23438 -0.00781 0
EL   13.10047  0.39844  0.00000 0
DT   13.12081 -0.22656 -0.01563 0
EL   13.12091  0.39844  0.00000 0
DT   13.14021 -0.22656 -0.03125 0
EL   13.14022  0.39844  0.00000 0
DT   13.16060 -0.21875 -0.03125 0
EL   13.16061  0.39844  0.00000 0
DT   13.18142 -0.20313 -0.03906 0
EL   13.18143  0.39844  0.00000 0
DT   13.20028 -0.18750 -0.03906 0
EL   13.20030  0.39844  0.00000 0
DT   13.22079 -0.16406 -0.03906 0
EL   13.22080  0.39844  0.00000 0
DT   13.24033 -0.13281 -0.03906 0
EL   13.24034  0.39844  0.00000 0
DT   13.26010 -0.10938 -0.03906 0
EL   13.26011  0.39844  0.00000 0
DT   13.28052 -0.07813 -0.03906 0
EL   13.28053  0.39844  0.00000 0
DT   13.30013 -0.07031 -0.03906 0
EL   13.30025  0.39844  0.00000 0
DT   13.32097 -0.04688 -0.03125 0
EL   13.32098  0.39844  0.00000 0
DT   13.33947 -0.04688 -0.03125 0
EL   13.33948  0.39844  0.00000 0
DT   13.36005 -0.03906 -0.03125 0
EL   13.36006  0.39844  0.00000 0
DT   13.37992 -0.03906 -0.03125 0
EL   13.37993  0.39844  0.00000 0
DT   13.39956 -0.03906 -0.03125 0
EL   13.39957  0.39844  0.00000 0
DT   13.41969 -0.03906 -0.03125 0
EL   13.41970  0.39844  0.00000 0
DT   13.44045 -0.03906 -0.02344 0
EL   13.44046  0.39844  0.00000 0
DT   13.46053 -0.03125 -0.02344 0
EL   13.46054  0.39844  0.00000 0
DT   13.48130 -0.02344 -0.01563 0
EL   13.48131  0.39844  0.00000 0
DT   13.49965 -0.02344 -0.01563 0
EL   13.49966  0.39844  0.00000 0
DT   13.52074 -0.01563 -0.00781 0
EL   13.52076  0.39844  0.00000 0
DT   13.53999 -0.01563 -0.00781 0
EL   13.54001  0.39844  0.00000 0
DT   13.56148 -0.01563  0.00000 0
EL   13.56149  0.39844  0.00000 0
DT   13.57968 -0.01563  0.00000 0
EL   13.57970  0.39844  0.00000 0
DT   13.59967 -0.01563  0.00000 0
EL   13.59968  0.39844  0.00000 0
DT   13.62030 -0.02344  0.00000 0
EL   13.62031  0.39844  0.00000 0
DT   13.64091 -0.04688  0.00000 0
EL   13.64093  0.39844  0.00000 0
DT   13.66093 -0.06250  0.00000 0
EL   13.66094  0.39844  0.00000 0
DT   13.68041 -0.10938  0.00000 0
EL   13.68050  0.39844  0.00000 0
DT   13.70056 -0.14063  0.00000 0
EL   13.70058  0.39844  0.00000 0
DT   13.72077 -0.20313  0.00000 0
EL   13.72079  0.39844  0.00000 0
DT   13.74110 -0.24219 -0.03125 0
EL   13.74111  0.39844  0.00000 0
DT   13.76132 -0.25781 -0.05469 0
EL   13.76133  0.39844  0.00000 0
DT   13.78162 -0.28125 -0.08594 0
EL   13.78164  0.32031  0.00000 0
DT   13.80131 -0.28906 -0.11719 0
EL   13.80132  0.22656  0.00000 0
DT   13.82203 -0.30469 -0.13281 0
EL   13.82204  0.15625  0.00000 0
DT   13.84110 -0.31250 -0.14844 0
EL   13.84112  0.07031  0.00000 0
DT   13.86065 -0.31250 -0.17188 0
EL   13.86067  0.00000  0.00000 0
DT   13.88115 -0.31250 -0.17969 0
DT   13.90049 -0.31250 -0.18750 0
DT   13.92056 -0.31250 -0.19531 0
DT   13.93982 -0.31250 -0.19531 0
DT   13.95953 -0.31250 -0.19531 0
DT   13.98089 -0.32031 -0.20313 0
DT   13.99949 -0.32031 -0.20313 0
DT   14.02073 -0.32813 -0.21094 0
DT   14.04134 -0.32031 -0.21875 0
DT   14.05958 -0.32031 -0.21875 0
DT   14.07956 -0.32031 -0.21875 0
DT   14.10045 -0.32031 -0.21875 0
DT   14.11998 -0.32031 -0.21875 0
DT   14.14072 -0.32031 -0.22656 0
DT   14.15968 -0.32031 -0.22656 0
DT   14.17969 -0.32031 -0.22656 0
DT   14.19962 -0.32031 -0.22656 0
DT   14.21983 -0.32031 -0.22656 0
DT   14.23958 -0.32031 -0.22656 0
DT   14.25972 -0.32031 -0.22656 0
DT   14.27982 -0.32031 -0.22656 0
DT   14.30038 -0.28906 -0.22656 0
DT   14.31986 -0.28906 -0.22656 0
DT   14.34082 -0.27344 -0.22656 0
DT   14.36038 -0.24219 -0.22656 0
DT   14.38066 -0.21094 -0.22656 0
DT   14.40038 -0.15625 -0.22656 0
DT   14.42529 -0.09375 -0.22656 0
DT   14.44149 -0.06250 -0.22656 0
DT   14.46193 -0.06250 -0.22656 0
DT   14.48613  0.00000 -0.22656 0
DT   14.50204  0.02362 -0.23438 0
DT   14.52105  0.01575 -0.23438 0
DT   14.53980  0.01575 -0.23438 0
DT   14.56027  0.02362 -0.23438 0
DT   14.57957  0.02362 -0.23438 0
DT   14.60007  0.02362 -0.23438 0
DT   14.61989  0.02362 -0.23438 0
DT   14.64096  0.03150 -0.24219 0
DT   14.65984  0.03150 -0.24219 0
DT   14.68027  0.03150 -0.25000 0
DT   14.70312  0.03150 -0.25000 0
DT   14.72004  0.03150 -0.25000 0
DT   14.74010  0.03150 -0.25000 0
DT   14.76128  0.03937 -0.25781 0
DT   14.77955  0.03937 -0.25781 0
DT   14.79958  0.03937 -0.25781 0
DT   14.81992  0.03937 -0.25781 0
DT   14.84018  0.04724 -0.25781 0
DT   14.86173  0.04724 -0.25781 0
DT   14.87972  0.04724 -0.25781 0
DT   14.89961  0.04724 -0.25781 0
DT   14.91978  0.04724 -0.25781 0
DT   14.94036  0.03937 -0.25781 0
DT   14.96065  0.03937 -0.25000 0
DT   14.98007  0.03937 -0.25000 0
DT   15.00050  0.03937 -0.24219 0
DT   15.02026  0.03937 -0.21875 0
DT   15.04069  0.03937 -0.17969 0
DT   15.06068  0.03937 -0.14844 0
DT   15.08019  0.03937 -0.10156 0
DT   15.10040  0.03937 -0.05469 0
DT   15.12176  0.03937 -0.05469 0
DT   15.14084  0.01575  0.01575 0
CA   15.15900  0.00000  0.00000 1
DT   15.16127  0.01575  0.02362 0
DT   15.18043  0.01575  0.01575 0
DT   15.20029  0.01575  0.01575 0
DT   15.22003  0.01575  0.01575 0
DT   15.24049  0.01575  0.01575 0
DT   15.26174  0.01575  0.01575 0
DT   15.28061  0.01575  0.00787 0
DT   15.29962  0.01575  0.00787 0
DT   15.31958  0.01575  0.00787 0
DT   15.33959  0.01575  0.00787 0
DT   15.35956  0.01575  0.00787 0
DT   15.38000  0.01575  0.00787 0
DT   15.39960  0.01575  0.00787 0
DT   15.41968  0.01575  0.00787 0
DT   15.44140  0.02362  0.01575 0
DT   15.46036  0.02362  0.00787 0
DT   15.47977  0.02362  0.00787 0
DT   15.50073  0.03150  0.01575 0
DT   15.51962  0.03150  0.01575 0
DT   15.53965  0.03150  0.01575 0
DT   15.56034  0.03150  0.02362 0
DT   15.58014  0.03150  0.05512 0
DT   15.60035  0.03150  0.08661 0
DT   15.62048  0.04724  0.13386 0
DT   15.64020  0.04724  0.14173 0
DT   15.66113  0.09449  0.17323 0
DT   15.68104  0.12598  0.18898 0
DT   15.70101  0.15748  0.21260 0
DT   15.72098  0.17323  0.22047 0
DT   15.74106  0.21260  0.22835 0
DT   15.76128  0.22835  0.24409 0
DT   15.78160  0.24409  0.26772 0
DT   15.80007  0.25197  0.26772 0
DT   15.82043  0.25197  0.27559 0
DT   15.84015  0.25197  0.28346 0
DT   15.86025  0.25197  0.29134 0
DT   15.88051  0.25197  0.29921 0
DT   15.89982  0.25197  0.29921 0
DT   15.92118  0.25984  0.29921 0
DT   15.94179  0.26772  0.30709 0
DT   15.96070  0.26772  0.31496 0
DT   15.98189  0.27559  0.32283 0
DT   16.00110  0.28346  0.33071 0
DT   16.02029  0.28346  0.33858 0
DT   16.03992  0.28346  0.33858 0
DT   16.06146  0.28346  0.33858 0
DT   16.07968  0.28346  0.33858 0
DT   16.09977  0.28346  0.33858 0
DT   16.11985  0.28346  0.33858 0
DT   16.13978  0.28346  0.33858 0
DT   16.15979  0.28346  0.33858 0
DT   16.17958  0.28346  0.33858 0
DT   16.19983  0.28346  0.33858 0
DT   16.21961  0.28346  0.33858 0
DT   16.24017  0.28346  0.33071 0
DT   16.25974  0.28346  0.33071 0
DT   16.28058  0.28346  0.33858 0
DT   16.29970  0.28346  0.33858 0
DT   16.32056  0.28346  0.33071 0
DT   16.33962  0.28346  0.33071 0
DT   16.36024  0.28346  0.33071 0
DT   16.38018  0.28346  0.33071 0
DT   16.39954  0.28346  0.33071 0
DT   16.41989  0.28346  0.33071 0
DT   16.43956  0.28346  0.33071 0
DT   16.45967  0.28346  0.33071 0
DT   16.47975  0.28346  0.33071 0
DT   16.50020  0.28346  0.31496 0
DT   16.52097  0.25197  0.30709 0
DT   16.54115  0.23622  0.29921 0
DT   16.56107  0.18898  0.28346 0
DT   16.58119  0.16535  0.27559 0
DT   16.60131  0.13386  0.22835 0
DT   16.62112  0.08661  0.19685 0
DT   16.64113  0.03937  0.14173 0
DT   16.66080  0.03937  0.10236 0
DT   16.68067  0.03937  0.02362 0
DT   16.70083  0.03937  0.01575 0
DT   16.71959  0.03937  0.01575 0
DT   16.73944  0.03937  0.01575 0
DT   16.75983  0.03937  0.01575 0
DT   16.78084  0.03937  0.00787 0
DT   16.79986  0.03937  0.00787 0
DT   16.82024  0.03937  0.00787 0
DT   16.83956  0.03937  0.00787 0
DT   16.85969  0.03937  0.00787 0
CA   16.87825  0.00000  0.00000 0
DT   16.88071  0.03937  0.00787 0
DT   16.89957  0.03937  0.00787 0
DT   16.91974  0.03937  0.00787 0
DT   16.93959  0.03937  0.00787 0
DT   16.95966  0.03937  0.00787 0
DT   16.97974  0.03937  0.00787 0
DT   16.99980  0.03937  0.00787 0
DT   17.01967  0.03937  0.00787 0
DT   17.04036  0.03937  0.00787 0
DT   17.05965  0.03937  0.00787 0
DT   17.07952  0.03937  0.00787 0
DT   17.09972  0.03937  0.00787 0
DT   17.11941  0.03937  0.00787 0
DT   17.13972  0.03937  0.00787 0
DT   17.16069  0.03937  0.00787 0
DT   17.18021  0.03937  0.01575 0
DT   17.20016  0.03937  0.01575 0
DT   17.21997  0.03937  0.01575 0
DT   17.24032  0.03937  0.01575 0
DT   17.26095  0.03937  0.00787 0
DT   17.27980  0.03937  0.00787 0
DT   17.30282  0.03937  0.00787 0
DT   17.32236  0.03937  0.00787 0
DT   17.33988  0.03937  0.00787 0
DT   17.36317  0.03937  0.00787 0
DT   17.38459  0.03937  0.01575 0
DT   17.40156  0.03937  0.00787 0
DT   17.42111  0.03937  0.01575 0
DT   17.44293  0.03937  0.01575 0
DT   17.46438  0.03937  0.00787 0
DT   17.48060  0.03937  0.01575 0
DT   17.49991  0.03937  0.01575 0
DT   17.51986  0.03937  0.01575 0
DT   17.53989  0.03937  0.01575 0
DT   17.55987  0.03937  0.01575 0
DT   17.58023  0.03937  0.01575 0
DT   17.60068  0.03937  0.01575 0
DT   17.61982  0.03937  0.01575 0
DT   17.64004  0.03937  0.01575 0
DT   17.66083  0.03150  0.01575 0
DT   17.68030  0.03150  0.01575 0
DT   17.70011  0.03150  0.01575 0
DT   17.72028  0.03150  0.01575 0
DT   17.73960  0.03150  0.01575 0
DT   17.75971  0.03150  0.01575 0
DT   17.78034  0.03150  0.01575 0
DT   17.80052  0.03150  0.01575 0
DT   17.82058  0.03150  0.01575 0
EL   17.82059 -0.06299  0.00000 0
DT   17.84063  0.03150  0.01575 0
EL   17.84064 -0.07087  0.00000 0
DT   17.86010  0.03150  0.01575 0
EL   17.86011 -0.07874  0.00000 0
DT   17.88112  0.03150  0.01575 0
EL   17.88113 -0.11024  0.00000 0
DT   17.90014  0.03150  0.01575 0
EL   17.90016 -0.14961  0.00000 0
DT   17.92004  0.03150  0.01575 0
EL   17.92005 -0.22835  0.00000 0
DT   17.94070  0.03150  0.01575 0
EL   17.94071 -0.29921  0.00000 0
DT   17.96106  0.03150  0.01575 0
EL   17.96108 -0.33858  0.00000 0
DT   17.98056  0.03150  0.01575 0
EL   17.98057 -0.37795  0.00000 0
DT   18.00103  0.03150  0.01575 0
EL   18.00104 -0.40157  0.00000 0
DT   18.02101  0.03150  0.00787 0
EL   18.02102 -0.41732  0.00000 0
DT   18.04074  0.03150  0.00787 0
EL   18.04075 -0.42520  0.00000 0
DT   18.06026  0.03150  0.00787 0
EL   18.06027 -0.42520  0.00000 0
DT   18.08043  0.03150  0.00787 0
EL   18.08045 -0.42520  0.00000 0
DT   18.10037  0.03150  0.00787 0
EL   18.10039 -0.42520  0.00000 0
DT   18.12026  0.03150  0.00787 0
EL   18.12028 -0.42520  0.00000 0
DT   18.13991  0.03150  0.00787 0
EL   18.13993 -0.42520  0.00000 0
DT   18.16159  0.03937  0.00787 0
EL   18.16161 -0.42520  0.00000 0
DT   18.17977  0.03937  0.00787 0
EL   18.17981 -0.42520  0.00000 0
DT   18.20044  0.03937  0.00787 0
EL   18.20045 -0.42520  0.00000 0
DT   18.22031  0.03937  0.00787 0
EL   18.22033 -0.42520  0.00000 0
DT   18.24041  0.03150  0.00787 0
EL   18.24042 -0.42520  0.00000 0
DT   18.26140  0.03937  0.00787 0
EL   18.26142 -0.43307  0.00000 0
DT   18.28234  0.03937  0.00787 0
EL   18.28235 -0.43307  0.00000 0
DT   18.29993  0.03937  0.00787 0
EL   18.29994 -0.43307  0.00000 0
DT   18.32005  0.03937  0.00787 0
EL   18.32006 -0.43307  0.00000 0
DT   18.33977  0.03937  0.00787 0
EL   18.33978 -0.43307  0.00000 0
DT   18.36003  0.03937  0.00787 0
EL   18.36004 -0.43307  0.00000 0
DT   18.38004  0.03937  0.00787 0
EL   18.38006 -0.43307  0.00000 0
DT   18.39981  0.03937  0.00787 0
EL   18.39983 -0.43307  0.00000 0
DT   18.42116  0.03150  0.00787 0
EL   18.42117 -0.43307  0.00000 0
DT   18.44084  0.03937  0.00787 0
EL   18.44085 -0.43307  0.00000 0
DT   18.46070  0.03937  0.00787 0
EL   18.46071 -0.43307  0.00000 0
DT   18.47993  0.03937  0.00787 0
EL   18.47995 -0.43307  0.00000 0
DT   18.50014  0.03937  0.00787 0
EL   18.50015 -0.43307  0.00000 0
DT   18.51957  0.03937  0.00787 0
EL   18.51958 -0.43307  0.00000 0
DT   18.53981  0.03937  0.00787 0
EL   18.53982 -0.43307  0.00000 0
DT   18.55998  0.03937  0.00787 0
EL   18.55999 -0.43307  0.00000 0
DT   18.57987  0.03937  0.00787 0
EL   18.57988 -0.43307  0.00000 0
DT   18.60017  0.03937  0.00787 0
EL   18.60019 -0.43307  0.00000 0
DT   18.62021  0.03937  0.00787 0
EL   18.62022 -0.43307  0.00000 0
DT   18.64006  0.03937  0.00787 0
EL   18.64008 -0.43307  0.00000 0
DT   18.66045  0.03937  0.00787 0
EL   18.66046 -0.43307  0.00000 0
DT   18.68085  0.03937  0.00787 0
EL   18.68087 -0.43307  0.00000 0
DT   18.69958  0.03937  0.00787 0
EL   18.69959 -0.43307  0.00000 0
DT   18.72019  0.03937  0.00787 0
EL   18.72020 -0.43307  0.00000 0
DT   18.73981  0.03937  0.00787 0
EL   18.73983 -0.43307  0.00000 0
DT   18.76034  0.03937  0.00787 0
EL   18.76035 -0.43307  0.00000 0
DT   18.78049  0.03937  0.00787 0
EL   18.78051 -0.43307  0.00000 0
DT   18.80012  0.03937  0.00787 0
EL   18.80013 -0.43307  0.00000 0
DT   18.81993  0.03937  0.00787 0
EL   18.81994 -0.43307  0.00000 0
DT   18.83999  0.03937  0.00787 0
EL   18.84000 -0.43307  0.00000 0
DT   18.86030  0.03937  0.00787 0
EL   18.86031 -0.43307  0.00000 0
DT   18.88060  0.03937  0.00787 0
EL   18.88062 -0.43307  0.00000 0
DT   18.90020  0.03937  0.00787 0
EL   18.90021 -0.43307  0.00000 0
DT   18.91988  0.03937  0.00787 0
EL   18.91990 -0.43307  0.00000 0
DT   18.94021  0.03937  0.00787 0
EL   18.94023 -0.43307  0.00000 0
DT   18.96001  0.03937  0.00787 0
EL   18.96003 -0.43307  0.00000 0
DT   18.97963  0.03937  0.00787 0
EL   18.97965 -0.43307  0.00000 0
DT   19.00042  0.03937  0.00787 0
EL   19.00043 -0.43307  0.00000 0
DT   19.01958  0.03937  0.00787 0
EL   19.01959 -0.43307  0.00000 0
DT   19.03985  0.03937  0.00787 0
EL   19.03986 -0.43307  0.00000 0
DT   19.05997  0.03937  0.00787 0
EL   19.05998 -0.43307  0.00000 0
DT   19.08147  0.03937  0.00787 0
EL   19.08148 -0.43307  0.00000 0
DT   19.09985  0.03937  0.00787 0
EL   19.09987 -0.43307  0.00000 0
DT   19.12033  0.03937  0.00787 0
EL   19.12035 -0.43307  0.00000 0
DT   19.14009  0.03937  0.00787 0
EL   19.14010 -0.43307  0.00000 0
DT   19.16069  0.03937  0.00787 0
EL   19.16070 -0.43307  0.00000 0
DT   19.17985  0.03937  0.00787 0
EL   19.17986 -0.43307  0.00000 0
DT   19.19982  0.03937  0.00787 0
EL   19.19983 -0.43307  0.00000 0
DT   19.22075  0.03937  0.00787 0
EL   19.22077 -0.44094  0.00000 0
DT   19.23993  0.03937  0.00787 0
EL   19.23995 -0.44094  0.00000 0
DT   19.26021  0.03937  0.00787 0
EL   19.26022 -0.44094  0.00000 0
DT   19.28011  0.03937  0.00787 0
EL   19.28012 -0.44094  0.00000 0
DT   19.30037  0.03937  0.00787 0
EL   19.30038 -0.44094  0.00000 0
DT   19.31992  0.03937  0.00787 0
EL   19.31993 -0.44094  0.00000 0
DT   19.34037  0.03937  0.00787 0
EL   19.34038 -0.44094  0.00000 0
DT   19.35997  0.03937  0.00787 0
EL   19.35999 -0.44094  0.00000 0
DT   19.38072  0.03150  0.00787 0
EL   19.38076 -0.44094  0.00000 0
DT   19.40106  0.03937  0.00787 0
EL   19.40107 -0.44094  0.00000 0
FB   19.41842  0.00000  0.00000 0
DT   19.42061  0.03937  0.00787 0
EL   19.42063 -0.44094  0.00000 0
DT   19.44067  0.03937  0.00787 0
EL   19.44068 -0.44882  0.00000 0
DT   19.46047  0.03937  0.00787 0
EL   19.46049 -0.44882  0.00000 0
DT   19.48155  0.03937  0.00787 0
EL   19.48157 -0.45669  0.00000 0
DT   19.50121  0.03937  0.00787 0
EL   19.50122 -0.46457  0.00000 0
DT   19.52147  0.03937  0.00787 0
EL   19.52148 -0.46457  0.00000 0
DT   19.54563  0.03937  0.00787 0
EL   19.54565 -0.46457  0.00000 0
DT   19.56018  0.03937  0.00787 0
EL   19.56020 -0.46457  0.00000 0
DT   19.57953  0.03937  0.00787 0
EL   19.57954 -0.46457  0.00000 0
DT   19.59956  0.03937  0.00787 0
EL   19.59958 -0.46457  0.00000 0
DT   19.61958  0.03937  0.00787 0
EL   19.61960 -0.46457  0.00000 0
DT   19.63972  0.03937  0.00787 0
EL   19.63974 -0.46457  0.00000 0
DT   19.66045  0.03937  0.00787 0
EL   19.66046 -0.40157  0.00000 0
DT   19.67985  0.03937  0.00787 0
EL   19.67987 -0.39370  0.00000 0
DT   19.69957  0.03937  0.00787 0
EL   19.69958 -0.39370  0.00000 0
DT   19.72036  0.03937  0.00787 0
EL   19.72038 -0.39370  0.00000 0
DT   19.74005  0.03937  0.00787 0
EL   19.74007 -0.39370  0.00000 0
DT   19.76013  0.03937  0.00787 0
EL   19.76014 -0.39370  0.00000 0
DT   19.77987  0.03937  0.00787 0
EL   19.77994 -0.39370  0.00000 0
DT   19.79960  0.03937  0.00787 0
EL   19.79962 -0.39370  0.00000 0
DT   19.81947  0.03937  0.00787 0
EL   19.81948 -0.39370  0.00000 0
DT   19.83995  0.03937  0.00787 0
EL   19.83996 -0.39370  0.00000 0
DT   19.86001  0.03937  0.00787 0
EL   19.86002 -0.39370  0.00000 0
DT   19.87956  0.03937  0.00787 0
EL   19.87957 -0.39370  0.00000 0
DT   19.89954  0.03937  0.00787 0
EL   19.89956 -0.39370  0.00000 0
DT   19.91960  0.03937  0.00787 0
EL   19.91961 -0.39370  0.00000 0
DT   19.94010  0.03937  0.00787 0
EL   19.94011 -0.39370  0.00000 0
DT   19.95999  0.03937  0.00787 0
EL   19.96001 -0.39370  0.00000 0
DT   19.98001  0.03937  0.00787 0
EL   19.98002 -0.39370  0.00000 0
DT   20.00033  0.03937  0.00787 0
EL   20.00034 -0.39370  0.00000 0
DT   20.02010  0.03937  0.00787 0
EL   20.02012 -0.39370  0.00000 0
DT   20.03991  0.03937  0.00787 0
EL   20.03993 -0.39370  0.00000 0
DT   20.06062  0.03937  0.00787 0
EL   20.06063 -0.37795  0.00000 0
DT   20.07988  0.03937  0.00787 0
EL   20.07990 -0.29134  0.00000 0
DT   20.10070  0.03150  0.00787 0
EL   20.10072 -0.19685  0.00000 0
DT   20.12065  0.02362  0.00787 0
EL   20.12066 -0.07087  0.00000 0
DT   20.13993  0.02362  0.00787 0
EL   20.13995  0.00000  0.00000 0
DT   20.16044  0.02362  0.00787 0
DT   20.17982  0.02362  0.00787 0
DT   20.20030  0.02362  0.00000 0
DT   20.22064  0.02362  0.00000 0
DT   20.24041  0.02362  0.00787 0
DT   20.25955  0.02362  0.00787 0
DT   20.27997  0.02362  0.00787 0
DT   20.29954  0.02362  0.00787 0
DT   20.31957  0.02362  0.00787 0
DT   20.34076  0.02362  0.00000 0
DT   20.35964  0.02362  0.00000 0
DT   20.37990  0.02362  0.00000 0
DT   20.39977  0.02362  0.00000 0
DT   20.42019  0.01575  0.00000 0
DT   20.44104  0.02362  0.00787 0
DT   20.45985  0.02362  0.00787 0
DT   20.47977  0.02362  0.00787 0
DT   20.50026  0.02362  0.00787 0
DT   20.52095  0.01575  0.00000 0
DT   20.53955  0.01575  0.00000 0
DT   20.56081  0.02362  0.00000 0
DT   20.58018  0.01575  0.00000 0
DT   20.59967  0.01575  0.00000 0
DT   20.61952  0.01575  0.00000 0
DT   20.63944  0.01575  0.00000 0
DT   20.66008  0.01575  0.00000 0
DT   20.68035  0.01575  0.00000 0
DT   20.70018  0.01575  0.00000 0
DT   20.72082  0.01575  0.00000 0
DT   20.73996  0.01575  0.00000 0
DT   20.75992  0.01575  0.00000 0
DT   20.78079  0.01575  0.00000 0
DT   20.79961  0.01575  0.00000 0
DT   20.81953  0.01575  0.00000 0
DT   20.83969  0.01575  0.00000 0
DT   20.85967  0.01575  0.00000 0
DT   20.87964  0.01575  0.00000 0
DT   20.89997  0.01575  0.00000 0
DT   20.91985  0.01575  0.00000 0
DT   20.94027  0.01575  0.00000 0
DT   20.95955  0.01575  0.00000 0
DT   20.98029  0.01575  0.00000 0
DT   20.99977  0.01575  0.00000 0
DT   21.01954  0.01575  0.00000 0
DT   21.03998  0.01575  0.00000 0
DT   21.06018  0.01575  0.00000 0
DT   21.07961  0.01575  0.00000 0
DT   21.09970  0.01575  0.00000 0
DT   21.11961  0.01575  0.00000 0
DT   21.13979  0.01575  0.00000 0
DT   21.15999  0.01575  0.00000 0
DT   21.18007  0.01575  0.00000 0
DT   21.19955  0.01575  0.00000 0
DT   21.21979  0.01575  0.00000 0
DT   21.23951  0.01575  0.00000 0
DT   21.25970  0.01575  0.00000 0
DT   21.27966  0.01575  0.00000 0
DT   21.29958  0.01575  0.00000 0
DT   21.31974  0.01575  0.00000 0
DT   21.33970  0.01575  0.00000 0
DT   21.35956  0.01575  0.00000 0
DT   21.37991  0.01575  0.00000 0
DT   21.39982  0.01575  0.00000 0
DT   21.42051  0.02362  0.00000 0
DT   21.44130  0.01575  0.00000 0
DT   21.45977  0.01575  0.00000 0
DT   21.47974  0.01575  0.00000 0
DT   21.50032  0.01575  0.00000 0
DT   21.51968  0.01575  0.00000 0
DT   21.53953  0.01575  0.00000 0
DT   21.55983  0.01575  0.00000 0
DT   21.57958  0.01575  0.00000 0
DT   21.59999  0.01575  0.00000 0
DT   21.61987  0.01575  0.00000 0
DT   21.63991  0.01575  0.00000 0
DT   21.65977  0.01575  0.00000 0
DT   21.67954  0.01575  0.00000 0
DT   21.69974  0.01575  0.00000 0
DT   21.71989  0.01575  0.00000 0
DT   21.73951  0.01575  0.00000 0
DT   21.75947  0.01575  0.00000 0
DT   21.77990  0.01575  0.00000 0
EL   23.21162  0.00000  0.00000 1
XX 9999.00000 999.00000 999.00000 0
