DT    0.00013 -0.07031 -0.01563 0
DT    0.01831 -0.07813 -0.01563 0
DT    0.03745 -0.07813 -0.01563 0
DT    0.05896 -0.09375 -0.02344 0
DT    0.08035 -0.13281 -0.04688 0
DT    0.10006 -0.14063 -0.07813 0
DT    0.11964 -0.18750 -0.08594 0
DT    0.13986 -0.21875 -0.10938 0
DT    0.16011 -0.23438 -0.12500 0
DT    0.17954 -0.25781 -0.14063 0
DT    0.19991 -0.27344 -0.16406 0
DT    0.22014 -0.31250 -0.20313 0
DT    0.24016 -0.32031 -0.23438 0
DT    0.26101 -0.35156 -0.27344 0
DT    0.27957 -0.38281 -0.28906 0
DT    0.30020 -0.42188 -0.32813 0
DT    0.32012 -0.45313 -0.35156 0
DT    0.33864 -0.46875 -0.35938 0
DT    0.35928 -0.48438 -0.37500 0
DT    0.38009 -0.49219 -0.38281 0
DT    0.39761 -0.49219 -0.39063 0
DT    0.41894 -0.49219 -0.40625 0
DT    0.43893 -0.50000 -0.41406 0
DT    0.45964 -0.50781 -0.42969 0
DT    0.48004 -0.51563 -0.44531 0
DT    0.49952 -0.52344 -0.46875 0
DT    0.51827 -0.52344 -0.47656 0
DT    0.53951 -0.53125 -0.50000 0
DT    0.56027 -0.53906 -0.50781 0
DT    0.57926 -0.54688 -0.51563 0
DT    0.60031 -0.55469 -0.52344 0
DT    0.61817 -0.55469 -0.53125 0
DT    0.63925 -0.56250 -0.53125 0
DT    0.65706 -0.56250 -0.53125 0
DT    0.67698 -0.56250 -0.53125 0
DT    0.69874 -0.56250 -0.53906 0
DT    0.71679 -0.56250 -0.53906 0
DT    0.73835 -0.56250 -0.54688 0
DT    0.75751 -0.56250 -0.54688 0
DT    0.77994 -0.55469 -0.55469 0
DT    0.79912 -0.55469 -0.56250 0
DT    0.81920 -0.55469 -0.57813 0
DT    0.83791 -0.55469 -0.58594 0
DT    0.85697 -0.55469 -0.58594 0
DT    0.87716 -0.55469 -0.58594 0
DT    0.89828 -0.55469 -0.58594 0
DT    0.91747 -0.55469 -0.58594 0
DT    0.93828 -0.56250 -0.58594 0
DT    0.95716 -0.56250 -0.58594 0
DT    0.97761 -0.56250 -0.58594 0
DT    0.99660 -0.56250 -0.58594 0
DT    1.01676 -0.56250 -0.58594 0
DT    1.03691 -0.56250 -0.58594 0
DT    1.05697 -0.56250 -0.58594 0
DT    1.07683 -0.56250 -0.58594 0
DT    1.09745 -0.56250 -0.58594 0
DT    1.11698 -0.56250 -0.58594 0
DT    1.13691 -0.56250 -0.58594 0
DT    1.15691 -0.56250 -0.58594 0
DT    1.17821 -0.56250 -0.59375 0
DT    1.19853 -0.56250 -0.58594 0
DT    1.21681 -0.56250 -0.58594 0
DT    1.23654 -0.56250 -0.58594 0
DT    1.25734 -0.56250 -0.58594 0
DT    1.27739 -0.56250 -0.58594 0
DT    1.29739 -0.56250 -0.58594 0
DT    1.31727 -0.56250 -0.58594 0
DT    1.33831 -0.57031 -0.58594 0
DT    1.35849 -0.57813 -0.58594 0
DT    1.37731 -0.57813 -0.58594 0
DT    1.39759 -0.58594 -0.58594 0
DT    1.41933 -0.59375 -0.57813 0
DT    1.43882 -0.60156 -0.57813 0
DT    1.45888 -0.60156 -0.57031 0
DT    1.47960 -0.59375 -0.57031 0
DT    1.49925 -0.59375 -0.56250 0
DT    1.51793 -0.59375 -0.56250 0
DT    1.53919 -0.59375 -0.55469 0
DT    1.55700 -0.59375 -0.55469 0
DT    1.57781 -0.59375 -0.55469 0
DT    1.59724 -0.59375 -0.55469 0
DT    1.61950 -0.59375 -0.54688 0
DT    1.63782 -0.59375 -0.54688 0
DT    1.65893 -0.59375 -0.53906 0
DT    1.67804 -0.59375 -0.53906 0
DT    1.69785 -0.59375 -0.53906 0
DT    1.71686 -0.59375 -0.53906 0
DT    1.73709 -0.59375 -0.53906 0
DT    1.75740 -0.59375 -0.53906 0
DT    1.77746 -0.59375 -0.53906 0
DT    1.79969 -0.59375 -0.53125 0
DT    1.81769 -0.59375 -0.53125 0
DT    1.83885 -0.59375 -0.52344 0
DT    1.85727 -0.59375 -0.52344 0
DT    1.87683 -0.59375 -0.52344 0
DT    1.89716 -0.59375 -0.52344 0
DT    1.91771 -0.59375 -0.52344 0
DT    1.93805 -0.59375 -0.52344 0
DT    1.95723 -0.59375 -0.52344 0
DT    1.97829 -0.59375 -0.52344 0
DT    1.99705 -0.59375 -0.52344 0
DT    2.0      0.0      0.0     0
XX 9999.00000 999.00000 999.00000 0
